0 0.71484375 0.255126953125 0.025390625 0.0224609375
0 0.4111328125 0.57568359375 0.046875 0.04052734375
0 0.71484375 0.328125 0.018880208333333332 0.01611328125
0 0.5029296875 0.3408203125 0.051432291666666664 0.03955078125
0 0.5830078125 0.187744140625 0.040364583333333336 0.0322265625
0 0.4065755208333333 0.147705078125 0.033203125 0.02783203125
0 0.5677083333333334 0.478515625 0.029296875 0.0263671875
0 0.3216145833333333 0.294189453125 0.061848958333333336 0.0400390625
0 0.4847005208333333 0.632080078125 0.031901041666666664 0.02978515625
0 0.5940755208333334 0.523193359375 0.030598958333333332 0.0302734375
0 0.4593098958333333 0.572509765625 0.022135416666666668 0.01708984375
0 0.6852213541666666 0.13623046875 0.030598958333333332 0.02880859375
0 0.6751302083333334 0.296142578125 0.05078125 0.03955078125
0 0.5817057291666666 0.7216796875 0.03125 0.02734375
0 0.2991536458333333 0.167236328125 0.025390625 0.01611328125
0 0.5563151041666666 0.292236328125 0.040364583333333336 0.03857421875
0 0.3190104166666667 0.430908203125 0.01953125 0.013671875
0 0.4915364583333333 0.09228515625 0.02734375 0.0166015625
0 0.3408203125 0.65087890625 0.032552083333333336 0.02978515625
0 0.4720052083333333 0.13623046875 0.016276041666666668 0.01416015625
0 0.4524739583333333 0.389404296875 0.024088541666666668 0.01171875
0 0.3971354166666667 0.62451171875 0.0234375 0.021484375
0 0.7164713541666666 0.2880859375 0.02734375 0.01953125
0 0.42578125 0.047607421875 0.020182291666666668 0.0107421875
0 0.2392578125 0.192626953125 0.017578125 0.01220703125
0 0.6110026041666666 0.632568359375 0.043619791666666664 0.0302734375
0 0.3818359375 0.64794921875 0.031901041666666664 0.029296875
0 0.4456380208333333 0.3525390625 0.014322916666666666 0.01025390625
0 0.7141927083333334 0.12939453125 0.024088541666666668 0.02099609375
0 0.5198567708333334 0.3037109375 0.024088541666666668 0.01416015625
0 0.7027994791666666 0.55859375 0.036458333333333336 0.02587890625
0 0.431640625 0.326416015625 0.017578125 0.0126953125
0 0.3284505208333333 0.0361328125 0.018229166666666668 0.0126953125
0 0.6448567708333334 0.35498046875 0.018880208333333332 0.015625
0 0.2815755208333333 0.456787109375 0.0234375 0.01611328125
0 0.5953776041666666 0.658935546875 0.013671875 0.013671875
0 0.6910807291666666 0.627197265625 0.026692708333333332 0.0126953125
0 0.2545572916666667 0.7255859375 0.015625 0.0185546875
0 0.421875 0.536376953125 0.034505208333333336 0.0234375
0 0.6396484375 0.033447265625 0.03515625 0.01611328125
0 0.4104817708333333 0.259033203125 0.014973958333333334 0.00927734375
0 0.24381510416666666 0.41015625 0.014322916666666666 0.01318359375
0 0.6780598958333334 0.56005859375 0.01171875 0.01318359375
0 0.6292317708333334 0.720703125 0.013020833333333334 0.01025390625
0 0.2516276041666667 0.453857421875 0.013020833333333334 0.013671875
0 0.7112630208333334 0.660400390625 0.014322916666666666 0.0107421875
0 0.2571614583333333 0.38330078125 0.021484375 0.01513671875
0 0.701171875 0.224365234375 0.013020833333333334 0.01171875
0 0.24772135416666666 0.23046875 0.014322916666666666 0.013671875
0 0.646484375 0.703125 0.016927083333333332 0.00830078125
0 0.6676432291666666 0.05419921875 0.018229166666666668 0.01220703125
0 0.5325520833333334 0.67626953125 0.01171875 0.0126953125
0 0.7330729166666666 0.128173828125 0.012369791666666666 0.01513671875
0 0.2526041666666667 0.478759765625 0.01171875 0.01611328125
0 0.5638020833333334 0.158203125 0.014322916666666666 0.01171875
0 0.3720703125 0.740234375 0.0234375 0.0146484375
0 0.4729817708333333 0.673828125 0.01171875 0.009765625
0 0.5182291666666666 0.609130859375 0.011067708333333334 0.01513671875
0 0.3193359375 0.642578125 0.013020833333333334 0.00927734375
0 0.5481770833333334 0.579345703125 0.020182291666666668 0.009765625
0 0.6292317708333334 0.53076171875 0.012369791666666666 0.00927734375
0 0.681640625 0.4296875 0.016927083333333332 0.01171875
0 0.6598307291666666 0.34912109375 0.01953125 0.0146484375
0 0.7112630208333334 0.37939453125 0.011067708333333334 0.00830078125
0 0.6962890625 0.288330078125 0.015625 0.00830078125
0 0.6520182291666666 0.271484375 0.033203125 0.01513671875
0 0.7236328125 0.28125 0.014973958333333334 0.005859375
0 0.3863932291666667 0.160888671875 0.014973958333333334 0.01025390625
0 0.3245442708333333 0.265625 0.013020833333333334 0.009765625
0 0.2991536458333333 0.272216796875 0.020182291666666668 0.01025390625
0 0.3518880208333333 0.353271484375 0.020182291666666668 0.0107421875
0 0.3968098958333333 0.33447265625 0.015625 0.01025390625
0 0.4208984375 0.316162109375 0.016927083333333332 0.01220703125
0 0.3860677083333333 0.3896484375 0.011067708333333334 0.0087890625
0 0.4254557291666667 0.527099609375 0.018229166666666668 0.0087890625
0 0.5354817708333334 0.527587890625 0.013671875 0.0107421875
0 0.6223958333333334 0.595947265625 0.017578125 0.01123046875
0 0.2727864583333333 0.662353515625 0.016927083333333332 0.0107421875