0 0.30968915343915343 0.4773065476190476 0.043320105820105814 0.04092261904761907
0 0.3637566137566137 0.22209821428571427 0.023809523809523874 0.019593253968253954
0 0.45287698412698413 0.4729662698412698 0.04133597883597876 0.028273809523809534
0 0.4801587301587302 0.3751240079365079 0.01851851851851845 0.01909722222222221
0 0.44262566137566134 0.4185267857142857 0.04530423280423287 0.039434523809523836
0 0.29728835978835977 0.44084821428571425 0.04695767195767194 0.02852182539682535
0 0.3187830687830688 0.6323164682539683 0.04960317460317457 0.0379464285714286
0 0.42658730158730157 0.623015873015873 0.0661375661375662 0.044642857142857206
0 0.5016534391534392 0.6551339285714285 0.04629629629629628 0.0379464285714286
0 0.6526124338624338 0.652157738095238 0.041335978835978913 0.03546626984126977
0 0.41038359788359785 0.3804563492063492 0.04034391534391535 0.030753968253968256
0 0.2448743386243386 0.7712053571428571 0.03736772486772488 0.03397817460317465
0 0.3563161375661375 0.8139880952380952 0.04530423280423287 0.04166666666666674
0 0.523313492063492 0.4079861111111111 0.034722222222222175 0.029265873015873023
0 0.5036375661375662 0.3489583333333333 0.016534391534391474 0.015873015873015928
0 0.24305555555555555 0.41567460317460314 0.020502645502645505 0.019841269841269882
0 0.417824074074074 0.46490575396825395 0.018849206349206355 0.020585317460317443
0 0.6048280423280423 0.34883432539682535 0.02777777777777783 0.024553571428571397
0 0.35085978835978837 0.656125992063492 0.019179894179894113 0.01661706349206349
0 0.44576719576719576 0.3454861111111111 0.023809523809523874 0.015376984126984072
0 0.3546626984126984 0.27740575396825395 0.020833333333333332 0.015625
0 0.42741402116402116 0.8382936507936507 0.026785714285714263 0.01984126984126977
0 0.29150132275132273 0.9671378968253967 0.027447089947089925 0.02604166666666674
0 0.42096560846560843 0.2371031746031746 0.023148148148148213 0.019841269841269826
0 0.6119378306878306 0.5698164682539683 0.020833333333333332 0.013144841269841168
0 0.2630621693121693 0.8458581349206349 0.02347883597883597 0.017113095238095344
0 0.6142526455026455 0.6279761904761905 0.024801587301587286 0.01835317460317465
0 0.5378637566137566 0.2693452380952381 0.0327380952380952 0.038690476190476164
0 0.580191798941799 0.8319692460317459 0.021494708994708994 0.02256944444444442
0 0.36441798941798936 0.34672619047619047 0.017857142857142794 0.013392857142857095
0 0.24322089947089945 0.2848462301587301 0.018187830687830697 0.013144841269841279
0 0.3354828042328042 0.24243551587301587 0.026785714285714263 0.019593253968253954
0 0.4618055555555555 0.31138392857142855 0.020171957671957674 0.01661706349206349
0 0.49206349206349204 0.5855654761904762 0.017195767195767136 0.01388888888888884
0 0.41352513227513227 0.21155753968253968 0.012896825396825426 0.012896825396825407
0 0.449074074074074 0.749875992063492 0.02050264550264543 0.018105158730158832
0 0.3349867724867725 0.39533730158730157 0.01851851851851845 0.015376984126984072
0 0.6149140211640212 0.6805555555555555 0.021494708994708994 0.01835317460317465
0 0.3614417989417989 0.501984126984127 0.017857142857142794 0.015376984126984183
0 0.6521164021164021 0.27492559523809523 0.017195767195767136 0.01661706349206349
0 0.20949074074074073 0.4921875 0.01554232804232806 0.015128968253968256
0 0.40558862433862436 0.19766865079365079 0.014219576719576743 0.013888888888888895
0 0.5911044973544973 0.4760664682539682 0.020833333333333332 0.01810515873015872
0 0.66005291005291 0.5845734126984127 0.015211640211640157 0.014880952380952328
0 0.25595238095238093 0.8049355158730158 0.018518518518518528 0.010664682539682557
0 0.648313492063492 0.5648561507936508 0.011574074074074106 0.014136904761904656
0 0.3978174603174603 0.9609375 0.030423280423280463 0.017609126984126977
0 0.2789351851851852 0.8606150793650793 0.020833333333333332 0.014880952380952328
0 0.6926256613756614 0.5710565476190476 0.01554232804232806 0.015128968253968145
0 0.43733465608465605 0.2560763888888889 0.018187830687830697 0.017113095238095233
0 0.5730820105820106 0.2687251984126984 0.02777777777777783 0.03199404761904767
0 0.41071428571428564 0.697296626984127 0.01388888888888884 0.013144841269841168
0 0.5568783068783069 0.7571924603174602 0.0145502645502645 0.018849206349206282
0 0.6415343915343915 0.31398809523809523 0.015211640211640157 0.012896825396825351
0 0.6722883597883597 0.808655753968254 0.015873015873015817 0.016121031746031633
0 0.7104828042328042 0.593625992063492 0.01620370370370357 0.014136904761904656
0 0.4715013227513227 0.22693204365079364 0.019646164021164036 0.014064980158730145
0 0.4159887566137566 0.2825223214285714 0.011610449735449743 0.01004712301587296
0 0.2933498677248677 0.2512673611111111 0.01696759259259258 0.010493551587301586
0 0.6755522486772486 0.3849925595238095 0.05030423280423276 0.028353174603174547
0 0.5855092592592592 0.437234623015873 0.044649470899470835 0.020314980158730123
0 0.5286541005291006 0.4600049603174603 0.021431878306878243 0.01361855158730163
0 0.6350694444444444 0.4692708333333333 0.02113425925925923 0.013395337301587262
0 0.6669179894179894 0.4573263888888889 0.01280092592592593 0.011832837301587351
0 0.3713392857142857 0.42808035714285714 0.024110449735449773 0.015850694444444424
0 0.3749041005291005 0.8702232142857141 0.03144841269841262 0.01800099206349204
0 0.7100826719576719 0.8047395833333333 0.023171296296296145 0.015518353174603261
0 0.5123048941798941 0.5898338293650793 0.013571428571428642 0.019206349206349227
0 0.7116666666666666 0.35436259920634916 0.024583333333333474 0.021894841269841314
0 0.436630291005291 0.43685515873015873 0.02304894179894183 0.021319444444444446
0 0.41755291005291006 0.5147371031746032 0.013058862433862414 0.013444940476190492
0 0.35314484126984125 0.6872123015873016 0.025095899470899408 0.011140873015873076
0 0.5819609788359787 0.6160515873015873 0.018693783068783 0.014789186507936591
0 0.5612169312169312 0.3681894841269841 0.018693783068783 0.0122916666666667