0 0.5166015625 0.544921875 0.046223958333333336 0.0361328125
0 0.5325520833333334 0.447265625 0.041015625 0.03173828125
0 0.0927734375 0.49072265625 0.053385416666666664 0.0361328125
0 0.6416015625 0.45703125 0.04296875 0.03515625
0 0.9296875 0.458984375 0.057291666666666664 0.04052734375
0 0.8424479166666666 0.5400390625 0.034505208333333336 0.02197265625
0 0.9348958333333334 0.373779296875 0.028645833333333332 0.02392578125
0 0.8626302083333334 0.58642578125 0.026041666666666668 0.0146484375
0 0.7578125 0.489990234375 0.056640625 0.04443359375
0 0.8460286458333334 0.615234375 0.03515625 0.01904296875
0 0.6572265625 0.519775390625 0.051432291666666664 0.02978515625
0 0.7838541666666666 0.449951171875 0.052083333333333336 0.03857421875
0 0.2561848958333333 0.684814453125 0.046223958333333336 0.02734375
0 0.201171875 0.3876953125 0.035807291666666664 0.0283203125
0 0.2939453125 0.479248046875 0.042317708333333336 0.0185546875
0 0.716796875 0.599853515625 0.06770833333333333 0.04443359375
0 0.6087239583333334 0.669921875 0.044921875 0.033203125
0 0.5149739583333334 0.599365234375 0.08072916666666667 0.05859375
0 0.14127604166666666 0.5537109375 0.027994791666666668 0.02392578125
0 0.8043619791666666 0.533203125 0.022135416666666668 0.0146484375
0 0.7991536458333334 0.556640625 0.048828125 0.0361328125
0 0.5690104166666666 0.442626953125 0.037760416666666664 0.029296875
0 0.31640625 0.552490234375 0.0234375 0.01220703125
0 0.4111328125 0.55712890625 0.052083333333333336 0.033203125
0 0.6393229166666666 0.563720703125 0.018229166666666668 0.01123046875
0 0.4619140625 0.400146484375 0.016276041666666668 0.009765625
0 0.5559895833333334 0.521240234375 0.056640625 0.03369140625
0 0.044596354166666664 0.483154296875 0.030598958333333332 0.01953125
0 0.9469401041666666 0.642333984375 0.012369791666666666 0.01025390625
0 0.9026692708333334 0.442626953125 0.024739583333333332 0.01416015625
0 0.8795572916666666 0.523193359375 0.012369791666666666 0.01025390625
0 0.9384765625 0.58154296875 0.007161458333333333 0.0087890625
0 0.697265625 0.52685546875 0.016927083333333332 0.01611328125
0 0.6409505208333334 0.60009765625 0.013671875 0.009765625
0 0.2926432291666667 0.350341796875 0.012369791666666666 0.0126953125
0 0.2620442708333333 0.34033203125 0.016276041666666668 0.013671875
0 0.3623046875 0.4208984375 0.017578125 0.01416015625
0 0.3805338541666667 0.501708984375 0.020833333333333332 0.01220703125
0 0.029296875 0.37548828125 0.032552083333333336 0.025390625
0 0.023111979166666668 0.432373046875 0.046223958333333336 0.03564453125
0 0.038411458333333336 0.65625 0.016927083333333332 0.009765625
0 0.056966145833333336 0.702880859375 0.013020833333333334 0.0107421875
0 0.6162109375 0.642333984375 0.020182291666666668 0.0146484375