0 0.36302331349206346 0.3652380952380952 0.023452380952381002 0.030330687830687857
0 0.6515302579365079 0.8385747354497354 0.02635416666666668 0.029599867724867817
0 0.8896031746031746 0.6641600529100529 0.029794146825396828 0.03263888888888896
0 0.5853298611111111 0.7942989417989418 0.023410218253968162 0.027791005291005238
0 0.6516046626984127 0.7263293650793651 0.026723710317460236 0.027040343915344007
0 0.41011408730158727 0.7574900793650793 0.024340277777777808 0.03699404761904764
0 0.5963492063492063 0.7203968253968253 0.018301091269841363 0.022731481481481335
0 0.7980406746031745 0.369890873015873 0.019107142857142767 0.02013227513227515
0 0.6473809523809523 0.40306547619047617 0.022105654761904736 0.025582010582010522
0 0.7422718253968253 0.8583300264550265 0.029536210317460343 0.02870370370370375
0 0.399563492063492 0.5492824074074073 0.03417658730158735 0.040347222222222236
0 0.49300595238095235 0.42554894179894176 0.014828869047619042 0.01655423280423281
0 0.9492683531746031 0.6471527777777778 0.01656746031746037 0.02120701058201065
0 0.5537003968253968 0.642526455026455 0.014903273809523832 0.020228174603174647
0 0.5518774801587302 0.48263227513227513 0.013645833333333357 0.016964285714285765
0 0.6784325396825397 0.558260582010582 0.01529761904761906 0.019484126984127048
0 0.09345238095238095 0.4249371693121693 0.014350198412698412 0.024537037037037024
0 0.5429737103174603 0.3450661375661375 0.02611607142857153 0.03915343915343916
0 0.42142609126984126 0.3526719576719577 0.014925595238095224 0.022212301587301624
0 0.030858134920634918 0.8848842592592591 0.02087549603174603 0.019818121693121842
0 0.764985119047619 0.4194246031746031 0.020540674603174658 0.016904761904761905
0 0.8005853174603175 0.38679563492063496 0.018945932539682575 0.021769179894179924
0 0.23632192460317458 0.7318816137566136 0.04598214285714286 0.04443452380952392
0 0.8659374999999999 0.3192361111111111 0.017872023809523796 0.022579365079365088
0 0.7367931547619048 0.8279464285714285 0.03637896825396836 0.03887896825396838
0 0.7532713293650793 0.5687896825396824 0.048139880952380976 0.04756944444444441
0 0.09116815476190475 0.31244708994709 0.03890128968253967 0.04819444444444443
0 0.8404117063492063 0.7733597883597882 0.057770337301587205 0.06394179894179904
0 0.8977455357142857 0.47174603174603175 0.04990575396825392 0.054745370370370416
0 0.6855877976190475 0.3542460317460317 0.03836805555555545 0.050132275132275105
0 0.03062003968253968 0.5449338624338624 0.02603670634920635 0.027371031746031765
0 0.7815054563492063 0.8819907407407407 0.03389632936507936 0.027800925925925906
0 0.7247693452380952 0.4564186507936508 0.02049603174603165 0.01977843915343917
0 0.7832688492063491 0.797390873015873 0.013965773809523796 0.013859126984126982
0 0.8188963293650793 0.4173445767195767 0.04294394841269833 0.04520171957671959
0 0.8339459325396824 0.48710648148148145 0.049327876984126995 0.07068452380952388
0 0.4312673611111111 0.29895171957671957 0.016274801587301546 0.019517195767195794
0 0.5617435515873015 0.720919312169312 0.020223214285714386 0.026342592592592712
0 0.7173462301587301 0.7681812169312169 0.03812748015873013 0.03793981481481475
0 0.8159747023809524 0.37432208994709 0.014861111111111214 0.021640211640211682
0 0.8473139880952381 0.3492989417989418 0.018861607142857117 0.027986111111111118
0 0.7449131944444444 0.35234788359788355 0.011049107142857117 0.017824074074074048
0 0.7448164682539682 0.4356746031746031 0.021148313492063586 0.011240079365079314
0 0.8935143849206348 0.30661044973544976 0.015622519841269833 0.015257936507936535
0 0.8559821428571428 0.5431216931216931 0.020957341269841168 0.024950396825396865
0 0.881892361111111 0.510595238095238 0.021336805555555616 0.02035714285714289
0 0.8600793650793651 0.5140277777777778 0.021527777777777812 0.016547619047619033
0 0.9333308531746032 0.8545601851851852 0.019052579365079314 0.020902777777777715
0 0.8677008928571428 0.876792328042328 0.018479662698412724 0.018627645502645507
0 0.8275 0.8559556878306878 0.016192956349206256 0.016074735449735478
0 0.7123338293650794 0.8891137566137566 0.01790922619047608 0.017364417989417902
0 0.662420634920635 0.812387566137566 0.009526289682539657 0.007681878306878313
0 0.6252703373015873 0.8623181216931216 0.013335813492063586 0.017622354497354387
0 0.6852827380952381 0.7275297619047619 0.013335813492063586 0.018829365079365168
0 0.6562276785714285 0.7505224867724868 0.013908730158730176 0.015029761904761981
0 0.6351760912698413 0.7496362433862434 0.02324156746031747 0.023416005291005366
0 0.6946180555555554 0.6584358465608465 0.008382936507936423 0.012225529100529098
0 0.6682316468253968 0.6486507936507936 0.008573908730158841 0.010439814814814744
0 0.6178397817460317 0.6424338624338625 0.020957341269841168 0.018326719576719608
0 0.23227926587301584 0.7700396825396824 0.021393849206349236 0.018048941798941936
0 0.27430307539682536 0.9122023809523809 0.03311011904761907 0.016438492063492127
0 0.09241815476190475 0.8812334656084655 0.013015873015873008 0.016666666666666607
0 0.08036210317460317 0.8771593915343915 0.011319444444444438 0.017569444444444453
0 0.05155753968253968 0.8736111111111112 0.015505952380952384 0.021339285714285634
0 0.08428819444444445 0.7264054232804232 0.016143353174603164 0.01809523809523809
0 0.10016617063492063 0.6921660052910052 0.011378968253968252 0.018783068783068717
0 0.0654985119047619 0.6988723544973544 0.010319940476190476 0.015962301587301535
0 0.022891865079365078 0.5866765873015872 0.015615079365079367 0.025158730158730158
0 0.06679315476190475 0.3309292328042328 0.015233134920634911 0.015694444444444382
0 0.05585069444444444 0.3391005291005291 0.011904761904761904 0.01663359788359786
0 0.10574900793650793 0.33559854497354497 0.010855654761904754 0.01803240740740734
0 0.4363020833333333 0.4462929894179894 0.013526785714285672 0.020611772486772484
0 0.5319394841269841 0.423693783068783 0.0151264880952382 0.018085317460317423
0 0.5736135912698412 0.3726917989417989 0.010910218253968207 0.014986772486772418
0 0.3975248015873015 0.31499007936507933 0.012172619047619015 0.026712962962962994
0 0.4584647817460317 0.3017493386243386 0.017824900793650844 0.022645502645502653
0 0.4518700396825397 0.32040013227513225 0.01391369047619051 0.01666666666666668
0 0.49447668650793647 0.2887962962962963 0.010724206349206344 0.012972883597883586
0 0.550562996031746 0.29662698412698413 0.01623015873015876 0.022450396825396846
0 0.580344742063492 0.3192427248677248 0.016666666666666607 0.017053571428571408
0 0.5544022817460317 0.32474867724867723 0.008551587301587338 0.01183862433862437
0 0.5923015873015872 0.29807870370370365 0.011304563492063435 0.021101190476190485
0 0.6215749007936507 0.3020403439153439 0.009275793650793673 0.010472883597883564
0 0.611359126984127 0.3403108465608465 0.005362103174603172 0.007017195767195765
0 0.635704365079365 0.32485119047619043 0.013187003968254007 0.024017857142857164
0 0.7377604166666667 0.3854530423280423 0.01312003968253972 0.011951058201058165
0 0.6919990079365078 0.4170965608465608 0.01555059523809521 0.016927910052909983
0 0.8350124007936507 0.8309060846560845 0.008782242063491985 0.02121362433862443
0 0.034159226190476184 0.5238525132275133 0.009402281746031749 0.007519841269841325
0 0.1506374007936508 0.28706679894179893 0.010446428571428579 0.009748677248677229
0 0.27118799603174604 0.3756547619047619 0.010446428571428523 0.01699404761904762
0 0.29709573412698415 0.3828968253968254 0.011698908730158775 0.015879629629629594
0 0.36896825396825395 0.5035185185185186 0.01546130952380953 0.018664021164021143
0 0.35611855158730155 0.5308167989417989 0.013581349206349236 0.018664021164021143
0 0.4381225198412698 0.31200066137566135 0.014206349206349222 0.020056216931216914
0 0.47562499999999996 0.37676587301587294 0.0077306547619047095 0.012536375661375665
0 0.67640625 0.473151455026455 0.0077306547619047095 0.011421957671957639
0 0.6455877976190476 0.514103835978836 0.023816964285714226 0.020337301587301553
0 0.7475446428571428 0.30127314814814815 0.01922123015873023 0.024791666666666694
0 0.9406994047619047 0.3968253968253968 0.00981894841269848 0.016435185185185237
0 0.7271750992063492 0.5515707671957671 0.011909722222222197 0.018941798941798964
0 0.7139087301587301 0.5646626984126983 0.010029761904762013 0.011144179894179965
0 0.8887822420634921 0.7579927248677248 0.020892857142857046 0.027301587301587382
0 0.9118675595238095 0.7791633597883597 0.017757936507936556 0.024513888888888797
0 0.9197023809523809 0.8103637566137566 0.01796875000000009 0.02339947089947092
0 0.7359499007936507 0.32690476190476186 0.024863591269841168 0.020337301587301553
0 0.7898536706349206 0.3030853174603174 0.016922123015872925 0.02730158730158731
0 0.4425099206349206 0.4629861111111111 0.01462549603174601 0.0217294973544974
0 0.37032490079365077 0.43526785714285715 0.007311507936507922 0.01309193121693116
0 0.20882440476190475 0.7141170634920634 0.012745535714285716 0.022007275132275222
0 0.045649801587301586 0.891984126984127 0.01399801587301587 0.013373015873016017
0 0.2685763888888889 0.8712301587301586 0.014417162698412644 0.016435185185185237
0 0.42610863095238094 0.7585482804232804 0.016086309523809517 0.021170634920634868
0 0.5014285714285714 0.745595238095238 0.008774801587301484 0.010307539682539613
0 0.610280257936508 0.8206712962962963 0.01796875000000009 0.022843915343915278
0 0.8721701388888888 0.8401719576719575 0.017341269841269824 0.021170634920634868
0 0.771798115079365 0.5081349206349206 0.018559027777777848 0.023908730158730112
0 0.8126140873015872 0.49796626984126974 0.018087797619047663 0.021180555555555536
0 0.8075818452380952 0.47311507936507935 0.011480654761904852 0.026425264550264504
0 0.859642857142857 0.4848578042328042 0.012110615079365061 0.026425264550264504
0 0.8767137896825395 0.5748379629629629 0.016522817460317363 0.01881613756613761
0 0.643968253968254 0.46779100529100526 0.014335317460317354 0.021461640211640248
0 0.4112053571428571 0.3093452380952381 0.017604166666666643 0.02246693121693122
0 0.2128968253968254 0.43610449735449736 0.016850198412698414 0.019785052910052947
0 0.243328373015873 0.3452281746031746 0.01986855158730161 0.021127645502645453
0 0.26885416666666667 0.7813293650793649 0.0120709325396825 0.016094576719576814
0 0.35310763888888885 0.8160383597883597 0.010059523809523796 0.011736111111111095
0 0.28406994047619044 0.8162070105820106 0.012323908730158761 0.01140211640211645
0 0.3193253968253968 0.8594543650793649 0.014201388888888888 0.016359126984127077
0 0.6949603174603174 0.7360681216931216 0.009694940476190572 0.010340608465608506
0 0.854156746031746 0.7961805555555556 0.014737103174603083 0.01163359788359782
0 0.7060739087301586 0.5994312169312169 0.009476686507936538 0.022033730158730187
0 0.7856597222222222 0.4706349206349206 0.011664186507936547 0.017172619047619058
0 0.8833506944444444 0.3632242063492064 0.018955853174603243 0.025922619047619094
0 0.9519642857142857 0.5398412698412698 0.011815476190476293 0.023068783068783016
0 0.9281225198412698 0.5083333333333333 0.013926091269841345 0.01744047619047621
0 0.6759325396825396 0.6077215608465608 0.013948412698412627 0.029083994708994698
0 0.4102926587301587 0.6368849206349206 0.02333829365079365 0.017427248677248652
0 0.5033358134920635 0.5929034391534391 0.009647817460317398 0.013277116402116373
0 0.5646378968253968 0.5725727513227513 0.010890376984127093 0.010787037037037095
0 0.4258581349206349 0.6646660052910053 0.0165575396825397 0.0179034391534391
0 0.7877604166666666 0.5829166666666666 0.019665178571428577 0.022572751322751383
0 0.7448363095238094 0.5415343915343914 0.013509424603174613 0.02006613756613751
0 0.4326116071428571 0.8821130952380952 0.014275793650793678 0.01903439153439142
0 0.6474479166666667 0.7932837301587301 0.011755952380952284 0.026498015873015923