0 0.603515625 0.350341796875 0.024088541666666668 0.01513671875
0 0.4137369791666667 0.47314453125 0.05078125 0.03076171875
0 0.5797526041666666 0.40869140625 0.029296875 0.01416015625
0 0.4495442708333333 0.558837890625 0.025390625 0.01513671875
0 0.1103515625 0.3916015625 0.024739583333333332 0.01708984375
0 0.19694010416666666 0.611572265625 0.029947916666666668 0.01806640625
0 0.3785807291666667 0.357666015625 0.053385416666666664 0.03466796875
0 0.20572916666666666 0.4794921875 0.024739583333333332 0.01953125
0 0.3004557291666667 0.396728515625 0.036458333333333336 0.025390625
0 0.23079427083333334 0.613037109375 0.016276041666666668 0.01318359375
0 0.1201171875 0.563720703125 0.026041666666666668 0.0166015625
0 0.14420572916666666 0.341552734375 0.024739583333333332 0.01513671875
0 0.4485677083333333 0.36669921875 0.024088541666666668 0.01220703125
0 0.5380859375 0.381591796875 0.026692708333333332 0.01416015625
0 0.4358723958333333 0.58203125 0.032552083333333336 0.01318359375
0 0.5869140625 0.539306640625 0.030598958333333332 0.01708984375
0 0.5052083333333334 0.41748046875 0.029296875 0.0185546875
0 0.006184895833333333 0.677734375 0.012369791666666666 0.0166015625
0 0.8059895833333334 0.5 0.051432291666666664 0.029296875
0 0.09700520833333333 0.421142578125 0.055989583333333336 0.0361328125
0 0.140625 0.62353515625 0.0234375 0.013671875
0 0.5999348958333334 0.442138671875 0.021484375 0.0146484375
0 0.8815104166666666 0.5546875 0.026692708333333332 0.01708984375
0 0.4375 0.32470703125 0.022786458333333332 0.0126953125
0 0.798828125 0.337158203125 0.040364583333333336 0.03173828125
0 0.4964192708333333 0.37646484375 0.02734375 0.01708984375
0 0.6539713541666666 0.62255859375 0.024088541666666668 0.0185546875
0 0.5384114583333334 0.6162109375 0.018229166666666668 0.01416015625
0 0.6041666666666666 0.42626953125 0.018880208333333332 0.0146484375
0 0.7047526041666666 0.398681640625 0.027994791666666668 0.01416015625
0 0.53125 0.5712890625 0.014973958333333334 0.0126953125
0 0.4410807291666667 0.40087890625 0.031901041666666664 0.0205078125
0 0.09602864583333333 0.59716796875 0.0234375 0.0205078125
0 0.8206380208333334 0.404052734375 0.024088541666666668 0.01171875
0 0.38671875 0.534423828125 0.015625 0.013671875
0 0.7584635416666666 0.57080078125 0.018880208333333332 0.01318359375
0 0.173828125 0.392822265625 0.01953125 0.009765625
0 0.4560546875 0.615234375 0.034505208333333336 0.01611328125
0 0.15559895833333334 0.404541015625 0.022135416666666668 0.0146484375
0 0.3531901041666667 0.45556640625 0.014322916666666666 0.01123046875
0 0.5068359375 0.600341796875 0.013671875 0.013671875
0 0.13606770833333334 0.52294921875 0.042317708333333336 0.02490234375
0 0.6595052083333334 0.3349609375 0.016927083333333332 0.01318359375
0 0.501953125 0.441650390625 0.016927083333333332 0.0107421875
0 0.23111979166666666 0.3251953125 0.018229166666666668 0.0078125
0 0.74609375 0.61181640625 0.014973958333333334 0.01513671875
0 0.07682291666666667 0.3203125 0.025390625 0.01318359375
0 0.3717447916666667 0.546142578125 0.017578125 0.01025390625
0 0.51171875 0.560302734375 0.017578125 0.01416015625
0 0.330078125 0.41748046875 0.013020833333333334 0.009765625
0 0.3870442708333333 0.590087890625 0.014322916666666666 0.0087890625
0 0.22819010416666666 0.669189453125 0.014322916666666666 0.00634765625
0 0.716796875 0.355712890625 0.014322916666666666 0.01025390625
0 0.884765625 0.64111328125 0.01953125 0.01025390625
0 0.005208333333333333 0.496826171875 0.010416666666666666 0.01220703125
0 0.10872395833333333 0.466064453125 0.012369791666666666 0.009765625
0 0.4677734375 0.33935546875 0.018229166666666668 0.0126953125
0 0.19596354166666666 0.340087890625 0.015625 0.0068359375
0 0.5901692708333334 0.504638671875 0.011067708333333334 0.00830078125
0 0.22005208333333334 0.399169921875 0.012369791666666666 0.00830078125
0 0.8551432291666666 0.64404296875 0.013020833333333334 0.0087890625
0 0.5732421875 0.389404296875 0.010416666666666666 0.00732421875
0 0.896484375 0.51611328125 0.018229166666666668 0.01220703125
0 0.884765625 0.460693359375 0.014322916666666666 0.01171875
0 0.90234375 0.390625 0.017578125 0.01220703125
0 0.892578125 0.33935546875 0.014973958333333334 0.0087890625
0 0.8203125 0.326416015625 0.016276041666666668 0.013671875
0 0.8098958333333334 0.357177734375 0.033203125 0.0263671875
0 0.6969401041666666 0.4296875 0.018229166666666668 0.017578125
0 0.828125 0.619140625 0.022786458333333332 0.01513671875
0 0.9091796875 0.580810546875 0.009114583333333334 0.0107421875
0 0.9114583333333334 0.515380859375 0.016927083333333332 0.0107421875
0 0.6344401041666666 0.326904296875 0.016927083333333332 0.01806640625
0 0.6002604166666666 0.39599609375 0.016276041666666668 0.01416015625
0 0.5641276041666666 0.33837890625 0.013020833333333334 0.0126953125
0 0.3870442708333333 0.316650390625 0.016927083333333332 0.0107421875
0 0.4000651041666667 0.31298828125 0.014322916666666666 0.0126953125
0 0.19368489583333334 0.361083984375 0.013020833333333334 0.00927734375
0 0.24609375 0.322265625 0.016276041666666668 0.01123046875
0 0.2776692708333333 0.48779296875 0.012369791666666666 0.0087890625
0 0.064453125 0.30908203125 0.013020833333333334 0.01220703125
0 0.027018229166666668 0.6240234375 0.014322916666666666 0.00927734375
0 0.025716145833333332 0.54931640625 0.016927083333333332 0.01123046875
0 0.046875 0.58349609375 0.013020833333333334 0.009765625
0 0.015299479166666666 0.54150390625 0.013671875 0.01171875
0 0.08984375 0.67431640625 0.016276041666666668 0.009765625
0 0.059895833333333336 0.65576171875 0.012369791666666666 0.01123046875
0 0.16471354166666666 0.4951171875 0.013020833333333334 0.0087890625
0 0.23893229166666666 0.569580078125 0.011067708333333334 0.0107421875
0 0.2763671875 0.584228515625 0.014322916666666666 0.01318359375
0 0.2802734375 0.57080078125 0.014973958333333334 0.01220703125
0 0.18098958333333334 0.518310546875 0.013671875 0.0146484375
0 0.587890625 0.516845703125 0.016927083333333332 0.01123046875
0 0.580078125 0.59765625 0.014973958333333334 0.01416015625
0 0.6822916666666666 0.64501953125 0.01953125 0.01416015625
0 0.6842447916666666 0.606689453125 0.014973958333333334 0.0087890625
0 0.6715494791666666 0.58740234375 0.009114583333333334 0.00927734375
0 0.6435546875 0.55224609375 0.013671875 0.0078125
0 0.7158203125 0.335693359375 0.014973958333333334 0.009765625
0 0.9007161458333334 0.544677734375 0.011067708333333334 0.0078125