0 0.38768601190476193 0.595896164021164 0.04074900793650793 0.04779100529100525
0 0.3670287698412698 0.7110119047619047 0.024335317460317474 0.03653769841269838
0 0.41060763888888885 0.649864417989418 0.017544642857142856 0.022913359788359806
0 0.23515873015873015 0.6306183862433862 0.018678075396825422 0.025165343915343936
0 0.29685019841269844 0.70119708994709 0.017544642857142856 0.024454365079365086
0 0.49012648809523807 0.483042328042328 0.015848214285714257 0.02733796296296302
0 0.5852083333333333 0.5521130952380952 0.015848214285714368 0.025115740740740744
0 0.5209722222222222 0.4456977513227513 0.024335317460317363 0.028111772486772473
0 0.650577876984127 0.31775132275132273 0.024335317460317363 0.025767195767195734
0 0.6865178571428571 0.3158531746031746 0.021507936507936476 0.035376984126984055
0 0.6313343253968253 0.4585119047619047 0.02093998015873022 0.022043650793650855
0 0.6313343253968253 0.3962367724867725 0.018678075396825422 0.027288359788359823
0 0.7308358134920635 0.45675925925925925 0.014099702380952372 0.028220899470899525
0 0.5146478174603174 0.6500661375661375 0.01785218253968246 0.019560185185185208
0 0.6909176587301588 0.5214847883597883 0.014114583333333375 0.024169973544973484
0 0.3527827380952381 0.6783399470899472 0.012581845238095246 0.017688492063492173
0 0.7138665674603174 0.4140641534391534 0.017242063492063586 0.017099867724867785
0 0.6074231150793651 0.3948578042328042 0.020019841269841354 0.021871693121693053
0 0.5317385912698412 0.4983730158730158 0.017914186507936414 0.020254629629629612
0 0.4990228174603174 0.3766269841269841 0.02121031746031754 0.0280555555555555
0 0.7441418650793651 0.43033730158730155 0.025711805555555634 0.028829365079365104
0 0.546875 0.31542989417989414 0.014283234126984068 0.021464947089947062
0 0.49072172619047616 0.29768849206349207 0.01495287698412695 0.014199735449735481
0 0.3984375 0.3302414021164021 0.018829365079365057 0.023802910052910093
0 0.45922867063492057 0.5654298941798941 0.01103174603174606 0.020254629629629612
0 0.5957043650793651 0.6666666666666666 0.014335317460317354 0.014474206349206339
0 0.33618055555555554 0.655598544973545 0.013687996031746086 0.017291666666666632
0 0.4509275793650794 0.4479166666666667 0.009300595238095233 0.014649470899470884
0 0.8334970238095237 0.3229166666666667 0.018432539682539772 0.019642857142857146
0 0.8393551587301588 0.28385582010582006 0.020295138888888786 0.022989417989417966
0 0.8588864087301588 0.5276686507936508 0.015250496031746108 0.020254629629629612
0 0.5556646825396825 0.6705720899470898 0.012428075396825333 0.02136243386243386
0 0.4738764880952381 0.49283730158730155 0.015250496031745997 0.016388888888888935
0 0.9404290674603174 0.5683597883597883 0.012100694444444393 0.01940806878306874
0 0.6655282738095237 0.3002943121693122 0.01461805555555551 0.03389550264550264
0 0.29443452380952384 0.34960978835978834 0.01406001984126981 0.020955687830687797
0 0.32355654761904756 0.2944708994708995 0.016202876984127035 0.0193253968253968
0 0.8627926587301588 0.422526455026455 0.01272569444444449 0.012695105820105764
0 0.6806646825396825 0.6458333333333334 0.03137152777777774 0.03230820105820106
0 0.7529290674603174 0.6357407407407407 0.01615823412698414 0.03434193121693122
0 0.3521478174603174 0.31209656084656084 0.017299107142857095 0.028654100529100557
0 0.9663095238095237 0.29768849206349207 0.01146577380952385 0.01340608465608469
0 0.34301835317460316 0.4195965608465608 0.021287202380952386 0.03206349206349213
0 0.9301760912698411 0.6337896825396825 0.015540674603174542 0.02695767195767192
0 0.8081051587301588 0.6536474867724867 0.035553075396825395 0.03894179894179898
0 0.7387698412698411 0.49088624338624337 0.016723710317460228 0.01897156084656082
0 0.3261731150793651 0.4270833333333333 0.008444940476190488 0.014761904761904828
0 0.34472718253968254 0.4524735449735449 0.010947420634920602 0.014993386243386198
0 0.6225595238095237 0.7089847883597883 0.010009920634920677 0.014037698412698418
0 0.4978025793650794 0.42317791005291006 0.01061259920634916 0.012258597883597844
0 0.6831051587301588 0.5953769841269841 0.007576884920635019 0.015287698412698466
0 0.41088789682539684 0.37174603174603177 0.009895833333333326 0.014424603174603146
0 0.8981870039682539 0.6388988095238095 0.021507936507936476 0.03418320105820113
0 0.9135739087301588 0.6380224867724867 0.01483878968253971 0.02317460317460318
0 0.7480481150793651 0.6604828042328043 0.021287202380952275 0.026388888888888868
0 0.6049801587301588 0.3707671957671958 0.009017857142857189 0.012797619047619039
0 0.27099702380952384 0.4703769841269841 0.016220238095238093 0.017030423280423257
0 0.9638665674603174 0.6744808201058201 0.011961805555555483 0.018462301587301628
0 0.530687003968254 0.3719973544973545 0.015131448412698312 0.018554894179894237
0 0.8563070436507936 0.30149140211640213 0.013583829365079403 0.021845238095238084
0 0.8345163690476189 0.6056845238095238 0.03452380952380962 0.026613756613756607
0 0.862532242063492 0.6102050264550264 0.02490327380952384 0.021693121693121615
0 0.8342336309523809 0.7038161375661375 0.02037450396825391 0.023654100529100514
0 0.8539558531746031 0.6328736772486773 0.011937003968254034 0.029242724867724796
0 0.7997247023809523 0.3939285714285714 0.030297619047618962 0.041150793650793695
0 0.8691170634920635 0.28491402116402115 0.009774305555555474 0.012734788359788363
0 0.9238492063492063 0.4422949735449735 0.018568948412698516 0.023862433862433807
0 0.9438864087301587 0.4289318783068783 0.010751488095238182 0.016031746031746064
0 0.9454737103174603 0.5092625661375662 0.01539434523809513 0.020317460317460363
0 0.21558779761904762 0.5795436507936508 0.005337301587301613 0.009993386243386304
0 0.22939484126984125 0.5672652116402116 0.009739583333333357 0.011054894179894248
0 0.24220238095238092 0.5744708994708995 0.006537698412698412 0.010525793650793721
0 0.3328546626984127 0.4454265873015873 0.008804563492063489 0.017116402116402085
0 0.36693948412698413 0.39776124338624336 0.006803075396825342 0.012503306878306919
0 0.2584796626984127 0.3879794973544974 0.018544146825396846 0.027093253968253943
0 0.24206845238095237 0.38699735449735445 0.009206349206349218 0.008052248677248741
0 0.2480059523809524 0.32944775132275134 0.00827132936507935 0.008578042328042379
0 0.24473710317460315 0.3154828042328042 0.009206349206349218 0.009103835978835942
0 0.31497767857142855 0.30418981481481483 0.006937003968253919 0.011421957671957639
0 0.39448908730158727 0.3093419312169312 0.005337301587301613 0.009986772486772452
0 0.4210367063492063 0.318776455026455 0.006135912698412738 0.009642857142857139
0 0.43317708333333327 0.2997387566137566 0.01334077380952381 0.0188822751322751
0 0.4578571428571428 0.33220899470899473 0.005337301587301613 0.008402777777777834
0 0.4962127976190476 0.28674603174603175 0.015074404761904692 0.009619708994708986
0 0.5192261904761905 0.319484126984127 0.008804563492063489 0.012480158730158767
0 0.5631175595238095 0.28790343915343913 0.004801587301587196 0.010158730158730181
0 0.5391691468253967 0.3580919312169311 0.011607142857142927 0.017119708994708976
0 0.5513095238095238 0.4076223544973545 0.009206349206349218 0.011240079365079314
0 0.5172916666666666 0.42096891534391534 0.006269841269841203 0.01409391534391539
0 0.6323090277777776 0.29156746031746034 0.008936011904761898 0.014745370370370381
0 0.7421155753968254 0.3579828042328042 0.012549603174603075 0.015238095238095273
0 0.9249330357142856 0.27901785714285715 0.00969742063492074 0.015502645502645537
0 0.7828993055555555 0.4884391534391534 0.013499503968253945 0.020092592592592624
0 0.7096949404761904 0.5173478835978836 0.009317956349206291 0.010476190476190528
0 0.77234623015873 0.5274900793650793 0.004942956349206273 0.009973544973544968
0 0.9653373015873015 0.6133002645502644 0.015210813492063435 0.011736111111111095
0 0.4064236111111111 0.562202380952381 0.01312003968253972 0.010439814814814744
0 0.43028521825396826 0.558396164021164 0.008747519841269868 0.009421296296296363
0 0.48685267857142855 0.6671626984126985 0.006274801587301537 0.009434523809523773
0 0.6063268849206349 0.5275496031746031 0.01010416666666658 0.014563492063492056