0 0.4394940476190476 0.5385747354497354 0.03405009920634916 0.043048941798941844
0 0.46975942460317455 0.646223544973545 0.02900545634920637 0.03807208994708988
0 0.350687003968254 0.6583994708994708 0.016594742063492096 0.02375000000000001
0 0.4628224206349206 0.3686904761904762 0.01765625000000004 0.02276124338624334
0 0.29446676587301585 0.40695767195767196 0.02017857142857138 0.026987433862433925
0 0.6097420634920635 0.5978637566137566 0.02270089285714283 0.035515873015872966
0 0.6251909722222222 0.6773379629629629 0.03468005952380948 0.0263161375661376
0 0.5728546626984127 0.3367559523809524 0.02711309523809513 0.04128306878306883
0 0.6100570436507936 0.3502116402116402 0.02080853174603181 0.03792658730158734
0 0.7055853174603174 0.32708333333333334 0.01387152777777767 0.030347222222222154
0 0.6464856150793651 0.4049470899470899 0.014503968253968269 0.02492394179894175
0 0.6845709325396825 0.4078769841269841 0.014900793650793664 0.021117724867724934
0 0.6215823412698411 0.38411375661375663 0.018874007936507953 0.032509920634920565
0 0.42675843253968254 0.7213558201058201 0.01730406746031743 0.02025462962962976
0 0.9096676587301588 0.34733134920634917 0.020369543650793576 0.027222222222222186
0 0.6035168650793651 0.4921891534391534 0.014670138888888795 0.021038359788359735
0 0.8618154761904762 0.3245436507936508 0.020141369047619095 0.02317460317460318
0 0.5541989087301588 0.3707671957671958 0.01898313492063486 0.024312169312169285
0 0.5073239087301586 0.4892592592592592 0.010612599206349271 0.015168650793650743
0 0.8051760912698411 0.39387896825396823 0.017914186507936414 0.024679232804232825
0 0.5674900793650793 0.7356547619047618 0.021212797619047707 0.023382936507936474
0 0.6855481150793651 0.5110681216931217 0.01640376984126979 0.023518518518518494
0 0.9150396825396825 0.3795568783068783 0.015426587301587302 0.02608134920634919
0 0.7129141865079364 0.3558399470899471 0.022693452380952328 0.02659391534391527
0 0.6595560515873016 0.6861772486772487 0.01261160714285725 0.01541335978835967
0 0.6621106150793651 0.6643882275132275 0.017775297619047725 0.025066137566137552
0 0.3115228174603174 0.44401124338624337 0.019942956349206398 0.03039682539682535
0 0.6313467261904762 0.6523445767195768 0.020248015873015834 0.029480820105820094
0 0.655500992063492 0.7545701058201059 0.014491567460317434 0.010767195767195759
0 0.5454092261904762 0.6526686507936508 0.016587301587301484 0.02370039682539682
0 0.4079588293650794 0.719401455026455 0.007147817460317452 0.01933862433862436
0 0.8071279761904762 0.76692791005291 0.021820436507936414 0.03023148148148162
0 0.78515625 0.3297519841269841 0.010054563492063462 0.017232142857142918
0 0.7622073412698411 0.5550132275132275 0.017242063492063586 0.023356481481481506
0 0.9325049603174603 0.365760582010582 0.018764880952381047 0.023349867724867728
0 0.8828125 0.31868386243386243 0.013328373015873085 0.015287698412698392
0 0.7465823412698411 0.5123710317460317 0.011872519841269913 0.01926587301587294
0 0.8310540674603174 0.4202480158730158 0.014114583333333375 0.014374999999999952
0 0.8533829365079365 0.3910615079365079 0.017075892857142838 0.01578042328042321
0 0.7861334325396825 0.766276455026455 0.010208333333333375 0.01664351851851838
0 0.9711904761904762 0.42155092592592586 0.009337797619047628 0.009460978835978887
0 0.6606448412698411 0.5849603174603174 0.010406746031746072 0.010380291005291031
0 0.9189459325396825 0.5172519841269841 0.013328373015873085 0.022033730158730187
0 0.9462896825396825 0.4495436507936508 0.010855654761904754 0.008958333333333327
0 0.8793229166666666 0.7939715608465607 0.020314980158730123 0.02363095238095229
0 0.8110342261904762 0.35905092592592586 0.020295138888888786 0.03513558201058201
0 0.8754885912698411 0.5761706349206349 0.015128968253968145 0.021200396825396872
0 0.774000496031746 0.3863624338624338 0.01071924603174601 0.01438492063492062
0 0.6954960317460317 0.6836574074074074 0.01261160714285725 0.018776455026454936
0 0.5233556547619047 0.7008961640211641 0.01891617063492057 0.01626322751322758
0 0.5998462301587301 0.7672916666666666 0.011331845238095273 0.01903439153439142
0 0.5065426587301587 0.7628042328042327 0.020183531746031713 0.016669973544973498
0 0.38489087301587305 0.3784325396825397 0.011155753968253967 0.015932539682539677
0 0.377125496031746 0.37290343915343915 0.01432291666666663 0.01773809523809522
0 0.5848933531746031 0.7204530423280423 0.013593750000000071 0.011544312169312102
0 0.5764632936507936 0.7645568783068782 0.008757440476190537 0.011223544973545016
0 0.6007068452380953 0.7193187830687829 0.00705853174603166 0.011716269841269758
0 0.6335143849206348 0.7350958994708994 0.0054885912698412476 0.01155423280423277
0 0.4590922619047619 0.7304794973544974 0.00666666666666671 0.023931878306878335
0 0.8467559523809524 0.6151984126984126 0.042807539682539586 0.05458664021164017
0 0.7981671626984127 0.5193187830687831 0.036815476190476204 0.050046296296296276
0 0.7856994047619047 0.420542328042328 0.009069940476190474 0.014381613756613731
0 0.796078869047619 0.42081679894179885 0.014789186507936591 0.012966269841269806
0 0.9502653769841268 0.3554199735449735 0.020860615079365097 0.01904761904761898
0 0.9226463293650794 0.6162202380952381 0.012100694444444393 0.01977513227513228
0 0.9445734126984127 0.5855257936507937 0.007916666666666572 0.011283068783068728
0 0.8808978174603175 0.7717030423280423 0.02286458333333341 0.02244708994709003
0 0.7921428571428571 0.6515641534391534 0.009146825396825431 0.01219576719576724
0 0.3098115079365079 0.40670634920634924 0.008521825396825444 0.014133597883597915
0 0.21565228174603174 0.7607572751322751 0.012678571428571428 0.017182539682539577
0 0.572437996031746 0.5179794973544972 0.012886904761904683 0.014966931216931231
0 0.7507787698412698 0.586848544973545 0.016212797619047592 0.013581349206349161
0 0.8130332341269841 0.707959656084656 0.012678571428571317 0.016904761904761756
0 0.8004563492063492 0.7093452380952381 0.0195386904761905 0.02244708994709003
0 0.8430679563492063 0.5818617724867724 0.020369543650793576 0.009699074074074035
0 0.9516741071428572 0.6401984126984127 0.01143105158730151 0.015519179894179835
0 0.5248387896825397 0.32453373015873016 0.012886904761904683 0.01718253968253965
0 0.2901686507936508 0.6640343915343916 0.02452628968253967 0.01940145502645496
0 0.40201884920634917 0.5683796296296296 0.009481646825396872 0.008125000000000012
0 0.705280257936508 0.6485879629629628 0.017832341269841345 0.02768849206349211
0 0.7763839285714286 0.6327843915343915 0.01196428571428565 0.015952380952381013