0 0.45166015625 0.4166666666666667 0.0341796875 0.044921875
0 0.49169921875 0.37890625 0.021484375 0.031901041666666664
0 0.41357421875 0.521484375 0.02001953125 0.020833333333333332
0 0.573974609375 0.3570963541666667 0.021484375 0.024088541666666668
0 0.589599609375 0.4820963541666667 0.02197265625 0.026692708333333332
0 0.6708984375 0.4280598958333333 0.02001953125 0.026692708333333332
0 0.673828125 0.6106770833333334 0.02978515625 0.055338541666666664
0 0.460205078125 0.5462239583333334 0.02734375 0.045572916666666664
0 0.67919921875 0.8766276041666666 0.03076171875 0.035807291666666664
0 0.38525390625 0.6256510416666666 0.0166015625 0.020182291666666668
0 0.571044921875 0.8411458333333334 0.02099609375 0.022135416666666668
0 0.397705078125 0.2099609375 0.01025390625 0.015625
0 0.490234375 0.7887369791666666 0.01953125 0.0234375
0 0.506103515625 0.8251953125 0.0166015625 0.034505208333333336
0 0.62353515625 0.5403645833333334 0.0234375 0.018880208333333332
0 0.4404296875 0.2158203125 0.01953125 0.018229166666666668
0 0.5673828125 0.9892578125 0.0234375 0.021484375
0 0.68701171875 0.796875 0.015625 0.018880208333333332
0 0.465087890625 0.11458333333333333 0.0166015625 0.018229166666666668
0 0.35595703125 0.5162760416666666 0.01025390625 0.01953125
0 0.6474609375 0.373046875 0.01171875 0.016927083333333332
0 0.62646484375 0.2945963541666667 0.01123046875 0.016927083333333332
0 0.69482421875 0.5026041666666666 0.013671875 0.025390625
0 0.45556640625 0.30859375 0.015625 0.012369791666666666
0 0.36865234375 0.8824869791666666 0.01416015625 0.018229166666666668
0 0.353515625 0.990234375 0.013671875 0.018229166666666668
0 0.394287109375 0.98828125 0.01904296875 0.0234375
0 0.4345703125 0.9436848958333334 0.01611328125 0.025390625
0 0.6591796875 0.9440104166666666 0.01318359375 0.016276041666666668
0 0.58447265625 0.9212239583333334 0.03076171875 0.04296875
0 0.5 0.22916666666666666 0.02099609375 0.028645833333333332
0 0.447021484375 0.29296875 0.01123046875 0.014973958333333334
0 0.424072265625 0.142578125 0.01025390625 0.013020833333333334
0 0.47119140625 0.2939453125 0.01123046875 0.013671875
0 0.4228515625 0.9752604166666666 0.0234375 0.046875
0 0.44384765625 0.8186848958333334 0.0068359375 0.018229166666666668
0 0.653076171875 0.23697916666666666 0.0107421875 0.018229166666666668
0 0.660400390625 0.20345052083333334 0.0107421875 0.017578125
0 0.48876953125 0.10807291666666667 0.00927734375 0.011067708333333334
0 0.375244140625 0.4537760416666667 0.009765625 0.016276041666666668
0 0.362060546875 0.365234375 0.01123046875 0.020833333333333332
0 0.46728515625 0.5045572916666666 0.01513671875 0.040364583333333336
0 0.4541015625 0.5218098958333334 0.01806640625 0.03515625
0 0.464599609375 0.6363932291666666 0.0146484375 0.015625
0 0.45068359375 0.6549479166666666 0.01318359375 0.016927083333333332
0 0.33642578125 0.6145833333333334 0.00537109375 0.014973958333333334
0 0.3349609375 0.630859375 0.00634765625 0.016276041666666668
0 0.377685546875 0.8359375 0.01123046875 0.014322916666666666
0 0.3896484375 0.8134765625 0.02197265625 0.032552083333333336
0 0.38427734375 0.8125 0.0107421875 0.013671875
0 0.67333984375 0.9524739583333334 0.0068359375 0.010416666666666666
0 0.639404296875 0.4430338541666667 0.0107421875 0.014973958333333334
0 0.605224609375 0.5071614583333334 0.00830078125 0.017578125
0 0.5625 0.6790364583333334 0.0087890625 0.011067708333333334
0 0.598876953125 0.9820963541666666 0.0087890625 0.009114583333333334
0 0.507568359375 0.9892578125 0.00732421875 0.01171875
0 0.442138671875 0.8606770833333334 0.00830078125 0.014973958333333334
0 0.470703125 0.7848307291666666 0.009765625 0.013671875
0 0.478515625 0.7880859375 0.0087890625 0.013020833333333334
0 0.4140625 0.9449869791666666 0.0078125 0.018229166666666668
0 0.372802734375 0.8235677083333334 0.01123046875 0.014322916666666666
0 0.3916015625 0.6852213541666666 0.01318359375 0.016276041666666668
0 0.429443359375 0.6940104166666666 0.00830078125 0.009114583333333334
0 0.639892578125 0.8388671875 0.00927734375 0.01953125