0 0.7356770833333334 0.692138671875 0.04296875 0.0400390625
0 0.3597005208333333 0.7705078125 0.04296875 0.0263671875
0 0.373046875 0.69921875 0.036458333333333336 0.0302734375
0 0.6484375 0.6962890625 0.032552083333333336 0.02197265625
0 0.494140625 0.6533203125 0.025390625 0.02392578125
0 0.4850260416666667 0.60400390625 0.024739583333333332 0.0166015625
0 0.447265625 0.6259765625 0.030598958333333332 0.0185546875
0 0.7438151041666666 0.52783203125 0.035807291666666664 0.0263671875
0 0.7307942708333334 0.5498046875 0.037109375 0.03076171875
0 0.6982421875 0.572509765625 0.027994791666666668 0.02001953125
0 0.697265625 0.51611328125 0.017578125 0.015625
0 0.5530598958333334 0.598876953125 0.027994791666666668 0.01416015625
0 0.2698567708333333 0.58154296875 0.033854166666666664 0.01806640625
0 0.3352864583333333 0.531982421875 0.020182291666666668 0.02294921875
0 0.2822265625 0.511474609375 0.036458333333333336 0.0283203125
0 0.2591145833333333 0.49951171875 0.032552083333333336 0.02587890625
0 0.5358072916666666 0.443603515625 0.0390625 0.025390625
0 0.6705729166666666 0.43359375 0.025390625 0.01611328125
0 0.6647135416666666 0.45849609375 0.022135416666666668 0.01611328125
0 0.7545572916666666 0.48388671875 0.030598958333333332 0.0185546875
0 0.7545572916666666 0.433349609375 0.037109375 0.037109375
0 0.734375 0.361572265625 0.033854166666666664 0.02490234375
0 0.7259114583333334 0.386474609375 0.02734375 0.0224609375
0 0.6832682291666666 0.32958984375 0.025390625 0.0126953125
0 0.6614583333333334 0.35595703125 0.032552083333333336 0.02734375
0 0.4244791666666667 0.337158203125 0.025390625 0.01416015625
0 0.3990885416666667 0.31640625 0.02734375 0.02392578125
0 0.3876953125 0.293212890625 0.022786458333333332 0.02685546875
0 0.3561197916666667 0.282958984375 0.022786458333333332 0.0244140625
0 0.3668619791666667 0.386474609375 0.028645833333333332 0.02001953125
0 0.2509765625 0.388671875 0.017578125 0.01025390625
0 0.7796223958333334 0.2744140625 0.024739583333333332 0.01708984375
0 0.7249348958333334 0.275390625 0.024088541666666668 0.0166015625
0 0.794921875 0.12646484375 0.053385416666666664 0.03564453125
0 0.6959635416666666 0.0751953125 0.047526041666666664 0.03759765625
0 0.6455078125 0.15478515625 0.050130208333333336 0.05029296875
0 0.5712890625 0.161865234375 0.049479166666666664 0.05322265625
0 0.5625 0.2666015625 0.036458333333333336 0.02197265625
0 0.5419921875 0.235107421875 0.017578125 0.01708984375
0 0.544921875 0.204345703125 0.022135416666666668 0.02001953125
0 0.5123697916666666 0.191162109375 0.026041666666666668 0.02734375
0 0.4016927083333333 0.183837890625 0.02734375 0.015625
0 0.2809244791666667 0.23095703125 0.020182291666666668 0.01904296875
0 0.3167317708333333 0.06689453125 0.042317708333333336 0.03271484375
0 0.2760416666666667 0.0634765625 0.024088541666666668 0.02197265625
0 0.3616536458333333 0.83984375 0.024088541666666668 0.013671875
0 0.7109375 0.77783203125 0.014322916666666666 0.0078125
0 0.7037760416666666 0.7939453125 0.008463541666666666 0.00830078125
0 0.6686197916666666 0.803466796875 0.016276041666666668 0.0107421875
0 0.7252604166666666 0.83349609375 0.01953125 0.02001953125
0 0.24967447916666666 0.468994140625 0.016927083333333332 0.015625
0 0.3723958333333333 0.09814453125 0.016276041666666668 0.0146484375
0 0.7376302083333334 0.606201171875 0.0234375 0.01806640625
0 0.7571614583333334 0.6220703125 0.016927083333333332 0.013671875
0 0.7555338541666666 0.650390625 0.016927083333333332 0.01416015625
0 0.7757161458333334 0.098388671875 0.026692708333333332 0.01611328125
0 0.6246744791666666 0.695556640625 0.015625 0.009765625
0 0.7291666666666666 0.62939453125 0.014973958333333334 0.0087890625
0 0.4485677083333333 0.785888671875 0.018229166666666668 0.01123046875
0 0.4166666666666667 0.7958984375 0.01171875 0.009765625
0 0.4798177083333333 0.63427734375 0.016927083333333332 0.0146484375
0 0.7330729166666666 0.213623046875 0.020182291666666668 0.01025390625
0 0.736328125 0.84716796875 0.01953125 0.00927734375
0 0.7080078125 0.83251953125 0.020182291666666668 0.01611328125
0 0.4921875 0.695556640625 0.0234375 0.01708984375
0 0.3916015625 0.727294921875 0.014973958333333334 0.0185546875
0 0.5970052083333334 0.7109375 0.013671875 0.01025390625
0 0.5859375 0.704345703125 0.026041666666666668 0.01220703125
0 0.26953125 0.6044921875 0.015625 0.01318359375
0 0.3053385416666667 0.590087890625 0.020833333333333332 0.01171875
0 0.3365885416666667 0.81396484375 0.01953125 0.0146484375
0 0.6510416666666666 0.664306640625 0.01953125 0.0126953125
0 0.6800130208333334 0.583251953125 0.01953125 0.01123046875
0 0.7037760416666666 0.545166015625 0.016276041666666668 0.01318359375
0 0.6468098958333334 0.392333984375 0.033854166666666664 0.0166015625
0 0.7451171875 0.338134765625 0.013020833333333334 0.0126953125
0 0.525390625 0.314208984375 0.01953125 0.0146484375
0 0.5944010416666666 0.077880859375 0.018229166666666668 0.01708984375
0 0.2802734375 0.2099609375 0.03125 0.0146484375
0 0.2815755208333333 0.265869140625 0.024088541666666668 0.0166015625
0 0.333984375 0.302978515625 0.031901041666666664 0.01513671875
0 0.2571614583333333 0.452880859375 0.020833333333333332 0.01806640625
0 0.7392578125 0.2001953125 0.0390625 0.02685546875
0 0.623046875 0.255126953125 0.021484375 0.01708984375
0 0.5618489583333334 0.107666015625 0.024739583333333332 0.02294921875
0 0.447265625 0.054931640625 0.013671875 0.0107421875
0 0.23990885416666666 0.066650390625 0.013020833333333334 0.01171875
0 0.4928385416666667 0.279052734375 0.018229166666666668 0.013671875
0 0.4612630208333333 0.486083984375 0.022135416666666668 0.01513671875