0 0.677744708994709 0.6682787698412698 0.033399470899471005 0.032490079365079305
0 0.44196428571428564 0.46428571428571425 0.020833333333333332 0.013392857142857095
0 0.28158068783068785 0.8463541666666666 0.02414021164021163 0.021081349206349298
0 0.3723544973544974 0.8702876984126984 0.04894179894179892 0.0367063492063493
0 0.48826058201058203 0.8634672619047619 0.02347883597883597 0.028025793650793718
0 0.4636243386243386 0.49367559523809523 0.03174603174603178 0.02852182539682535
0 0.37847222222222215 0.5927579365079365 0.01752645502645504 0.01736111111111116
0 0.26785714285714285 0.8009672619047619 0.019841269841269844 0.02008928571428581
0 0.35102513227513227 0.9055059523809523 0.019510582010582016 0.01835317460317465
0 0.3353174603174603 0.7356150793650793 0.015873015873015817 0.012400793650793718
0 0.7199074074074074 0.6734871031746031 0.02645502645502636 0.018105158730158832
0 0.2810846560846561 0.8912450396825397 0.023809523809523798 0.021081349206349298
0 0.5363756613756613 0.9216269841269841 0.041666666666666664 0.03819444444444442
0 0.40608465608465605 0.4630456349206349 0.019179894179894113 0.020337301587301626
0 0.7104828042328042 0.7405753968253967 0.02149470899470914 0.01835317460317465
0 0.5029761904761905 0.4497767857142857 0.02050264550264543 0.01810515873015872
0 0.31531084656084657 0.43365575396825395 0.020171957671957674 0.017609126984126977
0 0.5472883597883598 0.6858878968253967 0.029100529100529144 0.01116071428571419
0 0.6641865079365079 0.7016369047619048 0.024140211640211778 0.016865079365079305
0 0.7038690476190476 0.24925595238095236 0.028108465608465732 0.018353174603174593
0 0.5671296296296297 0.6583581349206349 0.019179894179894113 0.017113095238095344
0 0.4208002645502645 0.5874255952380952 0.029431216931216902 0.018105158730158832
0 0.40228174603174605 0.2693452380952381 0.05456349206349209 0.0401785714285714
0 0.33283730158730157 0.42075892857142855 0.019510582010582016 0.02356150793650791
0 0.275297619047619 0.7486359126984127 0.02281746031746031 0.018105158730158832
0 0.7581018518518517 0.894345238095238 0.01620370370370357 0.01984126984126977
0 0.697255291005291 0.6232638888888888 0.020171957671957525 0.016369047619047672
0 0.35648148148148145 0.39694940476190477 0.01388888888888884 0.011160714285714302
0 0.5715939153439153 0.5942460317460317 0.02347883597883597 0.013392857142857206
0 0.33746693121693117 0.800595238095238 0.020171957671957674 0.019345238095238138
0 0.5570436507936508 0.5128968253968254 0.011574074074074106 0.012896825396825351
0 0.624834656084656 0.564236111111111 0.014880952380952403 0.01041666666666674
0 0.3890542328042328 0.4460565476190476 0.012896825396825426 0.012648809523809534
0 0.7268518518518517 0.6391369047619048 0.01322751322751318 0.011904761904761862
0 0.32589285714285715 0.28360615079365076 0.010912698412698449 0.013144841269841279
0 0.6863425925925926 0.7925347222222222 0.012235449735449619 0.010664682539682557
0 0.4809854497354497 0.21738591269841268 0.01752645502645504 0.009672619047619069
0 0.5444775132275131 0.49243551587301587 0.010912698412698449 0.008184523809523836
0 0.33829365079365076 0.8448660714285714 0.01322751322751318 0.02256944444444442
0 0.611276455026455 0.6118551587301587 0.011574074074074106 0.007936507936507908
0 0.732635582010582 0.5908085317460317 0.018647486772486843 0.010741567460317514
0 0.6016865079365079 0.8198164682539683 0.02281746031746031 0.018105158730158832
0 0.3247354497354497 0.8931051587301587 0.01719576719576721 0.016865079365079305
0 0.5944113756613757 0.23288690476190474 0.014880952380952403 0.015376984126984128
0 0.7261904761904762 0.5174851190476191 0.009920634920635033 0.009672619047619069
0 0.3037367724867725 0.4828869047619047 0.01752645502645504 0.009424603174603141
0 0.36226851851851855 0.4185267857142857 0.010912698412698449 0.010664682539682557
0 0.7346230158730158 0.9417162698412698 0.011574074074074106 0.009920634920634885
0 0.6557539682539683 0.4651537698412698 0.012566137566137522 0.010168650793650813
0 0.4431216931216931 0.5218253968253967 0.0145502645502645 0.009424603174603252
0 0.33954695767195764 0.30793898809523806 0.01563822751322756 0.01596974206349211
0 0.3681613756613756 0.21697916666666667 0.017635582010581945 0.011728670634920613
0 0.424725529100529 0.22671130952380952 0.012311507936507926 0.014223710317460336
0 0.5559854497354497 0.21323660714285714 0.011312830687830733 0.009732142857142856
0 0.42489087301587297 0.21336061507936507 0.01264219576719583 0.012976190476190474
0 0.5940839947089946 0.4334598214285714 0.014973544973545009 0.011979166666666652
0 0.6148809523809523 0.513814484126984 0.015304232804232765 0.007986111111111027
0 0.5433432539682539 0.5642212301587302 0.0173015873015873 0.011478174603174685
0 0.5155621693121692 0.5443824404761904 0.021626984126984123 0.015721726190476293
0 0.5619775132275132 0.5779464285714286 0.011977513227513281 0.009481646825396872
0 0.6639583333333333 0.582938988095238 0.01430886243386246 0.010979662698412662
0 0.6641236772486772 0.633469742063492 0.020628306878306784 0.01372519841269848
0 0.6438260582010582 0.6513144841269841 0.011312830687830733 0.009481646825396872
0 0.6416633597883598 0.694236111111111 0.011646825396825378 0.012976190476190474
0 0.4233961640211639 0.7553745039682539 0.018964947089947042 0.0174677579365079
0 0.36017857142857146 0.8661706349206348 0.016967592592592656 0.013975694444444464
0 0.40542658730158726 0.8852628968253968 0.013640873015873023 0.009732142857142856
0 0.35169312169312167 0.7901860119047619 0.021960978835978768 0.017219742063492083
0 0.40692460317460316 0.6151289682539681 0.013974867724867668 0.011478174603174685
0 0.36716600529100524 0.5007118055555555 0.014973544973545009 0.010230654761904656
0 0.4513458994708994 0.437078373015873 0.018300264550264494 0.010230654761904767
0 0.6213690476190475 0.4985912698412698 0.018300264550264494 0.010481150793650862
0 0.5312003968253968 0.7577455357142857 0.012976190476190474 0.010230654761904656
0 0.4132473544973545 0.8176364087301587 0.05589947089947082 0.042671130952381064
0 0.7010548941798941 0.8991121031746031 0.013974867724867815 0.016470734126984077
0 0.45783399470899466 0.7349107142857142 0.021960978835978768 0.013474702380952275
0 0.3262400793650793 0.8131423611111112 0.010978835978836013 0.011230158730158646
0 0.26019179894179895 0.8571874999999999 0.018634259259259284 0.00998263888888884
0 0.3286474867724868 0.8407118055555555 0.013313492063492083 0.014714781746031802
0 0.3033994708994709 0.5687996031746032 0.014950396825396858 0.010349702380952452
0 0.7175760582010581 0.6293179563492063 0.011498015873015946 0.009774305555555474
0 0.7291732804232804 0.5368874007936507 0.015142195767195629 0.010349702380952452
0 0.3217328042328042 0.9584126984126984 0.025158730158730158 0.016438492063492127
0 0.7245701058201058 0.9080233134920634 0.010482804232804158 0.01000744047619051
0 0.6186904761904762 0.8479836309523809 0.030115740740740787 0.016582341269841372
0 0.664348544973545 0.6516914682539682 0.013058862433862414 0.0137822420634921
0 0.6859292328042327 0.5500818452380951 0.01031746031746028 0.008459821428571379