0 0.24446614583333334 0.328857421875 0.054036458333333336 0.03857421875
0 0.3977864583333333 0.513427734375 0.06966145833333333 0.03955078125
0 0.232421875 0.598388671875 0.038411458333333336 0.02197265625
0 0.2805989583333333 0.54345703125 0.03125 0.0224609375
0 0.5911458333333334 0.56982421875 0.035807291666666664 0.02490234375
0 0.5787760416666666 0.635498046875 0.020182291666666668 0.01171875
0 0.5543619791666666 0.50146484375 0.025390625 0.017578125
0 0.8603515625 0.333740234375 0.030598958333333332 0.02099609375
0 0.150390625 0.37255859375 0.026692708333333332 0.01953125
0 0.014322916666666666 0.4921875 0.026041666666666668 0.01708984375
0 0.755859375 0.538330078125 0.016927083333333332 0.01904296875
0 0.35546875 0.31396484375 0.026692708333333332 0.013671875
0 0.23763020833333334 0.5732421875 0.025390625 0.0185546875
0 0.013020833333333334 0.385986328125 0.026041666666666668 0.01806640625
0 0.189453125 0.292724609375 0.014322916666666666 0.0126953125
0 0.7311197916666666 0.6484375 0.022135416666666668 0.017578125
0 0.3951822916666667 0.397705078125 0.030598958333333332 0.02880859375
0 0.365234375 0.301513671875 0.017578125 0.01220703125
0 0.20149739583333334 0.6396484375 0.015625 0.01123046875
0 0.2652994791666667 0.2919921875 0.026692708333333332 0.02001953125
0 0.5686848958333334 0.603271484375 0.025390625 0.0146484375
0 0.19856770833333334 0.275390625 0.017578125 0.0107421875
0 0.7386067708333334 0.31103515625 0.018880208333333332 0.0146484375
0 0.7119140625 0.376220703125 0.015625 0.01171875
0 0.3072916666666667 0.654296875 0.014973958333333334 0.009765625
0 0.23372395833333334 0.284912109375 0.024088541666666668 0.017578125
0 0.0791015625 0.295166015625 0.016927083333333332 0.01123046875
0 0.55859375 0.457275390625 0.014322916666666666 0.00830078125
0 0.18977864583333334 0.573486328125 0.013020833333333334 0.009765625
0 0.13802083333333334 0.637451171875 0.027994791666666668 0.01953125
0 0.3818359375 0.58740234375 0.014322916666666666 0.0087890625
0 0.8697916666666666 0.59912109375 0.013671875 0.00830078125
0 0.006510416666666667 0.6298828125 0.013020833333333334 0.009765625
0 0.6302083333333334 0.322265625 0.014322916666666666 0.009765625
0 0.197265625 0.48828125 0.013671875 0.015625
0 0.8369140625 0.57421875 0.02734375 0.02587890625
0 0.5009765625 0.33154296875 0.018229166666666668 0.01123046875
0 0.1435546875 0.402587890625 0.015625 0.01171875
0 0.7171223958333334 0.340087890625 0.014322916666666666 0.009765625
0 0.8951822916666666 0.63232421875 0.013020833333333334 0.01025390625
0 0.2913411458333333 0.419921875 0.016276041666666668 0.01220703125
0 0.5953776041666666 0.509765625 0.01171875 0.01171875
0 0.22233072916666666 0.30078125 0.020182291666666668 0.0087890625
0 0.5481770833333334 0.66015625 0.014973958333333334 0.0107421875
0 0.4518229166666667 0.54296875 0.011067708333333334 0.00732421875
0 0.7259114583333334 0.418212890625 0.013020833333333334 0.01318359375
0 0.8033854166666666 0.3662109375 0.011067708333333334 0.0107421875
0 0.9156901041666666 0.640625 0.013020833333333334 0.0107421875
0 0.5615234375 0.5947265625 0.014973958333333334 0.00732421875
0 0.4934895833333333 0.619384765625 0.009765625 0.0078125
0 0.486328125 0.51220703125 0.013671875 0.01025390625
0 0.3873697916666667 0.60546875 0.011067708333333334 0.01025390625
0 0.15690104166666666 0.620849609375 0.010416666666666666 0.00830078125
0 0.11360677083333333 0.647216796875 0.010416666666666666 0.01025390625
0 0.0068359375 0.31494140625 0.013671875 0.0107421875
0 0.07975260416666667 0.351318359375 0.013020833333333334 0.0078125
0 0.1962890625 0.447265625 0.021484375 0.01171875
0 0.20735677083333334 0.435546875 0.012369791666666666 0.009765625
0 0.2877604166666667 0.3037109375 0.018229166666666668 0.01171875
0 0.3304036458333333 0.27978515625 0.010416666666666666 0.0078125
0 0.33984375 0.391845703125 0.014973958333333334 0.013671875
0 0.3470052083333333 0.427978515625 0.013671875 0.00927734375
0 0.3082682291666667 0.45654296875 0.01171875 0.0078125
0 0.3844401041666667 0.411376953125 0.014322916666666666 0.01220703125
0 0.4645182291666667 0.35546875 0.012369791666666666 0.00830078125
0 0.4537760416666667 0.328369140625 0.013671875 0.00927734375
0 0.5266927083333334 0.31298828125 0.01171875 0.01025390625
0 0.4104817708333333 0.385986328125 0.014973958333333334 0.0107421875
0 0.5397135416666666 0.358642578125 0.01171875 0.0078125
0 0.5328776041666666 0.36572265625 0.013020833333333334 0.0087890625
0 0.6002604166666666 0.451171875 0.015625 0.015625
0 0.5625 0.46875 0.012369791666666666 0.00634765625
0 0.6539713541666666 0.434814453125 0.01171875 0.00732421875
0 0.6878255208333334 0.392333984375 0.009765625 0.0068359375
0 0.6354166666666666 0.40771484375 0.01171875 0.009765625
0 0.6598307291666666 0.449462890625 0.011067708333333334 0.0078125
0 0.5836588541666666 0.442626953125 0.011067708333333334 0.00830078125
0 0.6829427083333334 0.3408203125 0.009765625 0.00830078125
0 0.8199869791666666 0.47412109375 0.011067708333333334 0.0078125
0 0.4114583333333333 0.60791015625 0.009765625 0.01123046875
0 0.4127604166666667 0.5205078125 0.020833333333333332 0.0126953125
0 0.11393229166666667 0.4423828125 0.013671875 0.009765625
0 0.115234375 0.485595703125 0.010416666666666666 0.00732421875
0 0.0380859375 0.66357421875 0.021484375 0.0126953125
0 0.16048177083333334 0.494384765625 0.013020833333333334 0.00732421875
0 0.4072265625 0.542724609375 0.013671875 0.0078125