0 0.333984375 0.80322265625 0.061197916666666664 0.04541015625
0 0.21712239583333334 0.637451171875 0.054036458333333336 0.0302734375
0 0.3037109375 0.569091796875 0.068359375 0.0419921875
0 0.5055338541666666 0.65087890625 0.024739583333333332 0.0126953125
0 0.6793619791666666 0.65625 0.044921875 0.033203125
0 0.4384765625 0.352294921875 0.059895833333333336 0.041015625
0 0.595703125 0.499267578125 0.053385416666666664 0.03173828125
0 0.5712890625 0.7470703125 0.06380208333333333 0.0322265625
0 0.9456380208333334 0.34228515625 0.022786458333333332 0.01513671875
0 0.008463541666666666 0.666015625 0.016927083333333332 0.056640625
0 0.07161458333333333 0.427490234375 0.055338541666666664 0.0341796875
0 0.4791666666666667 0.216064453125 0.072265625 0.04443359375
0 0.138671875 0.2412109375 0.053385416666666664 0.02978515625
0 0.482421875 0.493408203125 0.01953125 0.013671875
0 0.3216145833333333 0.767333984375 0.028645833333333332 0.021484375
0 0.5947265625 0.3671875 0.035807291666666664 0.02197265625
0 0.6487630208333334 0.754638671875 0.026041666666666668 0.0185546875
0 0.30078125 0.489990234375 0.021484375 0.01611328125
0 0.9296875 0.474365234375 0.027994791666666668 0.0185546875
0 0.81640625 0.233154296875 0.020833333333333332 0.01171875
0 0.28515625 0.223388671875 0.018229166666666668 0.01953125
0 0.8430989583333334 0.800537109375 0.057291666666666664 0.03857421875
0 0.017252604166666668 0.511962890625 0.034505208333333336 0.02880859375
0 0.12825520833333334 0.712890625 0.020833333333333332 0.0146484375
0 0.9407552083333334 0.5009765625 0.018880208333333332 0.0126953125
0 0.8782552083333334 0.551025390625 0.018880208333333332 0.0107421875
0 0.8125 0.693115234375 0.016927083333333332 0.0107421875
0 0.9055989583333334 0.463623046875 0.014973958333333334 0.01318359375
0 0.6168619791666666 0.299072265625 0.029947916666666668 0.02294921875
0 0.9537760416666666 0.26806640625 0.044921875 0.041015625
0 0.2923177083333333 0.47216796875 0.024739583333333332 0.017578125
0 0.6217447916666666 0.668701171875 0.018880208333333332 0.0078125
0 0.6100260416666666 0.422607421875 0.0234375 0.01416015625
0 0.5856119791666666 0.78173828125 0.018229166666666668 0.01171875
0 0.7259114583333334 0.46435546875 0.029296875 0.017578125
0 0.7607421875 0.820556640625 0.027994791666666668 0.0185546875
0 0.21712239583333334 0.781005859375 0.017578125 0.01416015625
0 0.0390625 0.3974609375 0.03125 0.021484375
0 0.7210286458333334 0.521728515625 0.018880208333333332 0.0107421875
0 0.8391927083333334 0.650146484375 0.016927083333333332 0.009765625
0 0.2623697916666667 0.601806640625 0.014973958333333334 0.01611328125
0 0.9596354166666666 0.463623046875 0.018880208333333332 0.01123046875
0 0.18294270833333334 0.2587890625 0.022135416666666668 0.013671875
0 0.6591796875 0.28759765625 0.015625 0.01513671875
0 0.6624348958333334 0.32666015625 0.018880208333333332 0.01708984375
0 0.15755208333333334 0.7734375 0.017578125 0.01171875
0 0.6481119791666666 0.408203125 0.014322916666666666 0.01123046875
0 0.010091145833333334 0.773681640625 0.020182291666666668 0.0146484375
0 0.2679036458333333 0.6162109375 0.01953125 0.013671875
0 0.16731770833333334 0.177490234375 0.042317708333333336 0.021484375
0 0.16243489583333334 0.422119140625 0.017578125 0.01123046875
0 0.634765625 0.450927734375 0.020833333333333332 0.009765625
0 0.0751953125 0.838134765625 0.020182291666666668 0.013671875
0 0.5641276041666666 0.2666015625 0.022786458333333332 0.0166015625
0 0.951171875 0.359619140625 0.01953125 0.01025390625
0 0.0546875 0.52197265625 0.02734375 0.01806640625
0 0.6373697916666666 0.703857421875 0.021484375 0.0107421875
0 0.7320963541666666 0.3115234375 0.020182291666666668 0.00927734375
0 0.024739583333333332 0.829345703125 0.017578125 0.01123046875
0 0.07942708333333333 0.614990234375 0.018880208333333332 0.013671875
0 0.5830078125 0.258544921875 0.016927083333333332 0.013671875
0 0.23567708333333334 0.831787109375 0.018229166666666668 0.01171875
0 0.455078125 0.490478515625 0.014973958333333334 0.01025390625
0 0.3141276041666667 0.838623046875 0.06770833333333333 0.0380859375
0 0.061848958333333336 0.53759765625 0.026692708333333332 0.01416015625
0 0.4501953125 0.224365234375 0.018880208333333332 0.017578125
0 0.63671875 0.28369140625 0.025390625 0.0205078125
0 0.8971354166666666 0.216552734375 0.022786458333333332 0.0126953125
0 0.7431640625 0.767333984375 0.01953125 0.013671875
0 0.7216796875 0.71923828125 0.015625 0.009765625
0 0.720703125 0.694580078125 0.020182291666666668 0.013671875
0 0.697265625 0.617431640625 0.018229166666666668 0.015625
0 0.7138671875 0.452880859375 0.020833333333333332 0.01611328125
0 0.5628255208333334 0.503662109375 0.01953125 0.01513671875