0 0.3642578125 0.49169921875 0.029947916666666668 0.0263671875
0 0.619140625 0.56201171875 0.059244791666666664 0.05126953125
0 0.6748046875 0.419677734375 0.037109375 0.03271484375
0 0.6253255208333334 0.47509765625 0.031901041666666664 0.029296875
0 0.3899739583333333 0.71484375 0.043619791666666664 0.0322265625
0 0.3404947916666667 0.498291015625 0.017578125 0.01611328125
0 0.4192708333333333 0.801513671875 0.01953125 0.01513671875
0 0.3873697916666667 0.41259765625 0.039713541666666664 0.03466796875
0 0.5628255208333334 0.71728515625 0.034505208333333336 0.029296875
0 0.6442057291666666 0.077392578125 0.014322916666666666 0.01513671875
0 0.5270182291666666 0.29443359375 0.014973958333333334 0.01513671875
0 0.7757161458333334 0.57080078125 0.02734375 0.03173828125
0 0.4215494791666667 0.593505859375 0.0234375 0.02099609375
0 0.6448567708333334 0.6337890625 0.033203125 0.03271484375
0 0.4059244791666667 0.4560546875 0.038411458333333336 0.02978515625
0 0.5911458333333334 0.395751953125 0.0234375 0.01953125
0 0.47265625 0.595458984375 0.026692708333333332 0.0234375
0 0.4645182291666667 0.7978515625 0.044270833333333336 0.03515625
0 0.6715494791666666 0.342041015625 0.029296875 0.029296875
0 0.7047526041666666 0.649658203125 0.030598958333333332 0.02685546875
0 0.3326822916666667 0.695068359375 0.037760416666666664 0.0322265625
0 0.4404296875 0.61962890625 0.03515625 0.0283203125
0 0.7275390625 0.242431640625 0.022786458333333332 0.0205078125
0 0.6331380208333334 0.357421875 0.0390625 0.029296875
0 0.3190104166666667 0.39794921875 0.038411458333333336 0.01953125
0 0.3639322916666667 0.533935546875 0.015625 0.015625
0 0.7757161458333334 0.754150390625 0.029296875 0.02685546875
0 0.7701822916666666 0.669189453125 0.017578125 0.01611328125
0 0.4713541666666667 0.409423828125 0.016276041666666668 0.01708984375
0 0.4817708333333333 0.3525390625 0.017578125 0.017578125
0 0.720703125 0.72412109375 0.016276041666666668 0.01708984375
0 0.5813802083333334 0.349853515625 0.013020833333333334 0.01416015625
0 0.4111328125 0.47900390625 0.021484375 0.01708984375
0 0.4694010416666667 0.453125 0.018880208333333332 0.01953125
0 0.7529296875 0.723876953125 0.011067708333333334 0.01171875
0 0.57421875 0.057373046875 0.01953125 0.01708984375
0 0.599609375 0.073486328125 0.018229166666666668 0.02001953125
0 0.4983723958333333 0.52734375 0.06315104166666667 0.0556640625
0 0.3922526041666667 0.190673828125 0.0234375 0.02783203125
0 0.7555338541666666 0.260986328125 0.026692708333333332 0.033203125
0 0.5693359375 0.55126953125 0.04296875 0.0302734375
0 0.3798828125 0.3544921875 0.026041666666666668 0.01708984375
0 0.4768880208333333 0.4775390625 0.018229166666666668 0.01123046875
0 0.3264973958333333 0.550048828125 0.012369791666666666 0.01318359375
0 0.3668619791666667 0.663330078125 0.014322916666666666 0.01220703125
0 0.7418619791666666 0.67138671875 0.013020833333333334 0.01220703125
0 0.4700520833333333 0.616943359375 0.015625 0.01123046875
0 0.7682291666666666 0.234130859375 0.022135416666666668 0.01513671875
0 0.7327473958333334 0.152099609375 0.014322916666666666 0.01416015625
0 0.7099609375 0.4951171875 0.0390625 0.033203125
0 0.451171875 0.376708984375 0.01953125 0.0126953125
0 0.6702473958333334 0.580810546875 0.013020833333333334 0.0146484375
0 0.3733723958333333 0.44384765625 0.014322916666666666 0.01318359375
0 0.7613932291666666 0.027587890625 0.017578125 0.0185546875
0 0.74609375 0.693115234375 0.014322916666666666 0.01025390625
0 0.4329427083333333 0.375244140625 0.013020833333333334 0.013671875
0 0.515625 0.36376953125 0.013671875 0.0107421875
0 0.6829427083333334 0.670654296875 0.014322916666666666 0.00927734375
0 0.3287760416666667 0.82373046875 0.017578125 0.01513671875
0 0.6767578125 0.527587890625 0.012369791666666666 0.01611328125
0 0.5201822916666666 0.25634765625 0.028645833333333332 0.037109375
0 0.4654947916666667 0.290283203125 0.015625 0.01318359375
0 0.7014973958333334 0.678955078125 0.013020833333333334 0.01416015625
0 0.4114583333333333 0.53076171875 0.024088541666666668 0.00927734375
0 0.5374348958333334 0.6328125 0.011067708333333334 0.009765625
0 0.5729166666666666 0.603515625 0.014973958333333334 0.01171875
0 0.5582682291666666 0.306640625 0.014973958333333334 0.017578125
0 0.5016276041666666 0.410888671875 0.013020833333333334 0.009765625
0 0.6126302083333334 0.020263671875 0.013671875 0.01513671875
0 0.4420572916666667 0.255859375 0.014322916666666666 0.0126953125
0 0.7194010416666666 0.044677734375 0.014322916666666666 0.0107421875
0 0.4983723958333333 0.594482421875 0.024088541666666668 0.0224609375
0 0.3245442708333333 0.12890625 0.014322916666666666 0.01318359375
0 0.6578776041666666 0.776123046875 0.050130208333333336 0.02734375
0 0.634765625 0.66845703125 0.07356770833333333 0.06005859375
0 0.6656901041666666 0.691162109375 0.020833333333333332 0.01171875
0 0.3548177083333333 0.809814453125 0.018229166666666668 0.01220703125
0 0.3525390625 0.75830078125 0.01953125 0.015625
0 0.4052734375 0.73583984375 0.016276041666666668 0.01318359375
0 0.6344401041666666 0.594970703125 0.035807291666666664 0.029296875
0 0.5094401041666666 0.455078125 0.02734375 0.0166015625
0 0.4381510416666667 0.53564453125 0.01171875 0.01611328125
0 0.4388020833333333 0.488037109375 0.010416666666666666 0.00927734375
0 0.5227864583333334 0.515380859375 0.014973958333333334 0.0185546875
0 0.7467447916666666 0.354248046875 0.017578125 0.009765625
0 0.7890625 0.409912109375 0.017578125 0.01171875
0 0.4016927083333333 0.338134765625 0.013671875 0.01171875
0 0.4195963541666667 0.246337890625 0.015625 0.0146484375
0 0.3815104166666667 0.233642578125 0.020833333333333332 0.013671875
0 0.3317057291666667 0.302734375 0.020833333333333332 0.0126953125
0 0.4352213541666667 0.282470703125 0.014973958333333334 0.01025390625
0 0.3385416666666667 0.154541015625 0.016927083333333332 0.01220703125
0 0.5234375 0.17919921875 0.020182291666666668 0.01708984375
0 0.3701171875 0.226806640625 0.015625 0.00830078125
0 0.6702473958333334 0.086669921875 0.016927083333333332 0.01220703125
0 0.6455078125 0.0400390625 0.014322916666666666 0.01123046875
0 0.7034505208333334 0.169677734375 0.01953125 0.01123046875
0 0.673828125 0.162109375 0.017578125 0.013671875
0 0.6611328125 0.1396484375 0.01171875 0.00927734375
0 0.7721354166666666 0.10693359375 0.014322916666666666 0.01025390625
0 0.3108723958333333 0.23095703125 0.012369791666666666 0.015625
0 0.7438151041666666 0.7294921875 0.012369791666666666 0.0087890625