0 0.5794270833333334 0.86962890625 0.024739583333333332 0.0244140625
0 0.2529296875 0.58740234375 0.024088541666666668 0.01806640625
0 0.5859375 0.24609375 0.034505208333333336 0.0322265625
0 0.2275390625 0.63720703125 0.029947916666666668 0.02490234375
0 0.326171875 0.342041015625 0.024739583333333332 0.02099609375
0 0.5338541666666666 0.35107421875 0.018880208333333332 0.01953125
0 0.626953125 0.765625 0.029296875 0.0234375
0 0.5895182291666666 0.491455078125 0.017578125 0.01611328125
0 0.23990885416666666 0.77001953125 0.036458333333333336 0.02783203125
0 0.3313802083333333 0.7119140625 0.018229166666666668 0.0205078125
0 0.4899088541666667 0.88720703125 0.032552083333333336 0.02978515625
0 0.6774088541666666 0.93603515625 0.034505208333333336 0.0224609375
0 0.4401041666666667 0.48974609375 0.029296875 0.0205078125
0 0.23079427083333334 0.197998046875 0.02734375 0.0224609375
0 0.2613932291666667 0.669677734375 0.024088541666666668 0.0244140625
0 0.2727864583333333 0.370849609375 0.020182291666666668 0.0126953125
0 0.4130859375 0.31298828125 0.024088541666666668 0.01611328125
0 0.3509114583333333 0.3076171875 0.01953125 0.021484375
0 0.4654947916666667 0.27001953125 0.020182291666666668 0.01708984375
0 0.2158203125 0.3623046875 0.026692708333333332 0.021484375
0 0.2526041666666667 0.321044921875 0.018880208333333332 0.01708984375
0 0.3450520833333333 0.4404296875 0.016927083333333332 0.0146484375
0 0.4651692708333333 0.37890625 0.024739583333333332 0.02099609375
0 0.5602213541666666 0.2861328125 0.027994791666666668 0.03076171875
0 0.4127604166666667 0.456298828125 0.025390625 0.01806640625
0 0.5100911458333334 0.38330078125 0.026692708333333332 0.025390625
0 0.5338541666666666 0.510986328125 0.016276041666666668 0.0185546875
0 0.24772135416666666 0.48095703125 0.024739583333333332 0.02294921875
0 0.5384114583333334 0.3916015625 0.015625 0.0126953125
0 0.4860026041666667 0.216796875 0.026692708333333332 0.01806640625
0 0.24967447916666666 0.291015625 0.037760416666666664 0.02734375
0 0.3284505208333333 0.22119140625 0.024739583333333332 0.021484375
0 0.5901692708333334 0.71240234375 0.026692708333333332 0.025390625
0 0.21549479166666666 0.55615234375 0.024739583333333332 0.02001953125
0 0.3909505208333333 0.4296875 0.029947916666666668 0.02197265625
0 0.4322916666666667 0.403076171875 0.028645833333333332 0.02197265625
0 0.603515625 0.189208984375 0.03515625 0.025390625
0 0.3746744791666667 0.46923828125 0.028645833333333332 0.01904296875
0 0.3668619791666667 0.445068359375 0.0234375 0.02197265625
0 0.5481770833333334 0.24267578125 0.022135416666666668 0.01220703125
0 0.5152994791666666 0.703857421875 0.018229166666666668 0.0166015625
0 0.3766276041666667 0.2509765625 0.01953125 0.01708984375
0 0.2561848958333333 0.90576171875 0.024739583333333332 0.01611328125
0 0.5764973958333334 0.207763671875 0.024739583333333332 0.02099609375
0 0.22395833333333334 0.809326171875 0.024088541666666668 0.0244140625
0 0.4527994791666667 0.3056640625 0.017578125 0.01416015625
0 0.6975911458333334 0.48291015625 0.016276041666666668 0.01953125
0 0.5029296875 0.597412109375 0.014322916666666666 0.01220703125
0 0.4947916666666667 0.801513671875 0.024088541666666668 0.01953125
0 0.412109375 0.349365234375 0.020833333333333332 0.0126953125
0 0.546875 0.425537109375 0.028645833333333332 0.0234375
0 0.5810546875 0.367919921875 0.018880208333333332 0.02197265625
0 0.5218098958333334 0.805908203125 0.022786458333333332 0.01611328125
0 0.3284505208333333 0.305908203125 0.031901041666666664 0.03466796875
0 0.2962239583333333 0.51123046875 0.020182291666666668 0.0185546875
0 0.3551432291666667 0.5087890625 0.0234375 0.0244140625
0 0.4912109375 0.774658203125 0.013671875 0.01513671875
0 0.5572916666666666 0.890625 0.031901041666666664 0.03466796875
0 0.44140625 0.24560546875 0.013020833333333334 0.0107421875
0 0.6748046875 0.263427734375 0.034505208333333336 0.02880859375
0 0.2926432291666667 0.4345703125 0.042317708333333336 0.02392578125
0 0.5032552083333334 0.29541015625 0.02734375 0.01904296875
0 0.2770182291666667 0.25732421875 0.025390625 0.0205078125
0 0.4505208333333333 0.287841796875 0.033203125 0.0224609375
0 0.6770833333333334 0.342529296875 0.08854166666666667 0.0400390625
0 0.5462239583333334 0.799072265625 0.024088541666666668 0.01708984375
0 0.2692057291666667 0.20703125 0.027994791666666668 0.0234375
0 0.5895182291666666 0.671630859375 0.017578125 0.0166015625
0 0.291015625 0.58056640625 0.018229166666666668 0.01318359375
0 0.5901692708333334 0.333984375 0.014322916666666666 0.01416015625
0 0.2584635416666667 0.63818359375 0.015625 0.01904296875
0 0.6311848958333334 0.23876953125 0.015625 0.01220703125
0 0.6708984375 0.891357421875 0.015625 0.01708984375
0 0.6240234375 0.907470703125 0.0234375 0.01708984375
0 0.3238932291666667 0.478271484375 0.037109375 0.02880859375
0 0.7044270833333334 0.791015625 0.010416666666666666 0.0126953125
0 0.3889973958333333 0.521484375 0.022135416666666668 0.01318359375
0 0.5504557291666666 0.706787109375 0.009114583333333334 0.01220703125
0 0.3603515625 0.202392578125 0.009765625 0.00927734375
0 0.2727864583333333 0.504150390625 0.025390625 0.01904296875
0 0.24609375 0.457275390625 0.024088541666666668 0.0166015625
0 0.4248046875 0.233154296875 0.0234375 0.02197265625
0 0.6285807291666666 0.37158203125 0.016276041666666668 0.0126953125
0 0.6028645833333334 0.44384765625 0.016927083333333332 0.01708984375
0 0.4996744791666667 0.2353515625 0.013671875 0.013671875
0 0.5771484375 0.7529296875 0.016276041666666668 0.01171875
0 0.3548177083333333 0.74609375 0.057942708333333336 0.02001953125
0 0.2809244791666667 0.303955078125 0.02734375 0.0224609375
0 0.44921875 0.341796875 0.018229166666666668 0.01025390625
0 0.22395833333333334 0.389404296875 0.014322916666666666 0.01171875
0 0.3212890625 0.1962890625 0.016927083333333332 0.01171875
0 0.2958984375 0.333740234375 0.014973958333333334 0.01220703125
0 0.6220703125 0.539306640625 0.014322916666666666 0.01318359375
0 0.3821614583333333 0.3232421875 0.018229166666666668 0.013671875
0 0.2532552083333333 0.239990234375 0.015625 0.015625
0 0.5546875 0.57861328125 0.014973958333333334 0.013671875
0 0.5611979166666666 0.316650390625 0.014322916666666666 0.01171875
0 0.5237630208333334 0.603271484375 0.013020833333333334 0.01171875
0 0.6412760416666666 0.30419921875 0.016927083333333332 0.01416015625
0 0.580078125 0.31591796875 0.018880208333333332 0.01513671875
0 0.4697265625 0.747314453125 0.016276041666666668 0.01953125
0 0.49609375 0.33984375 0.014973958333333334 0.01416015625
0 0.6510416666666666 0.5087890625 0.028645833333333332 0.015625
0 0.3994140625 0.3974609375 0.015625 0.0146484375
0 0.619140625 0.7255859375 0.018229166666666668 0.0146484375
0 0.24869791666666666 0.72607421875 0.01171875 0.01318359375
0 0.6090494791666666 0.68505859375 0.009765625 0.0078125
0 0.408203125 0.2490234375 0.018229166666666668 0.01513671875
0 0.5777994791666666 0.95166015625 0.013020833333333334 0.00927734375
0 0.234375 0.423828125 0.022135416666666668 0.02099609375
0 0.2819010416666667 0.803955078125 0.014973958333333334 0.013671875
0 0.21647135416666666 0.430908203125 0.013671875 0.009765625
0 0.4602864583333333 0.803466796875 0.020833333333333332 0.0107421875
0 0.4261067708333333 0.207763671875 0.021484375 0.02099609375
0 0.5003255208333334 0.27685546875 0.013671875 0.01513671875
0 0.3447265625 0.2685546875 0.013671875 0.01025390625
0 0.7047526041666666 0.831298828125 0.020833333333333332 0.00927734375
0 0.322265625 0.38427734375 0.013020833333333334 0.01220703125
0 0.6650390625 0.195556640625 0.024088541666666668 0.02197265625
0 0.3346354166666667 0.96044921875 0.024088541666666668 0.01708984375
0 0.2750651041666667 0.23486328125 0.01171875 0.0107421875
0 0.6614583333333334 0.648681640625 0.013020833333333334 0.009765625
0 0.6214192708333334 0.49853515625 0.016927083333333332 0.01171875
0 0.3014322916666667 0.697021484375 0.010416666666666666 0.01025390625
0 0.4918619791666667 0.5361328125 0.039713541666666664 0.02490234375
0 0.6477864583333334 0.669921875 0.011067708333333334 0.00830078125
0 0.19759114583333334 0.6806640625 0.017578125 0.01904296875
0 0.6845703125 0.300048828125 0.010416666666666666 0.0107421875
0 0.3619791666666667 0.2685546875 0.014973958333333334 0.0126953125
0 0.26171875 0.229736328125 0.0234375 0.02197265625
0 0.23990885416666666 0.274169921875 0.0234375 0.02099609375
0 0.4182942708333333 0.33544921875 0.017578125 0.0126953125
0 0.4104817708333333 0.195068359375 0.048828125 0.017578125
0 0.3626302083333333 0.32666015625 0.025390625 0.02001953125
0 0.6595052083333334 0.20947265625 0.021484375 0.017578125
0 0.646484375 0.319091796875 0.033203125 0.0166015625
0 0.5940755208333334 0.305419921875 0.02734375 0.01708984375
0 0.4365234375 0.38623046875 0.020182291666666668 0.0107421875
0 0.3714192708333333 0.33837890625 0.0234375 0.01220703125
0 0.453125 0.396728515625 0.022135416666666668 0.01220703125
0 0.4072265625 0.230224609375 0.016927083333333332 0.01611328125
0 0.3317057291666667 0.435791015625 0.014973958333333334 0.0166015625
0 0.384765625 0.455322265625 0.018229166666666668 0.0126953125
0 0.3216145833333333 0.466796875 0.013020833333333334 0.0078125
0 0.24544270833333334 0.4384765625 0.024088541666666668 0.0146484375
0 0.3649088541666667 0.4951171875 0.03515625 0.02783203125
0 0.6455078125 0.98095703125 0.018880208333333332 0.0107421875
0 0.615234375 0.713623046875 0.020833333333333332 0.01220703125
0 0.5406901041666666 0.7060546875 0.014973958333333334 0.0126953125
0 0.5934244791666666 0.5361328125 0.018229166666666668 0.01025390625
0 0.6357421875 0.44140625 0.036458333333333336 0.0263671875
0 0.3678385416666667 0.727783203125 0.0234375 0.0107421875
0 0.61328125 0.964599609375 0.026041666666666668 0.013671875
0 0.5852864583333334 0.773193359375 0.016927083333333332 0.00927734375
0 0.6770833333333334 0.454345703125 0.041666666666666664 0.0185546875
0 0.3492838541666667 0.547119140625 0.018229166666666668 0.017578125
0 0.6731770833333334 0.185302734375 0.0234375 0.009765625
0 0.5537109375 0.214111328125 0.010416666666666666 0.00634765625