0 0.4313151041666667 0.421142578125 0.0390625 0.03173828125
0 0.7477213541666666 0.093017578125 0.040364583333333336 0.03466796875
0 0.3974609375 0.437744140625 0.024088541666666668 0.0263671875
0 0.4430338541666667 0.078857421875 0.029947916666666668 0.02392578125
0 0.4853515625 0.690673828125 0.048177083333333336 0.0498046875
0 0.9235026041666666 0.804443359375 0.025390625 0.01953125
0 0.12825520833333334 0.74462890625 0.0390625 0.03564453125
0 0.4599609375 0.1767578125 0.031901041666666664 0.03076171875
0 0.20670572916666666 0.535400390625 0.035807291666666664 0.02294921875
0 0.3251953125 0.01904296875 0.022135416666666668 0.021484375
0 0.6227213541666666 0.0654296875 0.037109375 0.02001953125
0 0.6953125 0.363037109375 0.024739583333333332 0.01513671875
0 0.18782552083333334 0.69140625 0.09830729166666667 0.0791015625
0 0.7506510416666666 0.314208984375 0.014973958333333334 0.01171875
0 0.7646484375 0.89306640625 0.016276041666666668 0.01611328125
0 0.059895833333333336 0.345703125 0.014973958333333334 0.01513671875
0 0.78515625 0.683837890625 0.018229166666666668 0.0146484375
0 0.08040364583333333 0.667236328125 0.020182291666666668 0.0146484375
0 0.7076822916666666 0.519775390625 0.016927083333333332 0.0146484375
0 0.7509765625 0.482421875 0.018229166666666668 0.013671875
0 0.9225260416666666 0.6181640625 0.029947916666666668 0.03173828125
0 0.3850911458333333 0.240234375 0.01953125 0.01416015625
0 0.5634765625 0.633544921875 0.012369791666666666 0.0146484375
0 0.4752604166666667 0.212158203125 0.010416666666666666 0.013671875
0 0.7034505208333334 0.0146484375 0.018880208333333332 0.01171875
0 0.053059895833333336 0.109619140625 0.018880208333333332 0.0126953125
0 0.4287109375 0.711669921875 0.016927083333333332 0.013671875
0 0.7952473958333334 0.1708984375 0.055989583333333336 0.04541015625
0 0.21712239583333334 0.427734375 0.032552083333333336 0.0166015625
0 0.24479166666666666 0.21435546875 0.024088541666666668 0.0205078125
0 0.3707682291666667 0.107177734375 0.018229166666666668 0.02001953125
0 0.7307942708333334 0.491943359375 0.022135416666666668 0.01513671875
0 0.8831380208333334 0.5126953125 0.014322916666666666 0.01513671875
0 0.232421875 0.672607421875 0.017578125 0.01123046875
0 0.17122395833333334 0.723388671875 0.022135416666666668 0.0166015625