0 0.41484788359788355 0.7442956349206349 0.02347883597883597 0.02430555555555558
0 0.308531746031746 0.39806547619047616 0.02447089947089946 0.02331349206349209
0 0.7038690476190476 0.5385664682539683 0.024140211640211778 0.02356150793650791
0 0.5208333333333334 0.42249503968253965 0.02777777777777783 0.019593253968253954
0 0.26471560846560843 0.36594742063492064 0.03339947089947093 0.03199404761904756
0 0.443287037037037 0.38008432539682535 0.047288359788359845 0.02951388888888884
0 0.48214285714285715 0.20225694444444442 0.02645502645502651 0.020585317460317443
0 0.4054232804232804 0.26624503968253965 0.02777777777777783 0.028025793650793607
0 0.3206018518518518 0.8359375 0.01752645502645504 0.014136904761904656
0 0.6435185185185185 0.5875496031746031 0.01851851851851845 0.021329365079365115
0 0.5836640211640212 0.3506944444444444 0.02513227513227519 0.016369047619047672
0 0.24074074074074073 0.27827380952380953 0.0330687830687831 0.02529761904761907
0 0.6550925925925926 0.546875 0.02579365079365085 0.022817460317460236
0 0.34871031746031744 0.3071676587301587 0.02876984126984124 0.024057539682539653
0 0.28786375661375657 0.9030257936507936 0.01752645502645504 0.012400793650793718
0 0.2605820105820106 0.23995535714285712 0.03571428571428573 0.02653769841269843
0 0.6390542328042328 0.4243551587301587 0.02281746031746031 0.022321428571428603
0 0.32622354497354494 0.32762896825396826 0.02347883597883597 0.023809523809523836
0 0.46709656084656087 0.44667658730158727 0.026785714285714263 0.019841269841269882
0 0.38971560846560843 0.4559771825396825 0.01752645502645504 0.009672619047619069
0 0.28621031746031744 0.38752480158730157 0.019510582010582016 0.017609126984126977
0 0.373015873015873 0.46800595238095233 0.033730158730158756 0.03670634920634919
0 0.7151124338624338 0.5973462301587301 0.020171957671957525 0.013144841269841168
0 0.27761243386243384 0.7217261904761905 0.02215608465608465 0.012400793650793718
0 0.6418650793650793 0.22271825396825395 0.01851851851851845 0.015873015873015872
0 0.49520502645502645 0.4946676587301587 0.018187830687830697 0.01116071428571419
0 0.7217261904761904 0.9234871031746031 0.011574074074074106 0.011656746031746046
0 0.320271164021164 0.8928571428571428 0.018849206349206355 0.014384920634920695
0 0.31051587301587297 0.8070436507936507 0.02447089947089946 0.01140873015873023
0 0.6010251322751322 0.2724454365079365 0.02281746031746031 0.016121031746031744
0 0.5150462962962963 0.24119543650793648 0.014219576719576743 0.010664682539682557
0 0.29596560846560843 0.37214781746031744 0.01587301587301589 0.013640873015873023
0 0.27761243386243384 0.7390873015873015 0.012896825396825426 0.012896825396825351
0 0.3837632275132275 0.2628968253968254 0.014880952380952403 0.01835317460317465
0 0.31845238095238093 0.706845238095238 0.023809523809523798 0.015376984126984183
0 0.6787367724867724 0.3349454365079365 0.01752645502645489 0.011656746031746046
0 0.673776455026455 0.5837053571428571 0.024140211640211778 0.019593253968253954
0 0.7093253968253967 0.7873263888888888 0.01984126984126977 0.01116071428571419
0 0.3205324074074074 0.5028794642857143 0.026924603174603174 0.014687499999999964
0 0.35102513227513227 0.782986111111111 0.011574074074074106 0.016369047619047672
0 0.5667989417989417 0.7473958333333333 0.01388888888888884 0.011656746031746046
0 0.4246031746031746 0.7078373015873015 0.011243386243386203 0.017857142857142794
0 0.5160383597883598 0.3692956349206349 0.019510582010582016 0.009424603174603141
0 0.28885582010582006 0.42931547619047616 0.011574074074074106 0.012896825396825351
0 0.25413359788359785 0.3897569444444444 0.01554232804232806 0.011656746031746046
0 0.6936177248677248 0.21738591269841268 0.01884920634920621 0.015625
0 0.34953703703703703 0.4456845238095238 0.01984126984126977 0.01041666666666663
0 0.20039682539682538 0.6960565476190476 0.011904761904761937 0.013144841269841168
0 0.4692460317460317 0.22842261904761904 0.012566137566137522 0.014880952380952384
0 0.5947420634920635 0.8179563492063492 0.012896825396825426 0.010912698412698374
0 0.2390873015873016 0.5762648809523809 0.01587301587301589 0.01116071428571419
0 0.5917658730158729 0.3247767857142857 0.010251322751322789 0.00868055555555558
0 0.2718253968253968 0.4036458333333333 0.019841269841269844 0.014136904761904767
0 0.4874338624338624 0.5240575396825397 0.012566137566137522 0.01140873015873023
0 0.3120039682539682 0.9345238095238094 0.018187830687830697 0.01388888888888884
0 0.3989748677248677 0.480406746031746 0.01620370370370372 0.019345238095238138
0 0.6121031746031745 0.3030753968253968 0.017195767195767136 0.013392857142857095
0 0.6499669312169312 0.44146825396825395 0.012235449735449766 0.012400793650793607
0 0.6233465608465608 0.39806547619047616 0.009259259259259226 0.012400793650793607
0 0.21296296296296294 0.30431547619047616 0.011904761904761937 0.012400793650793607
0 0.32870370370370366 0.9202628968253967 0.01587301587301589 0.012648809523809534
0 0.6258267195767195 0.36681547619047616 0.010251322751322789 0.011408730158730118
0 0.3812830687830688 0.3160962301587301 0.007936507936507908 0.00868055555555558
0 0.7008928571428571 0.9543650793650793 0.01620370370370357 0.016369047619047672
0 0.5085978835978836 0.3523065476190476 0.01322751322751318 0.010664682539682557
0 0.33465608465608465 0.40426587301587297 0.009920634920634885 0.009920634920634885
0 0.4341931216931217 0.2378472222222222 0.007936507936507908 0.009424603174603197
0 0.27581018518518513 0.2132316468253968 0.038541666666666696 0.024246031746031738
0 0.530406746031746 0.2548660714285714 0.015691137566137492 0.014005456349206358
0 0.556848544973545 0.2638690476190476 0.013964947089947147 0.009414682539682584
0 0.5215806878306878 0.4491989087301587 0.009444444444444441 0.011723710317460334
0 0.30549272486772483 0.33891369047619047 0.026706349206349216 0.014412202380952421
0 0.36867394179894175 0.3075272817460317 0.022797619047618973 0.02296130952380948
0 0.3113525132275132 0.31839533730158726 0.029963624338624317 0.020272817460317505
0 0.2520800264550264 0.29922123015873014 0.010423280423280445 0.007817460317460334
0 0.3339880952380952 0.433077876984127 0.018564814814814756 0.01270089285714282
0 0.20746031746031746 0.32682291666666663 0.012374338624338602 0.008306051587301577
0 0.5591997354497354 0.3390376984126984 0.010423280423280445 0.007328869047619091
0 0.6518551587301588 0.49573164682539683 0.018564814814814756 0.01734374999999999
0 0.48771164021164015 0.56546875 0.016610449735449784 0.013678075396825307
0 0.5448115079365079 0.5735912698412697 0.012595899470899527 0.006629464285714315
0 0.3875859788359788 0.6412103174603174 0.011491402116402169 0.008948412698412733
0 0.422281746031746 0.592733134920635 0.014583333333333393 0.008120039682539604
0 0.31610119047619045 0.5276860119047619 0.0196660052910053 0.010937500000000044
0 0.3131183862433862 0.6944915674603175 0.015909391534391526 0.008452380952380878
0 0.4053769841269841 0.9038095238095237 0.013478835978836035 0.0124305555555555
0 0.5859126984126983 0.9246081349206349 0.020548941798941733 0.016242559523809597
0 0.6460152116402116 0.4816121031746031 0.012152777777777827 0.008618551587301626
0 0.40346230158730156 0.28896081349206343 0.012873677248677199 0.008742559523809534
0 0.4349537037037037 0.3271279761904762 0.008700396825396842 0.007046130952380936
0 0.32226190476190475 0.5609424603174602 0.017232142857142845 0.010339781746031784
0 0.3471560846560846 0.5265773809523809 0.01897156084656082 0.01592757936507927
0 0.290380291005291 0.47794890873015866 0.0094179894179894 0.007586805555555576
0 0.5867030423280423 0.7715525793650794 0.009041005291005266 0.007874503968253954
0 0.5010119047619047 0.7453472222222222 0.01424272486772482 0.01083333333333325
0 0.7192691798941798 0.9451512896825396 0.015846560846560703 0.01053075396825398
0 0.4553736772486772 0.29526537698412697 0.010833333333333398 0.008273809523809517
0 0.35763558201058204 0.5405977182539682 0.008617724867724904 0.007291666666666696
0 0.6284325396825396 0.6403645833333332 0.011048280423280469 0.006959325396825422
0 0.7043320105820107 0.5706770833333332 0.011269841269841171 0.006795634920634841