0 0.8231944444444443 0.28236441798941797 0.03164930555555556 0.03012566137566138
0 0.6727331349206349 0.5472784391534391 0.023082837301587222 0.02659391534391527
0 0.37698660714285714 0.348640873015873 0.0173214285714286 0.025750661375661437
0 0.24303571428571427 0.29596560846560843 0.027718253968253947 0.04728505291005288
0 0.3230109126984127 0.3347685185185185 0.026436011904761858 0.0346031746031746
0 0.5167881944444445 0.2992030423280423 0.021959325396825324 0.015287698412698392
0 0.9260788690476189 0.25124669312169307 0.017415674603174613 0.028730158730158717
0 0.42372023809523807 0.5387830687830687 0.024340277777777808 0.024824735449735513
0 0.8921875 0.5508829365079364 0.02750000000000008 0.022251984126984148
0 0.32770585317460316 0.378452380952381 0.017363591269841216 0.020836640211640223
0 0.7095560515873015 0.5373809523809524 0.016736111111111063 0.02230820105820112
0 0.2116939484126984 0.48151124338624335 0.017792658730158728 0.01859457671957676
0 0.877720734126984 0.24011243386243386 0.02073412698412702 0.026838624338624346
0 0.2876661706349206 0.3626984126984127 0.025126488095238098 0.03702711640211639
0 0.2789112103174603 0.49284060846560845 0.018678075396825422 0.016193783068783052
0 0.5821577380952381 0.35817129629629624 0.042318948412698454 0.04405423280423282
0 0.471344246031746 0.37952050264550263 0.01475694444444442 0.016193783068783052
0 0.6582366071428571 0.5959358465608465 0.012524801587301626 0.013687169312169326
0 0.5826240079365079 0.3935912698412698 0.030749007936508033 0.030787037037036964
0 0.8733333333333333 0.4771263227513227 0.018643353174603083 0.019923941798941858
0 0.9296750992063492 0.36753637566137565 0.016259920634920544 0.02201719576719574
0 0.7579613095238095 0.30632275132275133 0.014332837301587409 0.025658068783068755
0 0.38086309523809525 0.631521164021164 0.014303075396825404 0.012126322751322713
0 0.6946329365079366 0.622010582010582 0.017313988095237987 0.015138888888888887
0 0.8548065476190475 0.6127513227513227 0.01389632936507934 0.01751322751322748
0 0.7223338293650793 0.6131613756613756 0.01850694444444434 0.02252314814814819
0 0.7167956349206348 0.6445271164021164 0.011321924603174605 0.016712962962962912
0 0.9530109126984126 0.3878571428571429 0.018199404761904736 0.022979497354497298
0 0.9059300595238095 0.6290145502645502 0.030964781746031678 0.019140211640211586
0 0.3404241071428571 0.2549074074074074 0.01039186507936507 0.015085978835978805
0 0.36983382936507936 0.25992063492063494 0.012162698412698458 0.02098544973544973
0 0.38453869047619044 0.25136243386243384 0.01326636904761902 0.019130291005290994
0 0.5593377976190476 0.2895535714285714 0.010835813492063417 0.01351190476190478
0 0.676202876984127 0.32435185185185184 0.01459325396825406 0.021157407407407458
0 0.7226388888888888 0.27584656084656084 0.02564980158730168 0.016160714285714306
0 0.7650967261904761 0.25564484126984127 0.008402777777777759 0.011749338624338653
0 0.7862127976190476 0.37034060846560846 0.01039186507936507 0.01468584656084652
0 0.7574677579365079 0.38906746031746026 0.012162698412698347 0.02027777777777784
0 0.7105877976190477 0.3417328042328043 0.014816468253968207 0.01765211640211639
0 0.6971006944444444 0.3775628306878307 0.0364856150793651 0.05036375661375662
0 0.906173115079365 0.2913293650793651 0.012824900793650729 0.014087301587301612
0 0.9032986111111111 0.2736375661375661 0.011056547619047619 0.009497354497354523
0 0.8733358134920635 0.6952744708994709 0.016143353174603137 0.026646825396825353
0 0.8471329365079364 0.6673974867724867 0.013710317460317478 0.02085317460317467
0 0.8410515873015872 0.6435152116402116 0.02410218253968255 0.02691137566137562
0 0.7415451388888888 0.5945701058201057 0.01569940476190479 0.030436507936507873
0 0.7151215277777777 0.5814484126984126 0.015037202380952408 0.01658068783068778
0 0.6911284722222222 0.5818882275132276 0.010835813492063417 0.012156084656084717
0 0.6377281746031747 0.4940046296296296 0.00884424603174594 0.018005952380952372
0 0.6526537698412698 0.617281746031746 0.010835813492063417 0.021617063492063455
0 0.724186507936508 0.6725661375661375 0.007961309523809579 0.010714285714285824
0 0.543859126984127 0.5239583333333333 0.01039186507936507 0.014814814814814762
0 0.462485119047619 0.5005092592592592 0.008182043650793669 0.014394841269841288
0 0.45739831349206345 0.5650826719576719 0.012162698412698458 0.016739417989418026
0 0.3805580357142857 0.5299900793650794 0.019459325396825378 0.020879629629629637
0 0.3769097222222222 0.5140707671957672 0.013489583333333277 0.01096230158730164
0 0.3363318452380952 0.5789484126984127 0.00884424603174605 0.007876984126984196
0 0.1837549603174603 0.7041203703703705 0.0075173611111111205 0.016395502645502564
0 0.20277281746031747 0.6097453703703702 0.008402777777777759 0.01409391534391539
0 0.253077876984127 0.5445965608465607 0.03560019841269846 0.0364847883597883
0 0.2301909722222222 0.4442063492063492 0.0066344246031745935 0.010833333333333398
0 0.21228174603174602 0.3701851851851852 0.00884424603174605 0.010274470899470867
0 0.266125992063492 0.33156084656084656 0.009508928571428599 0.014411375661375589
0 0.3031646825396825 0.327880291005291 0.009729662698412689 0.011157407407407375
0 0.29542410714285716 0.3060548941798942 0.00884424603174605 0.010582010582010545
0 0.885610119047619 0.35678902116402117 0.02697668650793661 0.03176256613756608
0 0.9152926587301586 0.6128968253968253 0.010887896825396925 0.016541005291005256
0 0.9038740079365079 0.4687962962962963 0.008601190476190457 0.012480158730158694
0 0.2483779761904762 0.7035747354497355 0.013303571428571415 0.025565476190476073
0 0.2270436507936508 0.6714318783068783 0.011798115079365068 0.01416335978835992
0 0.545453869047619 0.45320436507936507 0.02811259920634912 0.020162037037037006
0 0.2899206349206349 0.5701355820105819 0.01921130952380956 0.02406415343915347
0 0.5139087301587301 0.4762136243386243 0.012517361111111125 0.018630952380952397
0 0.5141989087301587 0.578287037037037 0.014263392857142954 0.01707671957671956
0 0.3992212301587302 0.5419973544973545 0.011351686507936498 0.021345899470899415
0 0.42600198412698415 0.45719576719576716 0.01600942460317456 0.019404761904761852
0 0.358469742063492 0.43701388888888887 0.011351686507936498 0.01242063492063498
0 0.5667410714285713 0.42304232804232805 0.01164434523809521 0.01707671957671956
0 0.6258308531746031 0.40460648148148143 0.012224702380952301 0.026779100529100486
0 0.634563492063492 0.42381944444444447 0.01979414682539682 0.021732804232804288
0 0.7281473214285713 0.4733035714285714 0.018921130952380905 0.019794973544973615
0 0.6703670634920634 0.702093253968254 0.014553571428571388 0.021732804232804288
0 0.5859523809523809 0.6225297619047618 0.011061507936507953 0.022509920634920633
0 0.7276736111111111 0.3196428571428571 0.012375992063492047 0.016250000000000025
0 0.6307514880952381 0.31126653439153434 0.013519345238095282 0.021326058201058224
0 0.7840550595238095 0.45332341269841264 0.012807539682539781 0.014943783068783004
0 0.9344370039682539 0.2622652116402116 0.012579365079365079 0.015248015873015866
0 0.34994295634920636 0.710102513227513 0.01006448412698413 0.012503306878306772
0 0.2880803571428571 0.5140509259259259 0.012160218253968291 0.010806878306878284
0 0.3329563492063492 0.405922619047619 0.010312499999999947 0.011875000000000005
0 0.4333308531746032 0.308776455026455 0.007929067460317407 0.01112764550264552
0 0.696314484126984 0.3407671957671958 0.011056547619047619 0.017248677248677218
0 0.695374503968254 0.4630257936507936 0.01836061507936515 0.020307539682539694