0 0.5602213541666666 0.572265625 0.032552083333333336 0.03076171875
0 0.5589192708333334 0.291259765625 0.03515625 0.02099609375
0 0.5735677083333334 0.307373046875 0.01953125 0.0107421875
0 0.6324869791666666 0.972900390625 0.013671875 0.013671875
0 0.3326822916666667 0.215087890625 0.026041666666666668 0.02197265625
0 0.740234375 0.33984375 0.022135416666666668 0.013671875
0 0.6432291666666666 0.7216796875 0.020833333333333332 0.0126953125
0 0.7145182291666666 0.758544921875 0.018880208333333332 0.01513671875
0 0.3238932291666667 0.194580078125 0.015625 0.00634765625
0 0.6800130208333334 0.447509765625 0.016927083333333332 0.0126953125
0 0.5065104166666666 0.318115234375 0.020182291666666668 0.01708984375
0 0.3916015625 0.258544921875 0.033203125 0.0244140625
0 0.38671875 0.29150390625 0.014322916666666666 0.0107421875
0 0.3561197916666667 0.28759765625 0.013671875 0.005859375
0 0.3466796875 0.217529296875 0.01171875 0.009765625
0 0.4755859375 0.192138671875 0.016276041666666668 0.0107421875
0 0.6832682291666666 0.369384765625 0.014322916666666666 0.00830078125
0 0.6497395833333334 0.372802734375 0.014973958333333334 0.01123046875
0 0.7067057291666666 0.32568359375 0.015625 0.01416015625
0 0.7877604166666666 0.3427734375 0.016276041666666668 0.013671875
0 0.7408854166666666 0.2978515625 0.016927083333333332 0.009765625
0 0.8004557291666666 0.2783203125 0.018880208333333332 0.01220703125
0 0.7255859375 0.20263671875 0.015625 0.00732421875
0 0.4104817708333333 0.394775390625 0.018229166666666668 0.01220703125
0 0.3600260416666667 0.51171875 0.017578125 0.0146484375
0 0.3177083333333333 0.481689453125 0.013671875 0.0126953125
0 0.3697916666666667 0.54248046875 0.018880208333333332 0.02099609375
0 0.4208984375 0.6044921875 0.029947916666666668 0.01953125
0 0.3167317708333333 0.6396484375 0.013671875 0.01171875
0 0.3199869791666667 0.8701171875 0.03515625 0.02685546875
0 0.3958333333333333 0.81591796875 0.018229166666666668 0.015625
0 0.404296875 0.79931640625 0.014973958333333334 0.01318359375
0 0.3948567708333333 0.788330078125 0.024739583333333332 0.009765625
0 0.5289713541666666 0.784912109375 0.010416666666666666 0.013671875
0 0.5908203125 0.832763671875 0.04296875 0.02978515625
0 0.5462239583333334 0.84716796875 0.018229166666666668 0.01806640625
0 0.7102864583333334 0.896240234375 0.01171875 0.017578125
0 0.7861328125 0.8603515625 0.0234375 0.01025390625
0 0.7555338541666666 0.81787109375 0.010416666666666666 0.0107421875
0 0.6617838541666666 0.76904296875 0.014322916666666666 0.009765625
0 0.5035807291666666 0.788330078125 0.014973958333333334 0.01123046875
0 0.5364583333333334 0.816162109375 0.014322916666666666 0.00830078125
0 0.5797526041666666 0.8154296875 0.0078125 0.00927734375
0 0.7561848958333334 0.76513671875 0.016927083333333332 0.01025390625
0 0.6461588541666666 0.6611328125 0.018880208333333332 0.01123046875
0 0.6376953125 0.615234375 0.017578125 0.01123046875
0 0.7574869791666666 0.639892578125 0.022786458333333332 0.015625
0 0.7718098958333334 0.585693359375 0.021484375 0.01171875
0 0.7630208333333334 0.52099609375 0.016927083333333332 0.01220703125
0 0.7913411458333334 0.513916015625 0.018880208333333332 0.01513671875
0 0.7874348958333334 0.4951171875 0.016276041666666668 0.01123046875
0 0.76953125 0.473388671875 0.014973958333333334 0.0146484375
0 0.4973958333333333 0.602783203125 0.021484375 0.01513671875
0 0.3232421875 0.714111328125 0.015625 0.013671875
0 0.4007161458333333 0.888916015625 0.018880208333333332 0.0146484375
0 0.7630208333333334 0.890625 0.029296875 0.01025390625
0 0.53125 0.87646484375 0.018229166666666668 0.01416015625
0 0.6692708333333334 0.93701171875 0.015625 0.01025390625
0 0.7900390625 0.824951171875 0.018229166666666668 0.013671875
0 0.6481119791666666 0.54052734375 0.016276041666666668 0.0126953125
0 0.7688802083333334 0.528076171875 0.018880208333333332 0.0107421875
0 0.783203125 0.54638671875 0.013020833333333334 0.0107421875
0 0.7750651041666666 0.289794921875 0.016927083333333332 0.0087890625
0 0.6692708333333334 0.3935546875 0.017578125 0.015625