0 0.750162037037037 0.8559995039682539 0.03262896825396814 0.030562996031745948
0 0.35264880952380956 0.43239087301587303 0.025674603174603128 0.024610615079365128
0 0.7141071428571428 0.8378844246031746 0.02898478835978846 0.02131696428571428
0 0.6845502645502645 0.5660763888888889 0.023095238095237985 0.026964285714285774
0 0.7345271164021163 0.5911557539682539 0.03025793650793644 0.025592757936507837
0 0.2450793650793651 0.4429910714285714 0.03069444444444443 0.018062996031745993
0 0.678042328042328 0.9805977182539682 0.025333994708994705 0.027633928571428656
0 0.23554563492063488 0.5944915674603174 0.03640873015873014 0.020900297619047548
0 0.251848544973545 0.554188988095238 0.03743716931216934 0.023531746031746126
0 0.4674404761904762 0.958095238095238 0.02725198412698419 0.02306051587301594
0 0.07330357142857143 0.1268328373015873 0.031292989417989414 0.026421130952380967
0 0.5850363756613757 0.9819394841269841 0.023445767195767225 0.023139880952380842
0 0.41817460317460314 0.6123809523809524 0.05553571428571432 0.057336309523809526
0 0.7721362433862433 0.8021924603174603 0.017754629629629665 0.016426091269841292
0 0.8822552910052909 0.9087326388888889 0.038928571428571423 0.03735367063492068
0 0.4462896825396825 0.9232614087301587 0.04904761904761908 0.035890376984127004
0 0.8941964285714286 0.648546626984127 0.027453703703703702 0.03612351190476182
0 0.5789186507936508 0.45362103174603174 0.03937169312169312 0.021401289682539737
0 0.44126653439153435 0.49047867063492057 0.02040343915343919 0.01106398809523812
0 0.13348544973544973 0.5390897817460317 0.0453968253968254 0.0358829365079365
0 0.19599206349206347 0.5228199404761905 0.02337632275132277 0.017063492063492003
0 0.6373809523809524 0.5898065476190476 0.020241402116402057 0.013623511904761854
0 0.8714914021164021 0.6323635912698412 0.01904761904761898 0.03164930555555556
0 0.7335879629629628 0.9519171626984126 0.014606481481481618 0.015491071428571423
0 0.8466203703703702 0.4468973214285714 0.026372354497354422 0.02080109126984131
0 0.5519874338624339 0.8095659722222222 0.023644179894179846 0.020461309523809534
0 0.3050925925925926 0.40290674603174603 0.06729166666666668 0.03785218253968259