0 0.4375 0.435546875 0.03369140625 0.045572916666666664
0 0.4091796875 0.4889322916666667 0.02392578125 0.028645833333333332
0 0.51611328125 0.384765625 0.015625 0.026692708333333332
0 0.392822265625 0.5986328125 0.01806640625 0.028645833333333332
0 0.486572265625 0.6194661458333334 0.02001953125 0.029296875
0 0.446044921875 0.7278645833333334 0.02001953125 0.026692708333333332
0 0.5830078125 0.7317708333333334 0.04150390625 0.039713541666666664
0 0.53466796875 0.4469401041666667 0.0341796875 0.036458333333333336
0 0.782470703125 0.7389322916666666 0.02685546875 0.041015625
0 0.59423828125 0.3470052083333333 0.01513671875 0.022135416666666668
0 0.755859375 0.5947265625 0.0166015625 0.027994791666666668
0 0.92919921875 0.7236328125 0.03076171875 0.03125
0 0.282470703125 0.3636067708333333 0.01171875 0.013671875
0 0.716552734375 0.4869791666666667 0.017578125 0.026041666666666668
0 0.743896484375 0.5081380208333334 0.02587890625 0.022135416666666668
0 0.5302734375 0.6647135416666666 0.01416015625 0.03125
0 0.286865234375 0.4205729166666667 0.013671875 0.026041666666666668
0 0.86865234375 0.58984375 0.01953125 0.03125
0 0.91845703125 0.6569010416666666 0.013671875 0.026041666666666668
0 0.72265625 0.7493489583333334 0.01416015625 0.020833333333333332
0 0.97900390625 0.634765625 0.01708984375 0.020182291666666668
0 0.2109375 0.4534505208333333 0.013671875 0.022135416666666668
0 0.51220703125 0.3079427083333333 0.0146484375 0.013671875
0 0.40478515625 0.6966145833333334 0.0126953125 0.015625
0 0.345947265625 0.6686197916666666 0.0126953125 0.014973958333333334
0 0.501953125 0.759765625 0.01904296875 0.018229166666666668
0 0.3564453125 0.4407552083333333 0.00927734375 0.020833333333333332
0 0.786865234375 0.3248697916666667 0.013671875 0.018880208333333332
0 0.86767578125 0.3046875 0.013671875 0.018229166666666668
0 0.8681640625 0.359375 0.02099609375 0.025390625
0 0.832763671875 0.4127604166666667 0.01904296875 0.021484375
0 0.9111328125 0.5589192708333334 0.00732421875 0.022135416666666668
0 0.88330078125 0.6904296875 0.0224609375 0.020182291666666668
0 0.89208984375 0.673828125 0.0107421875 0.016276041666666668
0 0.8330078125 0.7122395833333334 0.01220703125 0.017578125
0 0.81591796875 0.6126302083333334 0.0322265625 0.041015625
0 0.296875 0.5 0.021484375 0.027994791666666668
0 0.3447265625 0.4293619791666667 0.01123046875 0.014973958333333334
0 0.23193359375 0.3987630208333333 0.009765625 0.013671875
0 0.345458984375 0.4615885416666667 0.01025390625 0.014973958333333334
0 0.9150390625 0.4352213541666667 0.0146484375 0.016276041666666668
0 0.8564453125 0.3971354166666667 0.03515625 0.03125
0 0.739013671875 0.4251302083333333 0.013671875 0.009114583333333334
0 0.302734375 0.7041015625 0.013671875 0.014322916666666666
0 0.277587890625 0.7138671875 0.01318359375 0.014322916666666666
0 0.2060546875 0.4850260416666667 0.00830078125 0.012369791666666666
0 0.46533203125 0.3336588541666667 0.01220703125 0.013020833333333334
0 0.39892578125 0.3160807291666667 0.015625 0.014973958333333334
0 0.50341796875 0.4563802083333333 0.0302734375 0.020182291666666668
0 0.516357421875 0.4388020833333333 0.0263671875 0.024088541666666668
0 0.602294921875 0.4527994791666667 0.01171875 0.01953125
0 0.6162109375 0.4342447916666667 0.0126953125 0.017578125
0 0.5859375 0.2819010416666667 0.01123046875 0.007161458333333333
0 0.59814453125 0.2799479166666667 0.01220703125 0.008463541666666666
0 0.751953125 0.3369140625 0.0107421875 0.014973958333333334
0 0.735107421875 0.3528645833333333 0.0244140625 0.029296875
0 0.734375 0.345703125 0.01025390625 0.014322916666666666
0 0.886474609375 0.3603515625 0.009765625 0.011067708333333334
0 0.90283203125 0.291015625 0.01318359375 0.009765625
0 0.914306640625 0.3795572916666667 0.0126953125 0.016927083333333332
0 0.9931640625 0.4059244791666667 0.01318359375 0.014973958333333334
0 0.967529296875 0.4417317708333333 0.00830078125 0.012369791666666666
0 0.892578125 0.5413411458333334 0.0126953125 0.012369791666666666
0 0.92333984375 0.5592447916666666 0.00830078125 0.011067708333333334
0 0.994873046875 0.66015625 0.01025390625 0.018229166666666668
0 0.99560546875 0.6429036458333334 0.00732421875 0.01171875
0 0.995361328125 0.6292317708333334 0.00732421875 0.012369791666666666
0 0.94775390625 0.7037760416666666 0.03271484375 0.021484375
0 0.94091796875 0.755859375 0.01220703125 0.009114583333333334
0 0.83935546875 0.7311197916666666 0.0078125 0.009114583333333334
0 0.457275390625 0.6858723958333334 0.01123046875 0.014322916666666666
0 0.50537109375 0.6402994791666666 0.01318359375 0.011067708333333334
0 0.63427734375 0.5833333333333334 0.00830078125 0.01171875
0 0.94580078125 0.689453125 0.009765625 0.010416666666666666
0 0.861572265625 0.6318359375 0.0068359375 0.01171875
0 0.866943359375 0.5100911458333334 0.0087890625 0.009765625
0 0.7705078125 0.4228515625 0.01123046875 0.011067708333333334
0 0.713623046875 0.4609375 0.01025390625 0.013020833333333334
0 0.716064453125 0.4713541666666667 0.009765625 0.01171875
0 0.833740234375 0.3854166666666667 0.013671875 0.010416666666666666
0 0.74267578125 0.3304036458333333 0.0107421875 0.014973958333333334
0 0.638916015625 0.35546875 0.01220703125 0.017578125
0 0.6455078125 0.4059244791666667 0.0068359375 0.011067708333333334
0 0.754150390625 0.6865234375 0.0146484375 0.012369791666666666