0 0.8354828042328042 0.6372767857142857 0.040674603174603106 0.04588293650793651
0 0.5307539682539683 0.2907986111111111 0.041666666666666664 0.043898809523809534
0 0.8568121693121693 0.23908730158730157 0.048941798941799064 0.04315476190476186
0 0.7420634920634921 0.5577876984126984 0.04298941798941799 0.0367063492063493
0 0.06960978835978836 0.726438492063492 0.053240740740740734 0.03224206349206349
0 0.29464285714285715 0.1796875 0.08465608465608465 0.0825892857142857
0 0.5491071428571428 0.20994543650793648 0.03009259259259256 0.036458333333333315
0 0.5983796296296297 0.386656746031746 0.04332010582010574 0.029265873015873023
0 0.8120039682539683 0.7935267857142857 0.06382275132275132 0.07911706349206349
0 0.40079365079365076 0.3864087301587301 0.04828042328042326 0.03621031746031744
0 0.21329365079365079 0.2072172619047619 0.05423280423280419 0.054811507936507964
0 0.7984457671957671 0.1440972222222222 0.031415343915343875 0.02430555555555558
0 0.876984126984127 0.6329365079365079 0.02777777777777768 0.022321428571428603
0 0.7192460317460316 0.4280753968253968 0.021825396825396897 0.014880952380952328
0 0.059193121693121686 0.46428571428571425 0.01653439153439153 0.011904761904761862
0 0.1068121693121693 0.6693948412698413 0.02447089947089946 0.01736111111111116
0 0.6784060846560847 0.42348710317460314 0.027447089947089925 0.022073412698412676
0 0.712632275132275 0.8723958333333333 0.024470899470899532 0.017113095238095344
0 0.7678571428571428 0.8597470238095237 0.023809523809523725 0.015625
0 0.7612433862433862 0.36842757936507936 0.01984126984126977 0.014632936507936511
0 0.43452380952380953 0.46242559523809523 0.02050264550264543 0.014632936507936511
0 0.8918650793650794 0.14955357142857142 0.01256613756613767 0.012400793650793662
0 0.1974206349206349 0.7242063492063492 0.05224867724867729 0.04414682539682535
0 0.29398148148148145 0.9361359126984127 0.013227513227513255 0.014632936507936511
0 0.11127645502645502 0.7424355158730158 0.020833333333333332 0.017113095238095344
0 0.5424933862433862 0.5029761904761905 0.010912698412698449 0.014384920634920695
0 0.09391534391534391 0.6879960317460317 0.01587301587301589 0.014880952380952328
0 0.7154431216931217 0.7349950396825397 0.06051587301587288 0.06770833333333326
0 0.1863425925925926 0.2585565476190476 0.05125661375661372 0.07415674603174605
0 0.19951058201058203 0.16669890873015872 0.032318121693121725 0.021765873015873016
0 0.5601124338624338 0.5218576388888889 0.018796296296296273 0.018797123015872996
0 0.26216600529100526 0.5490625 0.026382275132275163 0.017313988095237987
0 0.4051190476190476 0.7766046626984127 0.0220932539682539 0.016324404761904665