0 0.7555338541666666 0.328857421875 0.054036458333333336 0.03857421875
0 0.6022135416666666 0.513427734375 0.06966145833333333 0.03955078125
0 0.767578125 0.598388671875 0.038411458333333336 0.02197265625
0 0.7194010416666666 0.54345703125 0.03125 0.0224609375
0 0.4088541666666667 0.56982421875 0.035807291666666664 0.02490234375
0 0.4212239583333333 0.635498046875 0.020182291666666668 0.01171875
0 0.4456380208333333 0.50146484375 0.025390625 0.017578125
0 0.1396484375 0.333740234375 0.030598958333333332 0.02099609375
0 0.849609375 0.37255859375 0.026692708333333332 0.01953125
0 0.9856770833333334 0.4921875 0.026041666666666668 0.01708984375
0 0.244140625 0.538330078125 0.016927083333333332 0.01904296875
0 0.64453125 0.31396484375 0.026692708333333332 0.013671875
0 0.7623697916666666 0.5732421875 0.025390625 0.0185546875
0 0.9866536458333334 0.385986328125 0.026692708333333332 0.01806640625
0 0.810546875 0.292724609375 0.014322916666666666 0.0126953125
0 0.2688802083333333 0.6484375 0.022135416666666668 0.017578125
0 0.6048177083333334 0.397705078125 0.030598958333333332 0.02880859375
0 0.634765625 0.301513671875 0.017578125 0.01220703125
0 0.7985026041666666 0.6396484375 0.015625 0.01123046875
0 0.7347005208333334 0.2919921875 0.026692708333333332 0.02001953125
0 0.4313151041666667 0.603271484375 0.025390625 0.0146484375
0 0.8014322916666666 0.275390625 0.017578125 0.0107421875
0 0.2613932291666667 0.31103515625 0.018880208333333332 0.0146484375
0 0.2880859375 0.376220703125 0.015625 0.01171875
0 0.6927083333333334 0.654296875 0.014973958333333334 0.009765625
0 0.7662760416666666 0.284912109375 0.024088541666666668 0.017578125
0 0.9208984375 0.295166015625 0.016927083333333332 0.01123046875
0 0.44140625 0.457275390625 0.014322916666666666 0.00830078125
0 0.8102213541666666 0.573486328125 0.013020833333333334 0.009765625
0 0.8619791666666666 0.637451171875 0.027994791666666668 0.01953125
0 0.6181640625 0.58740234375 0.014322916666666666 0.0087890625
0 0.13020833333333334 0.59912109375 0.013671875 0.00830078125
0 0.9934895833333334 0.6298828125 0.013020833333333334 0.009765625
0 0.3697916666666667 0.322265625 0.014322916666666666 0.009765625
0 0.802734375 0.48828125 0.013671875 0.015625
0 0.1630859375 0.57421875 0.02734375 0.02587890625
0 0.4990234375 0.33154296875 0.018229166666666668 0.01123046875
0 0.8564453125 0.402587890625 0.015625 0.01171875
0 0.2828776041666667 0.340087890625 0.014322916666666666 0.009765625
0 0.10481770833333333 0.63232421875 0.013020833333333334 0.01025390625
0 0.7086588541666666 0.419921875 0.016276041666666668 0.01220703125
0 0.4046223958333333 0.509765625 0.01171875 0.01171875
0 0.7776692708333334 0.30078125 0.020182291666666668 0.0087890625
0 0.4518229166666667 0.66015625 0.014973958333333334 0.0107421875
0 0.5481770833333334 0.54296875 0.011067708333333334 0.00732421875
0 0.2740885416666667 0.418212890625 0.013020833333333334 0.01318359375
0 0.19661458333333334 0.3662109375 0.011067708333333334 0.0107421875
0 0.08430989583333333 0.640625 0.013020833333333334 0.0107421875
0 0.4384765625 0.5947265625 0.014973958333333334 0.00732421875
0 0.5065104166666666 0.619384765625 0.009765625 0.0078125
0 0.513671875 0.51220703125 0.013671875 0.01025390625
0 0.6126302083333334 0.60546875 0.011067708333333334 0.01025390625
0 0.8430989583333334 0.620849609375 0.010416666666666666 0.00830078125
0 0.8863932291666666 0.647216796875 0.010416666666666666 0.01025390625
0 0.9931640625 0.31494140625 0.013671875 0.0107421875
0 0.9202473958333334 0.351318359375 0.013020833333333334 0.0078125
0 0.8037109375 0.447265625 0.021484375 0.01171875
0 0.7926432291666666 0.435546875 0.012369791666666666 0.009765625
0 0.7122395833333334 0.3037109375 0.018229166666666668 0.01171875
0 0.6695963541666666 0.27978515625 0.010416666666666666 0.0078125
0 0.66015625 0.391845703125 0.014973958333333334 0.013671875
0 0.6529947916666666 0.427978515625 0.013671875 0.00927734375
0 0.6917317708333334 0.45654296875 0.01171875 0.0078125
0 0.6155598958333334 0.411376953125 0.014322916666666666 0.01220703125
0 0.5354817708333334 0.35546875 0.012369791666666666 0.00830078125
0 0.5462239583333334 0.328369140625 0.013671875 0.00927734375
0 0.4733072916666667 0.31298828125 0.01171875 0.01025390625
0 0.5895182291666666 0.385986328125 0.014973958333333334 0.0107421875
0 0.4602864583333333 0.358642578125 0.01171875 0.0078125
0 0.4671223958333333 0.36572265625 0.013020833333333334 0.0087890625
0 0.3997395833333333 0.451171875 0.015625 0.015625
0 0.4375 0.46875 0.012369791666666666 0.00634765625
0 0.3460286458333333 0.434814453125 0.01171875 0.00732421875
0 0.3121744791666667 0.392333984375 0.009765625 0.0068359375
0 0.3645833333333333 0.40771484375 0.01171875 0.009765625
0 0.3401692708333333 0.449462890625 0.011067708333333334 0.0078125
0 0.4163411458333333 0.442626953125 0.011067708333333334 0.00830078125
0 0.3170572916666667 0.3408203125 0.009765625 0.00830078125
0 0.18001302083333334 0.47412109375 0.011067708333333334 0.0078125
0 0.5885416666666666 0.60791015625 0.009765625 0.01123046875
0 0.5872395833333334 0.5205078125 0.020833333333333332 0.0126953125
0 0.8860677083333334 0.4423828125 0.013671875 0.009765625
0 0.884765625 0.485595703125 0.010416666666666666 0.00732421875
0 0.9619140625 0.66357421875 0.021484375 0.0126953125
0 0.8395182291666666 0.494384765625 0.013020833333333334 0.00732421875
0 0.5927734375 0.542724609375 0.013671875 0.0078125