0 0.4766319444444444 0.7423214285714286 0.02715525793650797 0.02370370370370356
0 0.3873065476190476 0.7210350529100529 0.013338293650793642 0.016699735449735503
0 0.2296205357142857 0.7245271164021162 0.011433531746031733 0.01860780423280417
0 0.45376488095238093 0.6193716931216932 0.009052579365079416 0.017906746031745985
0 0.5542832341269841 0.7906084656084656 0.01953125 0.016107804232804373
0 0.5745287698412698 0.7782208994708996 0.015245535714285774 0.02690145502645495
0 0.9034796626984126 0.6911871693121693 0.018578869047618962 0.02434193121693114
0 0.5616666666666666 0.44724867724867723 0.029536210317460343 0.03698743386243386
0 0.6814806547619048 0.38784060846560847 0.030964781746031678 0.04139880952380951
0 0.2185391865079365 0.35015211640211635 0.012088293650793669 0.01243716931216928
0 0.41430555555555554 0.6279298941798941 0.008253968253968291 0.01387566137566143
0 0.46948164682539684 0.6132804232804232 0.01103174603174606 0.015830026455026402
0 0.3857415674603174 0.4235019841269841 0.008675595238095246 0.011392195767195782
0 0.8955084325396825 0.76692791005291 0.015426587301587302 0.0185350529100529
0 0.2998040674603174 0.7057308201058201 0.009055059523809472 0.013091931216931307
0 0.4682614087301587 0.4827480158730158 0.007430555555555607 0.011302910052910065
0 0.5610342261904762 0.6018882275132275 0.009558531746031829 0.010142195767195735
0 0.7778323412698411 0.6373710317460317 0.00825396825396818 0.011087962962962994
0 0.3200694444444444 0.720704365079365 0.014786706349206313 0.024209656084656157
0 0.2147222222222222 0.36848875661375663 0.00763640873015875 0.01366071428571436
0 0.5805654761904762 0.5081382275132275 0.01483878968253971 0.026345899470899454
0 0.6423115079365079 0.7582771164021165 0.015791170634920526 0.022328042328042308
0 0.6196279761904762 0.3587235449735449 0.014007936507936414 0.01904431216931224
0 0.7680654761904762 0.3675132275132275 0.01049107142857153 0.012258597883597844
0 0.6025396825396825 0.40332010582010586 0.012527281746031793 0.013458994708994698
0 0.8525396825396825 0.6223974867724867 0.024275793650793576 0.022562830687830715
0 0.25 0.41276124338624337 0.017914186507936525 0.018462301587301628
0 0.4355481150793651 0.36946759259259254 0.006217757936507917 0.011709656084656128
0 0.3115228174603174 0.35969907407407403 0.008125000000000049 0.01148478835978839
0 0.7895510912698411 0.34602843915343917 0.010131448412698418 0.01221560846560843
0 0.736173115079365 0.6157374338624338 0.02217509920634919 0.040168650793650805
0 0.5341790674603174 0.4921891534391534 0.008415178571428594 0.0185350529100529
0 0.8017584325396825 0.4137367724867725 0.021485615079364973 0.04378306878306878
0 0.4443353174603174 0.47200396825396823 0.013534226190476173 0.016511243386243397
0 0.8349603174603174 0.514973544973545 0.017242063492063586 0.016967592592592656
0 0.6855481150793651 0.4430324074074074 0.014335317460317354 0.011302910052910065
0 0.5952157738095237 0.6848974867724867 0.012428075396825333 0.018677248677248553
0 0.3005381944444444 0.6341137566137566 0.01652529761904764 0.013660714285714212
0 0.7089856150793651 0.34733134920634917 0.014389880952381029 0.014474206349206339
0 0.82421875 0.7226554232804232 0.03155505952380944 0.0430489417989417
0 0.9863293650793651 0.5761706349206349 0.016661706349206273 0.030638227513227534
0 0.49949652777777775 0.7885119047619047 0.014665178571428461 0.017486772486772512
0 0.36035218253968254 0.98567791005291 0.013221726190476235 0.014087301587301463
0 0.5595709325396825 0.7213558201058201 0.03839037698412695 0.04528769841269842
0 0.9145510912698411 0.3336574074074074 0.01652529761904753 0.014649470899470884
0 0.71484375 0.3776058201058201 0.013534226190476284 0.01940806878306874
0 0.6371750992063492 0.6073313492063491 0.026200396825396766 0.03448082010582013
0 0.23128968253968252 0.35954695767195766 0.013814484126984106 0.018994708994709047
0 0.3885962301587301 0.4617956349206349 0.009040178571428581 0.01576388888888891
0 0.3230977182539682 0.7567460317460317 0.013350694444444478 0.013174603174603247
0 0.31989335317460316 0.7916369047619046 0.009079861111111143 0.013885582010582098
0 0.48493551587301587 0.7873511904761904 0.014439484126984148 0.01788029100529087
0 0.5357713293650793 0.752771164021164 0.011788194444444455 0.01866402116402129
0 0.8650148809523809 0.3226124338624338 0.01508432539682536 0.02446759259259257
0 0.8049355158730158 0.6542724867724867 0.01156249999999992 0.017430555555555543
0 0.9479737103174602 0.8314153439153439 0.008546626984127004 0.01374338624338615
0 0.8035515873015873 0.7935383597883597 0.010307539682539613 0.013072089947089971
0 0.5063888888888889 0.5038988095238095 0.009112103174603092 0.013928571428571365
0 0.579640376984127 0.4303637566137566 0.00886904761904761 0.016521164021164065
0 0.6449975198412699 0.427526455026455 0.010324900793650782 0.012149470899470938
0 0.6413690476190476 0.32010582010582006 0.00981894841269848 0.012218915343915318
0 0.5274231150793651 0.46906084656084657 0.00933531746031746 0.017655423280423282
0 0.8947395833333334 0.6511276455026455 0.011071428571428621 0.0153406084656084