0 0.6142578125 0.418212890625 0.029947916666666668 0.03173828125
0 0.390625 0.393310546875 0.046875 0.03857421875
0 0.4352213541666667 0.467041015625 0.057942708333333336 0.04443359375
0 0.6067708333333334 0.315185546875 0.055989583333333336 0.046875
0 0.2936197916666667 0.230712890625 0.041015625 0.03857421875
0 0.6005859375 0.08837890625 0.02734375 0.03662109375
0 0.4521484375 0.424560546875 0.04296875 0.0419921875
0 0.4723307291666667 0.30517578125 0.04296875 0.0341796875
0 0.3541666666666667 0.094482421875 0.021484375 0.01806640625
0 0.314453125 0.55517578125 0.033203125 0.02490234375
0 0.3440755208333333 0.424560546875 0.037760416666666664 0.03173828125
0 0.4176432291666667 0.272705078125 0.037760416666666664 0.03564453125
0 0.4847005208333333 0.25537109375 0.040364583333333336 0.03955078125
0 0.3854166666666667 0.478515625 0.042317708333333336 0.0390625
0 0.6608072916666666 0.456787109375 0.014322916666666666 0.01416015625
0 0.5517578125 0.215087890625 0.026041666666666668 0.01806640625
0 0.7018229166666666 0.379150390625 0.028645833333333332 0.02294921875
0 0.380859375 0.135009765625 0.018229166666666668 0.01806640625
0 0.3203125 0.31689453125 0.033854166666666664 0.03955078125
0 0.3404947916666667 0.506591796875 0.045572916666666664 0.03955078125
0 0.2991536458333333 0.579833984375 0.041666666666666664 0.03466796875
0 0.5885416666666666 0.55029296875 0.033854166666666664 0.02783203125
0 0.4225260416666667 0.21923828125 0.047526041666666664 0.04150390625
0 0.6419270833333334 0.45654296875 0.020182291666666668 0.017578125
0 0.5042317708333334 0.18701171875 0.048828125 0.04638671875
0 0.4205729166666667 0.53271484375 0.033854166666666664 0.04052734375
0 0.599609375 0.18115234375 0.055338541666666664 0.0361328125
0 0.595703125 0.798828125 0.012369791666666666 0.0166015625
0 0.3857421875 0.297119140625 0.045572916666666664 0.0390625
0 0.4098307291666667 0.692138671875 0.025390625 0.02197265625
0 0.4537760416666667 0.181640625 0.039713541666666664 0.05029296875
0 0.2639973958333333 0.49755859375 0.029947916666666668 0.0244140625
0 0.5374348958333334 0.470458984375 0.037760416666666664 0.0361328125
0 0.3232421875 0.3857421875 0.028645833333333332 0.0283203125
0 0.2900390625 0.705810546875 0.027994791666666668 0.029296875
0 0.7259114583333334 0.5068359375 0.047526041666666664 0.04296875
0 0.6845703125 0.4130859375 0.027994791666666668 0.0244140625
0 0.3629557291666667 0.195556640625 0.017578125 0.017578125
0 0.2854817708333333 0.608642578125 0.025390625 0.02392578125
0 0.2893880208333333 0.1640625 0.041015625 0.0419921875
0 0.6634114583333334 0.22265625 0.07877604166666667 0.0498046875
0 0.3824869791666667 0.041015625 0.024739583333333332 0.01611328125
0 0.3450520833333333 0.286376953125 0.043619791666666664 0.03076171875
0 0.3681640625 0.17578125 0.03125 0.02734375
0 0.7454427083333334 0.65576171875 0.030598958333333332 0.03173828125
0 0.3623046875 0.34228515625 0.015625 0.0126953125
0 0.4625651041666667 0.090087890625 0.01171875 0.0107421875
0 0.3304036458333333 0.635498046875 0.044270833333333336 0.0361328125
0 0.61328125 0.124267578125 0.024739583333333332 0.02099609375
0 0.4388020833333333 0.302001953125 0.020182291666666668 0.02001953125
0 0.5279947916666666 0.435546875 0.010416666666666666 0.01220703125
0 0.6350911458333334 0.054443359375 0.018880208333333332 0.0166015625
0 0.3326822916666667 0.199462890625 0.01953125 0.0146484375
0 0.5882161458333334 0.741943359375 0.031901041666666664 0.03173828125
0 0.4401041666666667 0.11767578125 0.037109375 0.0224609375
0 0.3333333333333333 0.092529296875 0.016927083333333332 0.0146484375
0 0.3977864583333333 0.33984375 0.013671875 0.01025390625
0 0.650390625 0.060791015625 0.010416666666666666 0.01416015625
0 0.5732421875 0.052734375 0.0234375 0.03662109375
0 0.4886067708333333 0.08837890625 0.012369791666666666 0.01318359375
0 0.6637369791666666 0.13720703125 0.018229166666666668 0.01953125
0 0.6484375 0.128173828125 0.013671875 0.0126953125
0 0.4827473958333333 0.43798828125 0.01953125 0.013671875
0 0.3850911458333333 0.522705078125 0.042317708333333336 0.029296875
0 0.4020182291666667 0.108642578125 0.011067708333333334 0.01171875
0 0.701171875 0.185302734375 0.03515625 0.03076171875
0 0.2936197916666667 0.357177734375 0.027994791666666668 0.0185546875
0 0.7001953125 0.439453125 0.013671875 0.01220703125
0 0.267578125 0.393310546875 0.016927083333333332 0.0107421875
0 0.3440755208333333 0.1455078125 0.017578125 0.01416015625
0 0.6507161458333334 0.108642578125 0.026692708333333332 0.01953125
0 0.6217447916666666 0.25830078125 0.035807291666666664 0.03076171875
0 0.5774739583333334 0.15380859375 0.033854166666666664 0.01904296875
0 0.4768880208333333 0.135009765625 0.013671875 0.01416015625
0 0.2939453125 0.7421875 0.029947916666666668 0.02490234375
0 0.2799479166666667 0.08837890625 0.013671875 0.01123046875
0 0.3483072916666667 0.240478515625 0.026041666666666668 0.029296875
0 0.2652994791666667 0.12109375 0.012369791666666666 0.01171875
0 0.2877604166666667 0.4404296875 0.015625 0.0146484375
0 0.5579427083333334 0.28173828125 0.0390625 0.0361328125
0 0.4231770833333333 0.728759765625 0.027994791666666668 0.0322265625
0 0.6995442708333334 0.16162109375 0.013020833333333334 0.0087890625
0 0.640625 0.189208984375 0.012369791666666666 0.01025390625
0 0.3736979166666667 0.060791015625 0.01171875 0.01171875
0 0.6370442708333334 0.140625 0.009765625 0.01123046875
0 0.4052734375 0.080322265625 0.014973958333333334 0.01123046875
0 0.3984375 0.62939453125 0.018229166666666668 0.01123046875
0 0.5045572916666666 0.06591796875 0.017578125 0.013671875
0 0.7366536458333334 0.25341796875 0.014322916666666666 0.01123046875
0 0.41796875 0.576171875 0.009765625 0.0107421875
0 0.5901692708333334 0.357421875 0.017578125 0.01416015625
0 0.4420572916666667 0.253173828125 0.011067708333333334 0.01025390625
0 0.6438802083333334 0.50830078125 0.01953125 0.01513671875
0 0.2952473958333333 0.72412109375 0.013020833333333334 0.01123046875
0 0.3076171875 0.629150390625 0.014322916666666666 0.009765625
0 0.2587890625 0.64990234375 0.016927083333333332 0.015625
0 0.3180338541666667 0.4814453125 0.047526041666666664 0.04638671875
0 0.3844401041666667 0.448486328125 0.016276041666666668 0.01123046875
0 0.4225260416666667 0.381103515625 0.037760416666666664 0.02880859375
0 0.4235026041666667 0.4091796875 0.008463541666666666 0.0078125
0 0.4449869791666667 0.372314453125 0.010416666666666666 0.00732421875
0 0.453125 0.365234375 0.016927083333333332 0.01611328125
0 0.5071614583333334 0.404052734375 0.017578125 0.0146484375
0 0.341796875 0.30224609375 0.022786458333333332 0.01611328125
0 0.3043619791666667 0.40478515625 0.042317708333333336 0.0244140625
0 0.2662760416666667 0.439208984375 0.01953125 0.013671875
0 0.30078125 0.453857421875 0.01953125 0.01025390625
0 0.369140625 0.434814453125 0.014322916666666666 0.017578125
0 0.3606770833333333 0.38623046875 0.018229166666666668 0.01318359375
0 0.294921875 0.34375 0.014973958333333334 0.0078125
0 0.4029947916666667 0.283447265625 0.008463541666666666 0.00927734375
0 0.26171875 0.265869140625 0.015625 0.0068359375
0 0.3375651041666667 0.17236328125 0.039713541666666664 0.037109375
0 0.3167317708333333 0.1748046875 0.018229166666666668 0.01171875
0 0.2994791666666667 0.109619140625 0.038411458333333336 0.01904296875
0 0.275390625 0.12255859375 0.013671875 0.0087890625
0 0.3040364583333333 0.050537109375 0.020833333333333332 0.0087890625
0 0.58984375 0.044677734375 0.016927083333333332 0.01025390625
0 0.7154947916666666 0.108154296875 0.037109375 0.0439453125
0 0.7060546875 0.2060546875 0.018880208333333332 0.01318359375
0 0.6666666666666666 0.2822265625 0.018880208333333332 0.017578125
0 0.6416015625 0.271484375 0.013020833333333334 0.01123046875
0 0.6500651041666666 0.246826171875 0.020833333333333332 0.02001953125
0 0.5162760416666666 0.259765625 0.013671875 0.0126953125
0 0.5628255208333334 0.3505859375 0.014973958333333334 0.01220703125
0 0.7099609375 0.39208984375 0.013671875 0.0107421875
0 0.7151692708333334 0.482177734375 0.025390625 0.0224609375
0 0.5481770833333334 0.364501953125 0.010416666666666666 0.009765625
0 0.5794270833333334 0.36474609375 0.020182291666666668 0.00927734375
0 0.4547526041666667 0.2490234375 0.009765625 0.0126953125
0 0.45703125 0.140625 0.038411458333333336 0.02490234375
0 0.708984375 0.174072265625 0.016927083333333332 0.01123046875
0 0.4905598958333333 0.223388671875 0.021484375 0.013671875
0 0.6328125 0.525146484375 0.014322916666666666 0.013671875
0 0.7373046875 0.5263671875 0.015625 0.0107421875
0 0.671875 0.677490234375 0.016927083333333332 0.013671875
0 0.7526041666666666 0.672607421875 0.017578125 0.01025390625