0 0.3728174603174603 0.42569940476190476 0.04996031746031745 0.04119047619047622
0 0.32568783068783064 0.414734623015873 0.02545304232804228 0.013603670634920628
0 0.28609457671957667 0.3747767857142857 0.0235648148148148 0.012869543650793625
0 0.5561640211640211 0.3210292658730159 0.03393518518518516 0.025562996031746055
0 0.6410019841269842 0.31784474206349206 0.02262235449735443 0.017782738095238115
0 0.2912797619047619 0.202234623015873 0.02639550264550265 0.021279761904761885
0 0.4553009259259259 0.18738095238095237 0.02262235449735443 0.02268353174603177
0 0.530433201058201 0.5624454365079365 0.028310185185185244 0.028633432539682646
0 0.4253902116402117 0.5255555555555556 0.034269179894179956 0.028608630952380976
0 0.2585119047619047 0.495094246031746 0.02831018518518517 0.030265376984127013
0 0.4924404761904762 0.5456671626984126 0.04022817460317466 0.02726934523809521
0 0.4894609788359789 0.5263963293650793 0.04767857142857146 0.04258432539682544
0 0.2395138888888889 0.6197321428571428 0.02309523809523813 0.02140625000000007
0 0.5211210317460316 0.3769444444444444 0.021603835978836045 0.017462797619047565
0 0.4231547619047618 0.3389409722222222 0.01490079365079359 0.016331845238095277
0 0.6202050264550264 0.20955109126984126 0.029054232804232843 0.01456845238095239
0 0.2965079365079365 0.45514880952380954 0.025330687830687815 0.01071924603174601
0 0.33673611111111107 0.5884300595238096 0.019368386243386215 0.01578869047619058
0 0.2857043650793651 0.6230828373015873 0.014153439153439177 0.016929563492063426
0 0.3594576719576719 0.6269890873015873 0.01713624338624342 0.012450396825396837
0 0.4734424603174603 0.6658358134920634 0.02309523809523813 0.014151785714285658
0 0.5051058201058202 0.7250595238095238 0.03724867724867723 0.03091269841269839
0 0.4164517195767195 0.7826215277777778 0.025330687830687815 0.020877976190476266
0 0.44029100529100523 0.7018501984126984 0.025330687830687815 0.014665178571428683
0 0.6760813492063492 0.7893154761904762 0.018624338624338616 0.020853174603174596
0 0.6991732804232805 0.7650049603174602 0.039484126984127066 0.0225198412698413
0 0.5676818783068783 0.7110664682539682 0.01788029100529102 0.017452876984126897
0 0.6246759259259259 0.6255505952380952 0.0201157407407407 0.015161210317460316
0 0.6135019841269841 0.5294518849206349 0.021603835978836045 0.018521825396825342
0 0.7084854497354497 0.18049107142857143 0.02085978835978845 0.014561011904761889
0 0.6935879629629628 0.28640128968253964 0.01192129629629631 0.010706845238095286
0 0.641438492063492 0.49231646825396824 0.01490079365079359 0.01577380952380958
0 0.5494312169312169 0.4663268849206349 0.01713624338624342 0.011842757936507908
0 0.41756613756613753 0.43446676587301586 0.021603835978836045 0.011822916666666683
0 0.40155092592592584 0.4590600198412698 0.01490079365079359 0.009603174603174613
0 0.43619378306878304 0.6535292658730159 0.021603835978836045 0.017480158730158735
0 0.413098544973545 0.6867857142857142 0.0275661375661375 0.015825892857142865
0 0.3743584656084656 0.645984623015873 0.03203373015873012 0.01691716269841259
0 0.28905753968253967 0.7141393849206349 0.02979828042328044 0.016889880952380976
0 0.27043320105820107 0.6968129960317461 0.020859788359788373 0.015758928571428577
0 0.35349867724867723 0.8306423611111111 0.06779431216931216 0.04651289682539672
0 0.36020502645502644 0.9259350198412698 0.03203373015873012 0.024779265873015932
0 0.28123346560846557 0.8868080357142857 0.02458333333333333 0.01692708333333326
0 0.3043287037037037 0.8898834325396825 0.0201157407407407 0.023077876984126888
0 0.3683994708994709 0.8979910714285714 0.03501322751322755 0.03146577380952387
0 0.7122123015873015 0.8946354166666667 0.019368386243386364 0.019166666666666776
0 0.6839021164021163 0.8722767857142857 0.022351190476190535 0.015801091269841194
0 0.721898148148148 0.871438492063492 0.02383928571428573 0.016359126984127004
0 0.6112665343915343 0.9371130952380952 0.029054232804232843 0.018077876984126995
0 0.6187169312169312 0.9119593253968253 0.0275661375661375 0.01694444444444443
0 0.6995469576719575 0.9684126984126983 0.01788029100529087 0.02256944444444442
0 0.663042328042328 0.7094122023809524 0.025330687830687815 0.018611111111111134
0 0.6392030423280423 0.6635838293650793 0.016388888888888935 0.016356646825396837
0 0.6194609788359788 0.5604737103174603 0.018624338624338616 0.012400793650793718
0 0.29576058201058203 0.8149950396825396 0.02383928571428573 0.019692460317460414
0 0.24398478835978832 0.7733556547619047 0.01713624338624342 0.020223214285714386
0 0.3430687830687831 0.7976686507936507 0.01713624338624342 0.018563988095238182
0 0.5505489417989418 0.8837475198412698 0.06108796296296296 0.03538690476190465
0 0.4675396825396825 0.8436086309523808 0.026418650793650727 0.03411458333333339
0 0.5773677248677248 0.4227678571428571 0.013409391534391505 0.013010912698412702
0 0.6157341269841269 0.4347867063492063 0.01713624338624342 0.01134176587301583
0 0.4973908730158729 0.26242807539682533 0.03176256613756608 0.02355158730158735
0 0.3803670634920635 0.7511383928571429 0.023654100529100514 0.017810019841269842
0 0.5009126984126984 0.2005332341269841 0.018399470899470877 0.017792658730158728
0 0.5677215608465608 0.23771329365079363 0.017248677248677218 0.013154761904761891
0 0.6091203703703704 0.23348710317460314 0.015869708994708926 0.011597222222222203
0 0.7036441798941798 0.24133432539682537 0.028287037037037166 0.009352678571428574
0 0.7079001322751323 0.27238591269841267 0.009199735449735513 0.009015376984127021
0 0.7269874338624338 0.3007688492063492 0.01793981481481488 0.013000992063492034
0 0.722387566137566 0.2706597222222222 0.01563822751322756 0.01177579365079362
0 0.7124999999999999 0.2616865079365079 0.010578703703703654 0.00900793650793652
0 0.7218121693121694 0.263844246031746 0.008968253968253848 0.005731646825396841
0 0.6811044973544972 0.24866567460317457 0.04162698412698399 0.04161210317460318
0 0.6919146825396826 0.2559077380952381 0.015869708994708926 0.0146999007936508
0 0.5178108465608465 0.3271825396825397 0.02040343915343919 0.013303571428571415
0 0.5213955026455026 0.306391369047619 0.013786375661375713 0.013085317460317492
0 0.4338525132275132 0.31166666666666665 0.015165343915343854 0.007502480158730118
0 0.48858134920634916 0.2823958333333333 0.010476190476190528 0.01141617063492062
0 0.6159689153439153 0.3109424603174603 0.01323412698412696 0.007708333333333317
0 0.5817791005291005 0.29211805555555553 0.019302248677248723 0.012663690476190426
0 0.37884589947089947 0.29325644841269843 0.01985119047619044 0.010386904761904736
0 0.2984722222222222 0.306391369047619 0.01351190476190478 0.010188492063492038
0 0.24222222222222223 0.3080456349206349 0.009100529100529128 0.009362599206349187
0 0.2547685185185185 0.30421875 0.01213293650793649 0.008325892857142803
0 0.2750363756613757 0.28663690476190473 0.021782407407407407 0.009970238095238115
0 0.30371031746031746 0.22997767857142856 0.012407407407407423 0.011626984126984152
0 0.23188492063492064 0.25469494047619046 0.01213293650793649 0.007713293650793651
0 0.2288525132275132 0.23742311507936506 0.017645502645502614 0.008735119047619033
0 0.23753637566137564 0.3694593253968254 0.010201719576719595 0.006872519841269797
0 0.3151818783068783 0.3772172619047619 0.03113425925925924 0.00883680555555555
0 0.33247023809523807 0.36143105158730154 0.014705687830687856 0.011763392857142896
0 0.31353835978835976 0.3640724206349206 0.027850529100529098 0.017514880952380962
0 0.42110449735449734 0.3655977182539682 0.020181878306878342 0.014233630952380949
0 0.5331283068783069 0.35198164682539684 0.012046957671957662 0.006478174603174569
0 0.6741269841269841 0.4066220238095238 0.030310846560846667 0.008092757936507988
0 0.6823743386243386 0.4590128968253968 0.015730820105820165 0.009563492063492052
0 0.7009854497354499 0.4451240079365079 0.011894841269841194 0.009699900793650795
0 0.7216071428571428 0.3464112103174603 0.01016865079365085 0.009389880952380913
0 0.7233333333333333 0.3692931547619047 0.009785052910052864 0.0076760912698412564
0 0.7231415343915345 0.3790079365079365 0.013621031746031834 0.00811507936507938
0 0.6514880952380951 0.46957837301587296 0.008058862433862371 0.007388392857142878
0 0.6350859788359788 0.4449677579365079 0.012470238095238026 0.006222718253968251
0 0.5980621693121693 0.48575892857142855 0.021676587301587318 0.012413194444444442
0 0.6223280423280423 0.4946825396825397 0.01803240740740734 0.012705853174603154
0 0.486359126984127 0.5856026785714286 0.016044973544973473 0.012951388888888804
0 0.46286706349206347 0.5743402777777777 0.019940476190476158 0.014491567460317434
0 0.45289682539682535 0.5448511904761905 0.01787698412698413 0.014645337301587347
0 0.33669312169312166 0.5366815476190476 0.02246031746031744 0.011716269841269833
0 0.683012566137566 0.6405977182539682 0.008710317460317363 0.007423115079365106
0 0.6432440476190476 0.6774801587301587 0.015813492063492102 0.011401289682539728
0 0.5899570105820106 0.6520337301587301 0.01925264550264553 0.01585565476190487
0 0.6701752645502644 0.7274181547619046 0.021544312169312185 0.015701884920634956
0 0.6442757936507936 0.7471924603174602 0.03117063492063495 0.010555555555555651
0 0.5641732804232804 0.7350694444444444 0.02085648148148141 0.00556051587301587
0 0.5849140211640211 0.7148660714285714 0.011458333333333274 0.009159226190476266
0 0.6038227513227513 0.7091046626984127 0.010773809523809538 0.007606646825396801
0 0.5325429894179894 0.6717906746031745 0.021772486772486815 0.008616071428571459
0 0.4700859788359788 0.6889930555555556 0.013293650793650821 0.009325396825396792
0 0.4345601851851851 0.6772991071428571 0.012377645502645565 0.009317956349206291
0 0.40006613756613757 0.6772123015873015 0.010773809523809538 0.008112599206349103
0 0.39124338624338617 0.6571056547619046 0.009626322751322766 0.008469742063492047
0 0.40912037037037036 0.6402554563492063 0.012377645502645565 0.011210317460317532
0 0.3081580687830688 0.6173040674603174 0.014897486772486776 0.0096552579365079
0 0.3326818783068783 0.6069866071428571 0.019024470899470902 0.009305555555555456
0 0.27125661375661375 0.606125992063492 0.01718915343915343 0.010682043650793727
0 0.30426256613756614 0.6825396825396826 0.01718915343915343 0.012576884920634912
0 0.29532076719576716 0.6784126984126984 0.01123015873015872 0.014293154761904736
0 0.2891335978835979 0.6985292658730158 0.02314814814814814 0.01224206349206347
0 0.2768716931216931 0.734811507936508 0.014669312169312146 0.007105654761904834
0 0.26483796296296297 0.7562921626984126 0.0176488095238095 0.01603422619047623
0 0.34150462962962963 0.7849156746031746 0.013293650793650821 0.008990575396825351
0 0.43352843915343914 0.7641096230158729 0.01673280423280425 0.01035218253968262
0 0.4211507936507936 0.750267857142857 0.007562830687830739 0.010860615079365088
0 0.3331415343915344 0.8645039682539681 0.024067460317460283 0.0144866071428571
0 0.343912037037037 0.8734449404761905 0.023607804232804213 0.018276289682539693
0 0.4481977513227513 0.8638144841269841 0.02085648148148141 0.03098710317460318
0 0.5093948412698412 0.9054960317460317 0.020400132275132304 0.017743055555555554
0 0.5542030423280423 0.8997371031746031 0.02062830687830693 0.013442460317460325
0 0.5682969576719576 0.9159846230158729 0.01810515873015876 0.013281249999999911
0 0.5899570105820106 0.9419494047619047 0.018792989417989386 0.014670138888888795
0 0.5829662698412699 0.9083333333333333 0.019480820105820158 0.013444940476190492
0 0.5958002645502646 0.9072147817460317 0.010314153439153392 0.011210317460317532
0 0.650922619047619 0.8828869047619048 0.02704695767195764 0.012403273809523885
0 0.5483564814814815 0.9649702380952381 0.020400132275132304 0.011892361111111027
0 0.5520238095238095 0.9869791666666666 0.017189153439153504 0.012936507936508024
0 0.7262169312169311 0.9739136904761905 0.01810515873015876 0.015339781746031678
0 0.3566335978835979 0.9435739087301587 0.01466931216931222 0.008980654761904683
0 0.21567460317460319 0.968938492063492 0.017420634920634948 0.020176091269841212
0 0.7240145502645503 0.7943749999999999 0.013786375661375713 0.010002480158730176
0 0.33924933862433865 0.47601190476190475 0.01198082010582017 0.011180555555555527
0 0.2928935185185185 0.2448313492063492 0.012010582010582027 0.011009424603174556
0 0.3358201058201058 0.7048139880952381 0.03359457671957674 0.021681547619047725
0 0.7414517195767196 0.8899652777777778 0.013885582010582098 0.019459325396825378
0 0.6865641534391534 0.8176686507936508 0.012665343915344055 0.011192956349206362
0 0.5207308201058201 0.25676091269841267 0.015727513227513274 0.010265376984126995
0 0.6048974867724868 0.31661210317460314 0.019222883597883527 0.011577380952380922
0 0.2373578042328042 0.33943700396825394 0.015145502645502665 0.013541666666666674
0 0.4227314814814815 0.4490873015873016 0.012523148148148108 0.012232142857142803
0 0.49422949735449734 0.4371825396825397 0.020386904761904745 0.014635416666666679
0 0.25672619047619044 0.3775520833333333 0.01776455026455026 0.00939236111111108
0 0.27521825396825395 0.38082837301587297 0.012232142857142877 0.011140873015872965
0 0.2278935185185185 0.7055208333333333 0.02009589947089944 0.011359126984126888
0 0.4473412698412698 0.8321006944444445 0.014563492063492056 0.010701884920634841
0 0.3605522486772486 0.8716344246031745 0.011650132275132266 0.00939236111111108
0 0.3609887566137566 0.8627901785714285 0.011941137566137497 0.01004712301587296
0 0.42083664021164013 0.9268973214285714 0.015727513227513274 0.01201388888888899
0 0.6478571428571428 0.8314459325396825 0.016018518518518505 0.015508432539682593
0 0.7162962962962962 0.804360119047619 0.009027777777777857 0.007207341269841239
0 0.7375562169312168 0.7278000992063491 0.017182539682539577 0.01004712301587296
0 0.7165873015873016 0.7517187499999999 0.016600529100529116 0.008955853174603234
0 0.6480026455026454 0.5916121031746032 0.011650132275132266 0.010701884920634841
0 0.518693783068783 0.761438492063492 0.014563492063492056 0.015290178571428559