0 0.23350694444444442 0.6468253968253969 0.043898809523809534 0.05291005291005287
0 0.5685763888888888 0.35036375661375657 0.03645833333333326 0.047288359788359845
0 0.44047619047619047 0.748015873015873 0.04365079365079361 0.046296296296296426
0 0.7213541666666666 0.583994708994709 0.061259920634920695 0.07407407407407411
0 0.38231646825396826 0.3148148148148148 0.04836309523809523 0.05753968253968248
0 0.3036954365079365 0.607473544973545 0.04092261904761907 0.04629629629629628
0 0.5308779761904762 0.6309523809523809 0.03397817460317465 0.04629629629629628
0 0.6409970238095237 0.7281746031746031 0.017113095238095344 0.02116402116402109
0 0.19047619047619047 0.6618716931216931 0.03323412698412698 0.040013227513227445
0 0.08953373015873016 0.595734126984127 0.03521825396825398 0.043981481481481545
0 0.6743551587301587 0.4571759259259259 0.02678571428571419 0.03670634920634915
0 0.7041170634920635 0.4905753968253968 0.024801587301587213 0.0327380952380952
0 0.4444444444444444 0.6347552910052909 0.03273809523809523 0.030753968253968218
0 0.8191964285714285 0.3017526455026455 0.03621031746031744 0.038029100529100544
0 0.40860615079365076 0.49007936507936506 0.05927579365079361 0.05291005291005287
0 0.4280753968253968 0.26025132275132273 0.06448412698412698 0.08134920634920635
0 0.6168154761904762 0.7437169312169312 0.034226190476190466 0.036375661375661394
0 0.35044642857142855 0.5403439153439153 0.042162698412698374 0.04629629629629628
0 0.3380456349206349 0.658234126984127 0.02529761904761907 0.020171957671957525
0 0.3934771825396825 0.6569113756613757 0.056795634920634885 0.07506613756613767
0 0.5502232142857143 0.8113425925925926 0.03993055555555558 0.05059523809523814
0 0.6060267857142857 0.578042328042328 0.06076388888888884 0.05423280423280419
0 0.8597470238095237 0.5882936507936508 0.025049603174603252 0.02777777777777783
0 0.329985119047619 0.2824074074074074 0.02256944444444442 0.027777777777777752
0 0.7844742063492063 0.611276455026455 0.01736111111111116 0.01752645502645504
0 0.6474454365079365 0.3186177248677249 0.040426587301587213 0.06911375661375659
0 0.1786954365079365 0.7529761904761904 0.015625 0.020502645502645578
0 0.06671626984126984 0.6283068783068783 0.01934523809523811 0.017195767195767136
0 0.23164682539682538 0.703042328042328 0.024801587301587324 0.04034391534391535
0 0.07465277777777778 0.648313492063492 0.017361111111111105 0.018849206349206355
0 0.42695932539682535 0.697089947089947 0.016121031746031744 0.01917989417989426
0 0.022073412698412696 0.7058531746031745 0.017361111111111112 0.01752645502645489
0 0.6555059523809523 0.6625330687830688 0.01835317460317465 0.020833333333333332
0 0.25049603174603174 0.5062830687830687 0.02331349206349209 0.027116402116402167
0 0.5106646825396826 0.533234126984127 0.021329365079365115 0.024801587301587286
0 0.5675843253968254 0.23660714285714282 0.02256944444444442 0.021494708994708994
0 0.8061755952380952 0.5605158730158729 0.014632936507936511 0.017857142857142794
0 0.6530257936507936 0.46544312169312163 0.015376984126984183 0.019510582010582016
0 0.2058531746031746 0.593584656084656 0.026289682539682557 0.02579365079365085
0 0.26413690476190477 0.7276785714285713 0.014384920634920584 0.019510582010582016
0 0.5259176587301587 0.3786375661375661 0.017113095238095344 0.015211640211640157
0 0.8092757936507936 0.41352513227513227 0.015376984126984183 0.020833333333333332
0 0.732266865079365 0.6486441798941799 0.020585317460317443 0.02281746031746031
0 0.777405753968254 0.26686507936507936 0.019593253968253954 0.020502645502645505
0 0.6681547619047619 0.806382275132275 0.013392857142857206 0.014219576719576743
0 0.019345238095238096 0.4758597883597883 0.02232142857142857 0.029100529100529144
0 0.8198164682539683 0.22503306878306875 0.012152777777777679 0.008928571428571397
0 0.8959573412698412 0.6661706349206349 0.020585317460317443 0.02281746031746046
0 0.8195684523809523 0.6532738095238094 0.010168650793650702 0.011574074074074106
0 0.8024553571428571 0.7250330687830687 0.014136904761904656 0.01752645502645489
0 0.5808804563492064 0.47981481481481475 0.08913690476190483 0.10404100529100531
0 0.7511160714285714 0.4267526455026455 0.017113095238095344 0.018187830687830697
0 0.5617559523809523 0.7213955026455027 0.048115079365079305 0.04662698412698418
0 0.06771329365079365 0.4783300264550265 0.0444593253968254 0.07495370370370373
0 0.5639285714285714 0.4371064814814814 0.04037202380952376 0.06745701058201063
0 0.5218303571428571 0.7384821428571429 0.017472718253968234 0.020188492063491974
0 0.3411036706349206 0.7665641534391535 0.013318452380952417 0.016927910052909983
0 0.3949007936507936 0.7413128306878307 0.008948412698412733 0.01526124338624335
0 0.365141369047619 0.7200859788359787 0.011445932539682513 0.0122089947089948