0 0.5179036458333334 0.498046875 0.033854166666666664 0.03466796875
0 0.4388020833333333 0.702880859375 0.053385416666666664 0.04833984375
0 0.380859375 0.7978515625 0.024088541666666668 0.0205078125
0 0.4684244791666667 0.759765625 0.049479166666666664 0.033203125
0 0.5553385416666666 0.5224609375 0.01953125 0.0205078125
0 0.5514322916666666 0.722412109375 0.0234375 0.0205078125
0 0.4371744791666667 0.562255859375 0.044270833333333336 0.0390625
0 0.5849609375 0.5869140625 0.047526041666666664 0.03662109375
0 0.6276041666666666 0.424072265625 0.0234375 0.02001953125
0 0.4524739583333333 0.914306640625 0.032552083333333336 0.0341796875
0 0.7490234375 0.59228515625 0.02734375 0.02001953125
0 0.3180338541666667 0.71728515625 0.017578125 0.01904296875
0 0.3714192708333333 0.91455078125 0.026692708333333332 0.0185546875
0 0.5908203125 0.685791015625 0.0234375 0.02197265625
0 0.5735677083333334 0.4013671875 0.018880208333333332 0.01708984375
0 0.6861979166666666 0.34619140625 0.055989583333333336 0.03857421875
0 0.6389973958333334 0.478271484375 0.022786458333333332 0.01708984375
0 0.3434244791666667 0.237548828125 0.0234375 0.0166015625
0 0.5911458333333334 0.459716796875 0.016927083333333332 0.01513671875
0 0.7477213541666666 0.400634765625 0.022786458333333332 0.01806640625
0 0.5188802083333334 0.540771484375 0.044270833333333336 0.03662109375
0 0.7542317708333334 0.442626953125 0.03515625 0.0302734375
0 0.3216145833333333 0.437255859375 0.015625 0.01708984375
0 0.7565104166666666 0.850341796875 0.0234375 0.02294921875
0 0.4567057291666667 0.8662109375 0.024739583333333332 0.01611328125
0 0.4046223958333333 0.76220703125 0.0234375 0.0205078125
0 0.5621744791666666 0.77978515625 0.039713541666666664 0.02587890625
0 0.5589192708333334 0.69091796875 0.013671875 0.01025390625
0 0.6168619791666666 0.716064453125 0.0234375 0.0205078125
0 0.35546875 0.536376953125 0.017578125 0.01513671875
0 0.3388671875 0.346923828125 0.024739583333333332 0.02099609375
0 0.6025390625 0.62353515625 0.076171875 0.0498046875
0 0.5856119791666666 0.255126953125 0.043619791666666664 0.0361328125
0 0.3385416666666667 0.626708984375 0.016927083333333332 0.0185546875
0 0.7841796875 0.923828125 0.045572916666666664 0.029296875
0 0.7532552083333334 0.33349609375 0.018880208333333332 0.01318359375
0 0.7347005208333334 0.30859375 0.01953125 0.013671875
0 0.4612630208333333 0.2080078125 0.022786458333333332 0.02197265625
0 0.3203125 0.74853515625 0.018229166666666668 0.01806640625
0 0.5703125 0.884765625 0.013020833333333334 0.01611328125
0 0.7516276041666666 0.23828125 0.026041666666666668 0.01611328125
0 0.7102864583333334 0.847412109375 0.0234375 0.015625
0 0.7578125 0.5087890625 0.0234375 0.01806640625
0 0.5201822916666666 0.730712890625 0.015625 0.01513671875
0 0.484375 0.85791015625 0.018880208333333332 0.01171875
0 0.6832682291666666 0.53955078125 0.029296875 0.0244140625
0 0.3206380208333333 0.848876953125 0.013671875 0.01611328125
0 0.6429036458333334 0.31298828125 0.041015625 0.0400390625
0 0.662109375 0.5830078125 0.024739583333333332 0.0244140625
0 0.6110026041666666 0.945068359375 0.014322916666666666 0.01171875
0 0.7154947916666666 0.570556640625 0.012369791666666666 0.00927734375
0 0.6884765625 0.89404296875 0.013020833333333334 0.0244140625
0 0.6800130208333334 0.787353515625 0.014322916666666666 0.015625
0 0.5751953125 0.920166015625 0.013671875 0.01025390625
0 0.7307942708333334 0.789794921875 0.022135416666666668 0.01904296875
0 0.73046875 0.76806640625 0.016927083333333332 0.01220703125
0 0.7360026041666666 0.663818359375 0.014973958333333334 0.00927734375
0 0.4000651041666667 0.405029296875 0.027994791666666668 0.03076171875
0 0.298828125 0.916748046875 0.01171875 0.013671875
0 0.67578125 0.947265625 0.013020833333333334 0.01025390625
0 0.7259114583333334 0.6005859375 0.01171875 0.01123046875
0 0.7317708333333334 0.194091796875 0.01953125 0.01416015625
0 0.3209635416666667 0.67236328125 0.013671875 0.01171875
0 0.6282552083333334 0.939208984375 0.016276041666666668 0.0185546875
0 0.6953125 0.376708984375 0.024739583333333332 0.01611328125
0 0.3701171875 0.294677734375 0.014322916666666666 0.0107421875
0 0.7252604166666666 0.3251953125 0.011067708333333334 0.009765625
0 0.6813151041666666 0.637451171875 0.010416666666666666 0.01171875
0 0.6041666666666666 0.8916015625 0.018229166666666668 0.01025390625
0 0.7734375 0.5712890625 0.01171875 0.01171875
0 0.3470052083333333 0.558349609375 0.017578125 0.00927734375
0 0.3772786458333333 0.225341796875 0.014973958333333334 0.0126953125
0 0.4954427083333333 0.26513671875 0.041015625 0.025390625
0 0.37890625 0.277587890625 0.010416666666666666 0.0126953125
0 0.5556640625 0.322265625 0.012369791666666666 0.01025390625
0 0.7454427083333334 0.320556640625 0.015625 0.01123046875
0 0.6009114583333334 0.37109375 0.017578125 0.01025390625
0 0.6139322916666666 0.296630859375 0.010416666666666666 0.00927734375
0 0.5110677083333334 0.378662109375 0.013671875 0.00927734375
0 0.7652994791666666 0.47265625 0.016276041666666668 0.009765625
0 0.3209635416666667 0.547119140625 0.015625 0.0146484375
0 0.4521484375 0.58740234375 0.02734375 0.01416015625
0 0.48046875 0.536376953125 0.055338541666666664 0.02783203125
0 0.4469401041666667 0.379638671875 0.014973958333333334 0.0126953125
0 0.4449869791666667 0.39990234375 0.011067708333333334 0.0078125
0 0.4296875 0.225830078125 0.011067708333333334 0.01123046875
0 0.5559895833333334 0.498779296875 0.018880208333333332 0.0087890625
0 0.6598307291666666 0.625732421875 0.015625 0.01318359375
0 0.640625 0.630615234375 0.024088541666666668 0.015625
0 0.5107421875 0.773193359375 0.0546875 0.04248046875
0 0.5432942708333334 0.75830078125 0.01171875 0.01171875
0 0.7210286458333334 0.806640625 0.0390625 0.02392578125
0 0.7721354166666666 0.797607421875 0.022786458333333332 0.015625
0 0.78125 0.8037109375 0.016927083333333332 0.0107421875
0 0.7626953125 0.783203125 0.018229166666666668 0.017578125
0 0.7180989583333334 0.7470703125 0.012369791666666666 0.01806640625
0 0.7698567708333334 0.900634765625 0.013671875 0.0087890625
0 0.341796875 0.938720703125 0.01171875 0.01416015625
0 0.3440755208333333 0.761962890625 0.008463541666666666 0.01123046875
0 0.4163411458333333 0.78515625 0.015625 0.017578125
0 0.4462890625 0.795654296875 0.016927083333333332 0.0166015625
0 0.3860677083333333 0.71875 0.015625 0.01318359375
0 0.6083984375 0.5830078125 0.01171875 0.0087890625
0 0.4290364583333333 0.433349609375 0.01171875 0.0107421875
0 0.466796875 0.22509765625 0.013020833333333334 0.01025390625
0 0.6858723958333334 0.283935546875 0.012369791666666666 0.009765625
0 0.671875 0.445068359375 0.024088541666666668 0.01611328125
0 0.6044921875 0.743408203125 0.010416666666666666 0.013671875
0 0.3870442708333333 0.88134765625 0.010416666666666666 0.01220703125
0 0.4127604166666667 0.72412109375 0.0078125 0.01123046875
0 0.4547526041666667 0.33544921875 0.011067708333333334 0.01025390625
0 0.6865234375 0.4833984375 0.014973958333333334 0.013671875