0 0.681640625 0.46875 0.017578125 0.036458333333333336
0 0.665771484375 0.349609375 0.0126953125 0.017578125
0 0.66845703125 0.1396484375 0.01416015625 0.014973958333333334
0 0.589599609375 0.4384765625 0.013671875 0.012369791666666666
0 0.718017578125 0.572265625 0.01220703125 0.026041666666666668
0 0.708740234375 0.5992838541666666 0.02001953125 0.020182291666666668
0 0.46044921875 0.5823567708333334 0.02783203125 0.0390625
0 0.415771484375 0.7418619791666666 0.03125 0.041015625
0 0.3876953125 0.12467447916666667 0.00927734375 0.016276041666666668
0 0.595947265625 0.3857421875 0.01025390625 0.011067708333333334
0 0.5849609375 0.4593098958333333 0.01171875 0.014973958333333334
0 0.442626953125 0.34765625 0.00830078125 0.01171875
0 0.654296875 0.23307291666666666 0.009765625 0.012369791666666666
0 0.487060546875 0.4576822916666667 0.00830078125 0.009765625
0 0.576416015625 0.5813802083333334 0.0078125 0.013020833333333334
0 0.60302734375 0.8704427083333334 0.00830078125 0.011067708333333334
0 0.66552734375 0.2600911458333333 0.01806640625 0.01953125
0 0.4013671875 0.11979166666666667 0.01025390625 0.010416666666666666
0 0.506103515625 0.607421875 0.01953125 0.01953125
0 0.693603515625 0.6897786458333334 0.0166015625 0.020833333333333332
0 0.39404296875 0.6595052083333334 0.01416015625 0.018880208333333332
0 0.400634765625 0.857421875 0.00927734375 0.013671875
0 0.427490234375 0.63671875 0.01025390625 0.016927083333333332
0 0.591796875 0.9700520833333334 0.01708984375 0.032552083333333336
0 0.4345703125 0.16666666666666666 0.013671875 0.024088541666666668
0 0.402099609375 0.4140625 0.0087890625 0.008463541666666666
0 0.394775390625 0.24869791666666666 0.0087890625 0.011067708333333334
0 0.384521484375 0.8860677083333334 0.00927734375 0.013671875
0 0.5869140625 0.8147786458333334 0.0302734375 0.029296875
0 0.494140625 0.5455729166666666 0.013671875 0.011067708333333334
0 0.435302734375 0.90234375 0.03271484375 0.028645833333333332
0 0.47900390625 0.42578125 0.01220703125 0.018229166666666668
0 0.51123046875 0.9466145833333334 0.0126953125 0.022786458333333332
0 0.457275390625 0.7473958333333334 0.00830078125 0.018880208333333332
0 0.638671875 0.626953125 0.01416015625 0.016276041666666668
0 0.6005859375 0.23404947916666666 0.01025390625 0.022135416666666668
0 0.385498046875 0.7786458333333334 0.0107421875 0.018880208333333332
0 0.6669921875 0.9322916666666666 0.0322265625 0.042317708333333336
0 0.71630859375 0.4993489583333333 0.01318359375 0.01953125
0 0.8642578125 0.3138020833333333 0.0107421875 0.017578125
0 0.666015625 0.5794270833333334 0.0341796875 0.051432291666666664
0 0.408203125 0.7864583333333334 0.0146484375 0.018229166666666668
0 0.58056640625 0.6829427083333334 0.02587890625 0.03515625
0 0.394775390625 0.1416015625 0.01416015625 0.018229166666666668
0 0.471435546875 0.3515625 0.01171875 0.012369791666666666
0 0.692626953125 0.2639973958333333 0.009765625 0.017578125
0 0.71875 0.259765625 0.01025390625 0.012369791666666666
0 0.715576171875 0.4798177083333333 0.01318359375 0.01953125
0 0.689697265625 0.5478515625 0.01416015625 0.015625
0 0.366943359375 0.9866536458333334 0.0185546875 0.020182291666666668
0 0.61572265625 0.9065755208333334 0.01318359375 0.015625
0 0.72021484375 0.9046223958333334 0.009765625 0.013671875
0 0.5029296875 0.5084635416666666 0.01025390625 0.012369791666666666
0 0.44775390625 0.6061197916666666 0.01220703125 0.01171875
0 0.445556640625 0.693359375 0.00927734375 0.013671875
0 0.364990234375 0.6884765625 0.00927734375 0.013020833333333334
0 0.476806640625 0.5364583333333334 0.01318359375 0.012369791666666666