0 0.7007275132275131 0.5670882936507936 0.020502645502645578 0.01909722222222232
0 0.4052579365079365 0.6741071428571428 0.044642857142857206 0.045634920634920695
0 0.6876653439153438 0.6153273809523809 0.026124338624338606 0.014384920634920695
0 0.7328042328042327 0.5499751984126984 0.015211640211640306 0.014136904761904656
0 0.35846560846560843 0.32192460317460314 0.0145502645502645 0.012400793650793607
0 0.638723544973545 0.3306051587301587 0.02347883597883597 0.019841269841269882
0 0.7245370370370371 0.7424355158730158 0.01851851851851845 0.016121031746031633
0 0.7275132275132274 0.3900049603174603 0.015873015873015817 0.010664682539682557
0 0.33614417989417983 0.4071180555555555 0.014219576719576743 0.013640873015873023
0 0.7103174603174603 0.3976934523809524 0.015873015873015817 0.013640873015873023
0 0.42857142857142855 0.5255456349206349 0.01851851851851845 0.01736111111111116
0 0.27744708994708994 0.3988095238095238 0.009920634920634885 0.012400793650793607
0 0.6013558201058201 0.30493551587301587 0.018187830687830697 0.010664682539682557
0 0.755621693121693 0.7701314484126984 0.01765211640211639 0.014843750000000044
0 0.424484126984127 0.8120585317460316 0.025142195767195712 0.017653769841269762
0 0.25142857142857145 0.9755530753968253 0.013908730158730176 0.017251984126984032
0 0.517609126984127 0.8055753968253968 0.019897486772486744 0.0108010912698413
0 0.6429861111111111 0.5695808531746032 0.013826058201058236 0.015880456349206318
0 0.7469113756613756 0.5893501984126984 0.03500000000000014 0.024955357142857126
0 0.765707671957672 0.29670138888888886 0.012962962962962917 0.011991567460317487
0 0.6215972222222222 0.27061259920634917 0.022903439153439138 0.01361111111111113
0 0.49628306878306877 0.8076215277777777 0.02462962962962963 0.01620535714285709
0 0.5656382275132275 0.990406746031746 0.019014550264550234 0.009722222222222188
0 0.3675132275132275 0.8602876984126984 0.04364417989417987 0.03273313492063501