0 0.5755208333333334 0.27490234375 0.028645833333333332 0.02783203125
0 0.7470703125 0.226318359375 0.05078125 0.0419921875
0 0.5384114583333334 0.79248046875 0.043619791666666664 0.04638671875
0 0.341796875 0.17578125 0.057291666666666664 0.0361328125
0 0.3551432291666667 0.71826171875 0.024739583333333332 0.02099609375
0 0.4801432291666667 0.26904296875 0.042317708333333336 0.029296875
0 0.7877604166666666 0.78955078125 0.016276041666666668 0.01904296875
0 0.4345703125 0.80322265625 0.027994791666666668 0.02294921875
0 0.7727864583333334 0.61181640625 0.025390625 0.01953125
0 0.7828776041666666 0.186279296875 0.022786458333333332 0.01708984375
0 0.7096354166666666 0.8017578125 0.050130208333333336 0.03515625
0 0.5569661458333334 0.610595703125 0.01953125 0.01611328125
0 0.330078125 0.775390625 0.01953125 0.01611328125
0 0.5970052083333334 0.314453125 0.020182291666666668 0.0166015625
0 0.6246744791666666 0.806396484375 0.027994791666666668 0.025390625
0 0.5891927083333334 0.480224609375 0.027994791666666668 0.0205078125
0 0.7027994791666666 0.365234375 0.021484375 0.021484375
0 0.3509114583333333 0.64404296875 0.015625 0.01416015625
0 0.7932942708333334 0.513916015625 0.025390625 0.01806640625
0 0.7880859375 0.135009765625 0.016276041666666668 0.013671875
0 0.7373046875 0.421875 0.018229166666666668 0.0185546875
0 0.7942708333333334 0.23486328125 0.022786458333333332 0.0166015625
0 0.33984375 0.11865234375 0.04296875 0.0224609375
0 0.3111979166666667 0.11767578125 0.013020833333333334 0.0107421875
0 0.3733723958333333 0.70458984375 0.01171875 0.01220703125
0 0.7242838541666666 0.08642578125 0.01171875 0.01171875
0 0.421875 0.662353515625 0.020833333333333332 0.01123046875
0 0.3216145833333333 0.612548828125 0.048828125 0.04150390625
0 0.5016276041666666 0.492431640625 0.014322916666666666 0.01123046875
0 0.2942708333333333 0.394775390625 0.014973958333333334 0.01123046875
0 0.3323567708333333 0.145263671875 0.044270833333333336 0.0322265625
0 0.3470052083333333 0.162353515625 0.021484375 0.0087890625
0 0.5182291666666666 0.03369140625 0.015625 0.009765625
0 0.6546223958333334 0.32568359375 0.014973958333333334 0.0107421875
0 0.765625 0.406005859375 0.018880208333333332 0.0107421875
0 0.794921875 0.425048828125 0.009114583333333334 0.00830078125
0 0.6142578125 0.47705078125 0.009765625 0.0078125
0 0.7652994791666666 0.55126953125 0.009765625 0.00927734375
0 0.771484375 0.6630859375 0.014973958333333334 0.01318359375
0 0.7958984375 0.641845703125 0.011067708333333334 0.0107421875
0 0.4684244791666667 0.162841796875 0.015625 0.01025390625
0 0.5804036458333334 0.080078125 0.011067708333333334 0.009765625
0 0.7994791666666666 0.216796875 0.01171875 0.01025390625
0 0.4000651041666667 0.3369140625 0.013020833333333334 0.009765625
0 0.5582682291666666 0.409912109375 0.015625 0.01171875
0 0.7698567708333334 0.458740234375 0.01171875 0.00830078125
0 0.58984375 0.50146484375 0.014973958333333334 0.00830078125
0 0.4622395833333333 0.754638671875 0.016276041666666668 0.01025390625
0 0.2975260416666667 0.658935546875 0.009765625 0.01220703125
0 0.4280598958333333 0.5478515625 0.011067708333333334 0.00830078125
0 0.3333333333333333 0.464599609375 0.014322916666666666 0.009765625