0 0.5827876984126984 0.304171626984127 0.030757275132275108 0.02220982142857142
0 0.636005291005291 0.6484871031746031 0.030638227513227534 0.02818700396825391
0 0.44526785714285716 0.2484250992063492 0.03183201058201061 0.020647321428571397
0 0.337609126984127 0.16674355158730156 0.020866402116402078 0.02260912698412698
0 0.22536706349206348 0.12982390873015873 0.02523809523809521 0.018390376984126988
0 0.5244113756613756 0.4763963293650793 0.020148809523809447 0.02074404761904758
0 0.45908068783068784 0.11066468253968254 0.025383597883597897 0.01674355158730159
0 0.33533399470899466 0.7700297619047619 0.03619708994708996 0.02674603174603174
0 0.44055555555555553 0.1672941468253968 0.04995039682539678 0.03025049603174601
0 0.2503009259259259 0.5402058531746031 0.0263161375661376 0.021257440476190492
0 0.5639715608465609 0.7672445436507936 0.05069775132275126 0.037445436507936414
0 0.539728835978836 0.9475099206349206 0.02377645502645498 0.033293650793650764
0 0.6946957671957672 0.38833085317460314 0.014298941798941792 0.013809523809523827
0 0.4650562169312169 0.26339285714285715 0.017354497354497383 0.012519841269841292
0 0.19378968253968254 0.06516369047619047 0.050009920634920636 0.02115327380952381
0 0.36113095238095233 0.16073908730158729 0.01323412698412696 0.008444940476190488
0 0.4782010582010581 0.1866989087301587 0.01017857142857137 0.011887400793650804
0 0.5853439153439153 0.24568452380952382 0.019341931216931247 0.013038194444444429
0 0.39803240740740736 0.2698338293650794 0.018323412698412717 0.013239087301587293
0 0.401140873015873 0.3285243055555555 0.0463227513227514 0.032219742063492096
0 0.28416005291005286 0.4795833333333333 0.02425595238095239 0.015456349206349196
0 0.3679464285714286 0.8988293650793651 0.02108796296296293 0.01778521825396817
0 0.5956977513227514 0.7691443452380952 0.016312830687830626 0.012497519841269789
0 0.25974867724867723 0.569501488095238 0.04083333333333335 0.026339285714285676
0 0.6207638888888889 0.5105208333333333 0.016802248677248628 0.01661706349206349
0 0.5941798941798941 0.3251066468253968 0.011378968253968225 0.0089434523809524
0 0.762199074074074 0.5451314484126983 0.019960317460317494 0.01668154761904761
0 0.4955125661375661 0.4617956349206349 0.023290343915343865 0.014087301587301537
0 0.6153538359788359 0.6842410714285714 0.017281746031745964 0.010424107142857242
0 0.42465939153439153 0.37212797619047616 0.014695767195767187 0.01028521825396822