0 0.40228174603174605 0.1607142857142857 0.04133597883597876 0.041666666666666685
0 0.3158068783068783 0.11061507936507936 0.04563492063492062 0.037698412698412676
0 0.216765873015873 0.1124751984126984 0.03736772486772488 0.035466269841269826
0 0.1812169312169312 0.10081845238095237 0.032407407407407364 0.03149801587301587
0 0.5415013227513227 0.15860615079365079 0.0625 0.05530753968253971
0 0.21560846560846558 0.38231646825396826 0.02976190476190473 0.022073412698412676
0 0.3298611111111111 0.48065476190476186 0.03009259259259256 0.0267857142857143
0 0.3521825396825397 0.7697172619047619 0.0330687830687831 0.028025793650793718
0 0.31564153439153436 0.3092757936507936 0.02876984126984124 0.026289682539682557
0 0.18055555555555555 0.1376488095238095 0.019841269841269844 0.019841269841269826
0 0.17443783068783067 0.26041666666666663 0.043320105820105814 0.034226190476190466
0 0.21511243386243384 0.16877480158730157 0.021494708994708994 0.017113095238095233
0 0.46114417989417983 0.09883432539682539 0.024801587301587286 0.019593253968253982
0 0.205026455026455 0.777405753968254 0.022486772486772482 0.02703373015873023
0 0.37847222222222215 0.4880952380952381 0.027447089947089925 0.016865079365079416
0 0.4743716931216931 0.1474454365079365 0.02876984126984124 0.028025793650793662
0 0.25033068783068785 0.7087053571428571 0.02447089947089946 0.020585317460317443
0 0.23098544973544974 0.4983878968253968 0.01620370370370372 0.014136904761904767
0 0.32853835978835977 0.6340525793650793 0.018187830687830697 0.016121031746031633
0 0.4833002645502645 0.5958581349206349 0.018849206349206355 0.022073412698412787
0 0.291005291005291 0.7867063492063492 0.02447089947089946 0.021825396825396748
0 0.47784391534391535 0.21961805555555555 0.017195767195767136 0.01661706349206349
0 0.26879960317460316 0.47615823412698405 0.026550925925925933 0.01692708333333337
0 0.3563161375661375 0.23722718253968253 0.02347883597883597 0.013144841269841279
0 0.19179894179894177 0.6412450396825397 0.02314814814814814 0.023065476190476275
0 0.23346560846560846 0.7860863095238095 0.026455026455026436 0.024057539682539764
0 0.3194444444444444 0.7130456349206349 0.019179894179894186 0.021329365079365115
0 0.27331349206349204 0.5239335317460317 0.030753968253968218 0.024057539682539764
0 0.3212632275132275 0.009796626984126984 0.021494708994708994 0.01810515873015873
0 0.5871362433862434 0.621155753968254 0.019510582010582016 0.018105158730158832
0 0.4520502645502645 0.11780753968253968 0.023148148148148213 0.020833333333333315
0 0.22850529100529102 0.4655257936507936 0.020502645502645505 0.01736111111111116
0 0.20436507936507933 0.3312251984126984 0.017857142857142867 0.01661706349206349
0 0.22883597883597884 0.8461061507936507 0.020502645502645505 0.015625
0 0.35664682539682535 0.6006944444444444 0.027447089947089925 0.022321428571428603
0 0.464781746031746 0.3603670634920635 0.01752645502645504 0.017857142857142905
0 0.20849867724867724 0.14719742063492064 0.02281746031746031 0.017113095238095233
0 0.41997354497354494 0.2511160714285714 0.015211640211640157 0.012648809523809534
0 0.24520502645502643 0.6598462301587301 0.03009259259259256 0.024553571428571397
0 0.30380621693121695 0.054156746031746035 0.03326058201058202 0.014699900793650786
0 0.18700396825396826 0.7956349206349206 0.02281746031746031 0.014384920634920695
0 0.18154761904761904 0.7233382936507936 0.018518518518518528 0.019593253968253954
0 0.15145502645502645 0.6623263888888888 0.018518518518518528 0.013640873015873023
0 0.19626322751322753 0.5360863095238095 0.018849206349206355 0.013640873015873023
0 0.1941137566137566 0.5048363095238095 0.013227513227513255 0.010664682539682557
0 0.27215608465608465 0.29141865079365076 0.021164021164021163 0.01388888888888884
0 0.5299272486772487 0.5493551587301587 0.014880952380952403 0.015376984126984183
0 0.41220238095238093 0.8953373015873015 0.01620370370370372 0.019345238095238138
0 0.34441137566137564 0.2585565476190476 0.024801587301587286 0.013640873015873023
0 0.33283730158730157 0.07105654761904762 0.02347883597883597 0.014632936507936511
0 0.35300925925925924 0.011284722222222224 0.018849206349206355 0.015625
0 0.14252645502645503 0.6316964285714285 0.014550264550264536 0.011904761904761862
0 0.3862433862433862 0.29228670634920634 0.01322751322751318 0.013144841269841279
0 0.353505291005291 0.9676339285714285 0.017195767195767136 0.012648809523809534
0 0.37946428571428564 0.6917162698412698 0.021494708994708994 0.017857142857142794
0 0.19527116402116398 0.6985367063492063 0.01752645502645504 0.017609126984126977
0 0.17873677248677247 0.8198164682539683 0.02215608465608465 0.02008928571428581
0 0.37996031746031744 0.6298363095238095 0.01388888888888884 0.012152777777777679
0 0.34821428571428564 0.8101438492063492 0.015211640211640157 0.017113095238095344
0 0.6180555555555555 0.2854662698412698 0.015211640211640157 0.012896825396825351
0 0.626984126984127 0.8241567460317459 0.015211640211640157 0.01736111111111116
0 0.2779431216931217 0.8878968253968254 0.028108465608465583 0.01984126984126977
0 0.17427248677248675 0.6186755952380952 0.021164021164021163 0.022073412698412787
0 0.1886574074074074 0.4144345238095238 0.014219576719576743 0.016865079365079416
0 0.7059126984126983 0.5059375 0.0479828042328041 0.039796626984127004
0 0.7908730158730157 0.472703373015873 0.01693452380952376 0.015664682539682562
0 0.7234126984126984 0.6617410714285714 0.02201719576719589 0.01524057539682544
0 0.7454298941798941 0.7737251984126984 0.018627645502645507 0.01820436507936507
0 0.48144510582010586 0.9828794642857142 0.023485449735449748 0.01425843253968262
0 0.187880291005291 0.9427604166666667 0.018637566137566102 0.014538690476190386
0 0.1910482804232804 0.8373561507936507 0.025720899470899432 0.012301587301587258
0 0.15600859788359786 0.9368874007936507 0.016775793650793663 0.01565724206349217
0 0.4074470899470899 0.7304141865079365 0.027585978835978835 0.02376488095238094
0 0.2689616402116402 0.6363343253968253 0.016775793650793663 0.01621527777777776
0 0.18489748677248677 0.6849826388888888 0.02460317460317459 0.011183035714285694
0 0.4911375661375661 0.26798115079365076 0.025720899470899432 0.012581845238095246
0 0.21360119047619044 0.32264136904761903 0.02012896825396826 0.011183035714285694
0 0.1815443121693122 0.33564236111111106 0.02460317460317459 0.01202132936507938
0 0.4889021164021164 0.09379960317460316 0.03317791005291001 0.017053571428571418
0 0.19682870370370373 0.1239955357142857 0.01416666666666666 0.010344742063492063
0 0.21621362433862434 0.02110863095238095 0.018637566137566102 0.007549603174603174
0 0.2171428571428571 0.03886160714285714 0.03765211640211641 0.02516369047619048
0 0.296359126984127 0.08583333333333333 0.013419312169312173 0.013420138888888877
0 0.6875925925925926 0.22087301587301586 0.030939153439153582 0.020689484126984126
0 0.6147123015873016 0.3552132936507936 0.018637566137566175 0.010344742063492007
0 0.5688624338624338 0.5175124007936508 0.016402116402116345 0.012862103174603234
0 0.8281316137566136 0.6490550595238095 0.017519841269841407 0.018732638888888875
0 0.636521164021164 0.7139186507936508 0.021994047619047663 0.015937499999999938
0 0.6700727513227512 0.8627976190476191 0.02870370370370375 0.02012896825396826
0 0.823098544973545 0.708328373015873 0.03802248677248669 0.024883432539682504
0 0.8380092592592591 0.6705853174603175 0.020876322751322895 0.022646329365079376