0 0.9866536458333334 0.344482421875 0.026692708333333332 0.02880859375
0 0.9879557291666666 0.538330078125 0.024088541666666668 0.01318359375
0 0.3636067708333333 0.343505859375 0.038411458333333336 0.02734375
0 0.4869791666666667 0.511474609375 0.026041666666666668 0.015625
0 0.7955729166666666 0.499755859375 0.024739583333333332 0.0185546875
0 0.3362630208333333 0.478271484375 0.026041666666666668 0.01318359375
0 0.6282552083333334 0.552978515625 0.017578125 0.015625
0 0.666015625 0.64697265625 0.024739583333333332 0.01611328125
0 0.4361979166666667 0.49267578125 0.060546875 0.03564453125
0 0.7646484375 0.5625 0.055338541666666664 0.03857421875
0 0.5166015625 0.66650390625 0.057291666666666664 0.03076171875
0 0.12109375 0.471923828125 0.024088541666666668 0.02294921875
0 0.7900390625 0.650634765625 0.014973958333333334 0.009765625
0 0.3844401041666667 0.61279296875 0.020182291666666668 0.01123046875
0 0.9055989583333334 0.297119140625 0.025390625 0.0166015625
0 0.7884114583333334 0.309326171875 0.012369791666666666 0.009765625
0 0.7259114583333334 0.4609375 0.017578125 0.013671875
0 0.7392578125 0.386962890625 0.05859375 0.0380859375
0 0.681640625 0.33203125 0.017578125 0.01123046875
0 0.8033854166666666 0.362060546875 0.01171875 0.0078125
0 0.8365885416666666 0.408447265625 0.01171875 0.00830078125
0 0.935546875 0.43896484375 0.013020833333333334 0.0087890625
0 0.8753255208333334 0.506591796875 0.009114583333333334 0.00927734375
0 0.876953125 0.56298828125 0.020182291666666668 0.01318359375
0 0.94140625 0.5703125 0.01171875 0.0078125
0 0.9947916666666666 0.48193359375 0.010416666666666666 0.005859375
0 0.7405598958333334 0.626708984375 0.011067708333333334 0.00927734375
0 0.7822265625 0.63232421875 0.009765625 0.00830078125
0 0.3681640625 0.605712890625 0.018229166666666668 0.01171875
0 0.15885416666666666 0.56103515625 0.016927083333333332 0.01416015625
0 0.07454427083333333 0.5400390625 0.049479166666666664 0.03857421875
0 0.0029296875 0.310302734375 0.005859375 0.00830078125
0 0.029296875 0.30419921875 0.012369791666666666 0.00927734375
0 0.4055989583333333 0.56884765625 0.028645833333333332 0.017578125
0 0.5927734375 0.331298828125 0.025390625 0.0185546875
0 0.345703125 0.37158203125 0.012369791666666666 0.01025390625
0 0.3359375 0.33251953125 0.012369791666666666 0.0087890625
0 0.283203125 0.421630859375 0.010416666666666666 0.00927734375
0 0.3076171875 0.3720703125 0.015625 0.009765625
0 0.251953125 0.5126953125 0.012369791666666666 0.0068359375
0 0.2591145833333333 0.502197265625 0.018229166666666668 0.0078125
0 0.2646484375 0.6533203125 0.009765625 0.0078125
0 0.9381510416666666 0.49658203125 0.013020833333333334 0.01025390625
0 0.8821614583333334 0.497314453125 0.011067708333333334 0.00732421875
0 0.8248697916666666 0.390380859375 0.013671875 0.00732421875
0 0.5582682291666666 0.56298828125 0.013671875 0.01025390625
0 0.5240885416666666 0.372802734375 0.01171875 0.00927734375
0 0.5696614583333334 0.698486328125 0.011067708333333334 0.009765625
0 0.5924479166666666 0.657470703125 0.009114583333333334 0.00830078125