0 0.6258465608465608 0.7851686507936508 0.0366269841269841 0.03514632936507933
0 0.5821395502645502 0.8986235119047619 0.04564484126984129 0.037584325396825324
0 0.6882374338624339 0.8489012896825396 0.031812169312169424 0.033955853174603146
0 0.3988095238095238 0.43524801587301587 0.02239087301587306 0.019764384920634925
0 0.6676256613756614 0.9446279761904761 0.03272817460317453 0.02316716269841268
0 0.5910978835978836 0.5007465277777777 0.029675925925925977 0.028397817460317443
0 0.5229298941798941 0.45867063492063487 0.022189153439153397 0.014898313492063497
0 0.439130291005291 0.5509796626984127 0.038065476190476254 0.031215277777777883
0 0.4441269841269841 0.9851140873015872 0.015830026455026402 0.012534722222222294
0 0.5445502645502646 0.22621527777777778 0.019150132275132254 0.013437499999999991
0 0.3728835978835978 0.3888169642857143 0.034487433862433914 0.021031746031746068
0 0.35036375661375657 0.9231498015873015 0.01701058201058207 0.013115079365079385
0 0.5713425925925926 0.2642757936507936 0.019907407407407412 0.014402281746031753
0 0.2709292328042328 0.5532713293650793 0.01623015873015876 0.012061011904761942
0 0.507255291005291 0.6761284722222222 0.021250000000000064 0.016049107142857233
0 0.6781547619047618 0.7600892857142856 0.019712301587301678 0.019117063492063435
0 0.5870734126984126 0.3436855158730159 0.036068121693121714 0.02844990079365084
0 0.6913425925925925 0.5439161706349206 0.03258597883597888 0.03274553571428562
0 0.3380787037037037 0.363000992063492 0.018700396825396776 0.019402281746031758
0 0.43216600529100524 0.21780505952380952 0.01578703703703699 0.013869047619047614
0 0.35761243386243385 0.4148189484126984 0.019484126984127048 0.01899801587301586
0 0.7228835978835978 0.9182118055555555 0.014566798941798945 0.012232142857142803
0 0.3170271164021164 0.726969246031746 0.01732804232804234 0.016063988095238013
0 0.35834986772486777 0.5671875 0.014659391534391553 0.012648809523809534
0 0.3187632275132275 0.7538789682539682 0.01896825396825393 0.010962301587301493
0 0.5779894179894179 0.5184325396825397 0.01614417989417986 0.011822916666666572
0 0.33481481481481484 0.32364583333333335 0.07001984126984133 0.04373759920634923
0 0.523422619047619 0.3045882936507936 0.017258597883597886 0.013759920634920597
0 0.6082109788359787 0.2170535714285714 0.012827380952380896 0.011190476190476195
0 0.48385582010582007 0.3753769841269841 0.017784391534391524 0.01031746031746028
0 0.5536871693121693 0.3952802579365079 0.015744047619047574 0.012075892857142834
0 0.5987334656084655 0.4218551587301587 0.014285714285714235 0.00968005952380957
0 0.6776025132275132 0.3907936507936508 0.015162037037036965 0.00878720238095243
0 0.6795006613756613 0.40358878968253964 0.010205026455026337 0.0068229166666666785
0 0.49464616402116396 0.4589211309523809 0.016035052910052954 0.012524801587301626
0 0.4609689153439153 0.463735119047619 0.016329365079365072 0.00946676587301587
0 0.2454993386243386 0.46712301587301586 0.03848544973544973 0.03767609126984128
0 0.27101190476190473 0.5255084325396825 0.018369708994709022 0.019305555555555465
0 0.3850165343915344 0.5743774801587301 0.015453042328042343 0.008578869047618953
0 0.23514880952380954 0.5951512896825397 0.018951719576719556 0.009015376984127021
0 0.32816137566137565 0.6843725198412698 0.013703703703703773 0.007705853174603261
0 0.3721858465608465 0.7166344246031745 0.008455687830687767 0.017120535714285623
0 0.20322420634920632 0.6791195436507936 0.018660714285714253 0.019942956349206398
0 0.5862070105820106 0.809094742063492 0.016121031746031782 0.018700396825396925
0 0.4738326719576719 0.7232266865079365 0.010641534391534405 0.01721478174603175
0 0.599265873015873 0.7650744047619048 0.019669312169312114 0.01239831349206355
0 0.611193783068783 0.5760788690476191 0.01773478835978833 0.010218253968254043
0 0.572662037037037 0.4937301587301587 0.016121031746031782 0.012388392857142883
0 0.6455357142857142 0.4678472222222222 0.01483134920634921 0.010436507936507966
0 0.3706547619047618 0.37973710317460313 0.015972222222222204 0.007690972222222259
0 0.28568452380952375 0.40262896825396827 0.04922949735449733 0.03972718253968255
0 0.379593253968254 0.415500992063492 0.013098544973544938 0.009903273809523827
0 0.26761574074074074 0.36437003968253967 0.014348544973544985 0.010104166666666692
0 0.45597222222222217 0.8193675595238095 0.024083994708994656 0.02280009920634929
0 0.5069113756613757 0.5974107142857144 0.017397486772486797 0.011564980158730087
0 0.24060515873015872 0.9216914682539683 0.011468253968253942 0.010677083333333393
0 0.7057903439153438 0.5080580357142856 0.015767195767195652 0.01287450396825407
0 0.429183201058201 0.6609871031746031 0.016117724867724892 0.013400297619047707
0 0.26364087301587297 0.5912227182539682 0.017166005291005277 0.012088293650793558
0 0.2447222222222222 0.7863268849206348 0.019269179894179905 0.016555059523809534
0 0.44319775132275135 0.9475347222222221 0.02172288359788362 0.016292162698412715
0 0.5553902116402116 0.6608878968253967 0.014953703703703672 0.011215277777777866
0 0.6140906084656085 0.3925967261904762 0.022463624338624328 0.013385416666666705