0 0.47216796875 0.7626953125 0.02685546875 0.042317708333333336
0 0.351806640625 0.8557942708333334 0.02001953125 0.036458333333333336
0 0.343505859375 0.3837890625 0.01953125 0.034505208333333336
0 0.378662109375 0.8014322916666666 0.0283203125 0.044921875
0 0.37353515625 0.5787760416666666 0.01904296875 0.031901041666666664
0 0.352783203125 0.3434244791666667 0.0205078125 0.026041666666666668
0 0.52490234375 0.3772786458333333 0.02001953125 0.02734375
0 0.351806640625 0.7278645833333334 0.0185546875 0.029947916666666668
0 0.338134765625 0.9632161458333334 0.02685546875 0.02734375
0 0.42041015625 0.9944661458333334 0.015625 0.011067708333333334
0 0.49755859375 0.7887369791666666 0.01416015625 0.021484375
0 0.362060546875 0.7731119791666666 0.0146484375 0.025390625
0 0.64794921875 0.4059244791666667 0.025390625 0.033854166666666664
0 0.685302734375 0.2666015625 0.01513671875 0.020182291666666668
0 0.60400390625 0.9384765625 0.02734375 0.0390625
0 0.385009765625 0.4749348958333333 0.01025390625 0.018229166666666668
0 0.366455078125 0.626953125 0.0107421875 0.018229166666666668
0 0.606689453125 0.302734375 0.01611328125 0.021484375
0 0.576416015625 0.6240234375 0.0146484375 0.020182291666666668
0 0.500244140625 0.4222005208333333 0.02685546875 0.025390625
0 0.527587890625 0.5569661458333334 0.0146484375 0.021484375
0 0.61572265625 0.6057942708333334 0.01220703125 0.018229166666666668
0 0.60498046875 0.33203125 0.02099609375 0.026692708333333332
0 0.418701171875 0.7210286458333334 0.025390625 0.055989583333333336
0 0.674560546875 0.4957682291666667 0.0126953125 0.017578125
0 0.441650390625 0.7047526041666666 0.01806640625 0.02734375
0 0.378173828125 0.14973958333333334 0.00927734375 0.013020833333333334
0 0.433349609375 0.7496744791666666 0.017578125 0.018229166666666668
0 0.3388671875 0.99609375 0.01171875 0.0078125
0 0.4599609375 0.9163411458333334 0.01318359375 0.016927083333333332
0 0.423828125 0.8336588541666666 0.0087890625 0.014322916666666666
0 0.35009765625 0.6735026041666666 0.0107421875 0.008463541666666666
0 0.344970703125 0.6676432291666666 0.0126953125 0.018229166666666668
0 0.349609375 0.6028645833333334 0.01416015625 0.03125
0 0.335205078125 0.6178385416666666 0.0126953125 0.016927083333333332
0 0.335205078125 0.5859375 0.00830078125 0.012369791666666666
0 0.37109375 0.3850911458333333 0.00927734375 0.015625
0 0.362060546875 0.3753255208333333 0.0107421875 0.011067708333333334
0 0.413330078125 0.4078776041666667 0.015625 0.009114583333333334
0 0.353271484375 0.3141276041666667 0.013671875 0.013020833333333334
0 0.3427734375 0.294921875 0.0078125 0.010416666666666666
0 0.365478515625 0.283203125 0.0048828125 0.010416666666666666
0 0.350341796875 0.18391927083333334 0.00830078125 0.009114583333333334
0 0.414794921875 0.2864583333333333 0.0224609375 0.018880208333333332
0 0.426513671875 0.189453125 0.02001953125 0.018229166666666668
0 0.412353515625 0.16080729166666666 0.01025390625 0.010416666666666666
0 0.4072265625 0.1826171875 0.00634765625 0.007161458333333333
0 0.490966796875 0.16373697916666666 0.0087890625 0.008463541666666666
0 0.487060546875 0.17057291666666666 0.00732421875 0.007161458333333333
0 0.521728515625 0.17350260416666666 0.00732421875 0.010416666666666666
0 0.4951171875 0.3525390625 0.009765625 0.020182291666666668
0 0.447265625 0.4345703125 0.01123046875 0.013020833333333334
0 0.584716796875 0.3600260416666667 0.01171875 0.016276041666666668
0 0.623291015625 0.3268229166666667 0.0107421875 0.01171875
0 0.681396484375 0.310546875 0.0126953125 0.016276041666666668
0 0.6611328125 0.2822265625 0.0087890625 0.01171875
0 0.6640625 0.3414713541666667 0.01171875 0.014322916666666666
0 0.67333984375 0.3766276041666667 0.00830078125 0.010416666666666666
0 0.669921875 0.4195963541666667 0.017578125 0.0234375
0 0.68798828125 0.4446614583333333 0.009765625 0.012369791666666666
0 0.6416015625 0.5283203125 0.0087890625 0.011067708333333334
0 0.6396484375 0.4755859375 0.0087890625 0.010416666666666666
0 0.632568359375 0.48046875 0.01171875 0.014322916666666666
0 0.601806640625 0.4352213541666667 0.0146484375 0.009114583333333334
0 0.59228515625 0.4137369791666667 0.00830078125 0.013671875
0 0.571533203125 0.4202473958333333 0.01123046875 0.014973958333333334
0 0.5244140625 0.517578125 0.01513671875 0.016276041666666668
0 0.55322265625 0.4700520833333333 0.0068359375 0.009114583333333334
0 0.510498046875 0.4690755208333333 0.009765625 0.013020833333333334
0 0.477783203125 0.5123697916666666 0.01318359375 0.018229166666666668
0 0.40478515625 0.6044921875 0.0107421875 0.024088541666666668
0 0.617431640625 0.15071614583333334 0.0244140625 0.017578125
0 0.686767578125 0.16276041666666666 0.01416015625 0.017578125
0 0.654052734375 0.13704427083333334 0.02001953125 0.013020833333333334
0 0.38330078125 0.6692708333333334 0.01806640625 0.021484375
0 0.39794921875 0.24772135416666666 0.0244140625 0.034505208333333336
0 0.416259765625 0.23404947916666666 0.015625 0.020182291666666668
0 0.63037109375 0.6119791666666666 0.013671875 0.014973958333333334
0 0.538330078125 0.5999348958333334 0.0146484375 0.016927083333333332
0 0.500732421875 0.447265625 0.0146484375 0.018229166666666668
0 0.566162109375 0.2565104166666667 0.01416015625 0.017578125
0 0.61083984375 0.5029296875 0.009765625 0.018880208333333332
0 0.665283203125 0.7099609375 0.0078125 0.016927083333333332
0 0.45556640625 0.5436197916666666 0.01220703125 0.016927083333333332
0 0.406494140625 0.9267578125 0.0078125 0.022135416666666668
0 0.5703125 0.8714192708333334 0.00830078125 0.013671875