0 0.4697265625 0.357177734375 0.0546875 0.03271484375
0 0.12955729166666666 0.397705078125 0.026041666666666668 0.01806640625
0 0.4638671875 0.464599609375 0.037760416666666664 0.03076171875
0 0.3336588541666667 0.485107421875 0.025390625 0.013671875
0 0.3912760416666667 0.45703125 0.052734375 0.0341796875
0 0.4212239583333333 0.347900390625 0.037760416666666664 0.03515625
0 0.6764322916666666 0.364013671875 0.05078125 0.037109375
0 0.6640625 0.44482421875 0.059244791666666664 0.0498046875
0 0.7067057291666666 0.501220703125 0.05078125 0.03466796875
0 0.7027994791666666 0.614501953125 0.047526041666666664 0.03076171875
0 0.3404947916666667 0.432861328125 0.041015625 0.0302734375
0 0.8616536458333334 0.30859375 0.045572916666666664 0.02783203125
0 0.9186197916666666 0.392333984375 0.055338541666666664 0.0341796875
0 0.3772786458333333 0.517578125 0.0390625 0.02587890625
0 0.2985026041666667 0.502685546875 0.021484375 0.01220703125
0 0.3876953125 0.307373046875 0.026692708333333332 0.01513671875
0 0.453125 0.4384765625 0.02734375 0.01416015625
0 0.2985026041666667 0.57861328125 0.032552083333333336 0.02099609375
0 0.7080078125 0.38818359375 0.022135416666666668 0.01416015625
0 0.2939453125 0.459228515625 0.020182291666666668 0.01806640625
0 0.203125 0.39111328125 0.020833333333333332 0.015625
0 0.951171875 0.445556640625 0.026692708333333332 0.02001953125
0 0.1494140625 0.440673828125 0.026692708333333332 0.017578125
0 0.5930989583333334 0.583984375 0.017578125 0.015625
0 0.9612630208333334 0.322265625 0.022786458333333332 0.017578125
0 0.6705729166666666 0.585693359375 0.024739583333333332 0.0185546875
0 0.1923828125 0.5283203125 0.051432291666666664 0.0244140625
0 0.9427083333333334 0.56005859375 0.029947916666666668 0.01611328125
0 0.2955729166666667 0.398193359375 0.017578125 0.01318359375
0 0.21321614583333334 0.307373046875 0.017578125 0.013671875
0 0.15657552083333334 0.376708984375 0.026041666666666668 0.02001953125
0 0.24837239583333334 0.471435546875 0.022135416666666668 0.01513671875
0 0.6139322916666666 0.494140625 0.018229166666666668 0.0126953125
0 0.11555989583333333 0.43505859375 0.016927083333333332 0.009765625
0 0.8330078125 0.4619140625 0.024088541666666668 0.01513671875
0 0.3603515625 0.376220703125 0.020182291666666668 0.013671875
0 0.7408854166666666 0.586181640625 0.024739583333333332 0.01611328125
0 0.5026041666666666 0.39599609375 0.020182291666666668 0.01318359375
0 0.19986979166666666 0.614013671875 0.022135416666666668 0.0126953125
0 0.4895833333333333 0.2822265625 0.020182291666666668 0.01171875
0 0.09700520833333333 0.42919921875 0.018229166666666668 0.0107421875
0 0.4680989583333333 0.568359375 0.024088541666666668 0.015625
0 0.6126302083333334 0.6201171875 0.01953125 0.01123046875
0 0.9065755208333334 0.31689453125 0.014322916666666666 0.013671875
0 0.5865885416666666 0.611328125 0.018880208333333332 0.0087890625
0 0.9807942708333334 0.334228515625 0.01953125 0.015625
0 0.5947265625 0.64453125 0.020182291666666668 0.01171875
0 0.1748046875 0.452880859375 0.022786458333333332 0.013671875
0 0.19173177083333334 0.554931640625 0.04296875 0.02099609375
0 0.7630208333333334 0.43310546875 0.017578125 0.01025390625
0 0.8427734375 0.542724609375 0.025390625 0.0107421875
0 0.251953125 0.606201171875 0.016927083333333332 0.01123046875
0 0.9114583333333334 0.629150390625 0.021484375 0.01171875
0 0.6246744791666666 0.657958984375 0.018880208333333332 0.01220703125
0 0.13606770833333334 0.478515625 0.018880208333333332 0.0146484375
0 0.2099609375 0.43701171875 0.013671875 0.0087890625
0 0.16829427083333334 0.344970703125 0.013671875 0.0126953125
0 0.3466796875 0.631591796875 0.037760416666666664 0.03759765625
0 0.4163411458333333 0.564208984375 0.02734375 0.03369140625
0 0.4466145833333333 0.521484375 0.018229166666666668 0.01611328125
0 0.458984375 0.601318359375 0.017578125 0.015625
0 0.4430338541666667 0.625244140625 0.015625 0.009765625
0 0.4039713541666667 0.403564453125 0.020833333333333332 0.01806640625
0 0.9905598958333334 0.40625 0.018880208333333332 0.0234375
0 0.90625 0.657470703125 0.020833333333333332 0.017578125
0 0.6197916666666666 0.50927734375 0.025390625 0.01025390625
0 0.3056640625 0.65869140625 0.029296875 0.0185546875
0 0.4156901041666667 0.452392578125 0.028645833333333332 0.01708984375
0 0.51953125 0.438232421875 0.018229166666666668 0.009765625
0 0.7496744791666666 0.389892578125 0.014973958333333334 0.01904296875
0 0.6546223958333334 0.5615234375 0.01953125 0.01416015625
0 0.32421875 0.5458984375 0.016276041666666668 0.01416015625