0 0.506591796875 0.427734375 0.02685546875 0.028645833333333332
0 0.517822265625 0.3199869791666667 0.03173828125 0.034505208333333336
0 0.353759765625 0.3069661458333333 0.02880859375 0.029947916666666668
0 0.7119140625 0.6168619791666666 0.0361328125 0.046223958333333336
0 0.5458984375 0.3401692708333333 0.0244140625 0.029296875
0 0.289794921875 0.3160807291666667 0.02587890625 0.037760416666666664
0 0.347900390625 0.5458984375 0.0390625 0.037109375
0 0.365234375 0.7535807291666666 0.03369140625 0.044921875
0 0.6591796875 0.76953125 0.04052734375 0.035807291666666664
0 0.654052734375 0.4381510416666667 0.017578125 0.013020833333333334
0 0.642333984375 0.6031901041666666 0.02197265625 0.0234375
0 0.555908203125 0.4215494791666667 0.0146484375 0.014322916666666666
0 0.609619140625 0.4436848958333333 0.01513671875 0.016276041666666668
0 0.213623046875 0.6888020833333334 0.015625 0.021484375
0 0.90673828125 0.5891927083333334 0.01611328125 0.016927083333333332
0 0.267333984375 0.4186197916666667 0.01708984375 0.01953125
0 0.29296875 0.7542317708333334 0.033203125 0.039713541666666664
0 0.797607421875 0.576171875 0.013671875 0.01171875
0 0.593505859375 0.5677083333333334 0.01806640625 0.013671875
0 0.37890625 0.2626953125 0.05078125 0.053385416666666664
0 0.506591796875 0.6611328125 0.033203125 0.032552083333333336
0 0.251220703125 0.3880208333333333 0.013671875 0.016276041666666668
0 0.813232421875 0.6018880208333334 0.01318359375 0.015625
0 0.363037109375 0.3990885416666667 0.01513671875 0.022135416666666668
0 0.22607421875 0.4075520833333333 0.01220703125 0.014973958333333334
0 0.693603515625 0.42578125 0.015625 0.01953125
0 0.7998046875 0.5445963541666666 0.015625 0.015625
0 0.197509765625 0.5270182291666666 0.017578125 0.017578125
0 0.90966796875 0.3121744791666667 0.01123046875 0.014322916666666666
0 0.61474609375 0.4811197916666667 0.0224609375 0.03515625
0 0.64599609375 0.2939453125 0.01611328125 0.013671875
0 0.235595703125 0.357421875 0.01416015625 0.015625
0 0.34765625 0.6669921875 0.02783203125 0.044921875
0 0.3935546875 0.3196614583333333 0.01123046875 0.016927083333333332
0 0.308349609375 0.3118489583333333 0.0166015625 0.032552083333333336
0 0.291015625 0.3466796875 0.01171875 0.014322916666666666
0 0.37060546875 0.3658854166666667 0.0166015625 0.018880208333333332
0 0.3232421875 0.3951822916666667 0.01611328125 0.016927083333333332
0 0.2216796875 0.4736328125 0.01416015625 0.017578125
0 0.305908203125 0.5354817708333334 0.021484375 0.025390625
0 0.2861328125 0.5550130208333334 0.01513671875 0.018880208333333332
0 0.275634765625 0.6565755208333334 0.01513671875 0.020182291666666668
0 0.189697265625 0.5445963541666666 0.0166015625 0.020833333333333332
0 0.20556640625 0.4352213541666667 0.0146484375 0.015625
0 0.298828125 0.4381510416666667 0.017578125 0.012369791666666666
0 0.305419921875 0.4303385416666667 0.0107421875 0.01171875
0 0.51025390625 0.5458984375 0.01904296875 0.026041666666666668
0 0.507080078125 0.3727213541666667 0.01318359375 0.014973958333333334
0 0.598876953125 0.3284505208333333 0.0107421875 0.018229166666666668
0 0.5087890625 0.291015625 0.01025390625 0.013020833333333334
0 0.602783203125 0.4873046875 0.01513671875 0.015625
0 0.460205078125 0.6907552083333334 0.0087890625 0.016927083333333332
0 0.528564453125 0.7119140625 0.01220703125 0.015625
0 0.53515625 0.7516276041666666 0.015625 0.02734375
0 0.48779296875 0.7744140625 0.0126953125 0.018229166666666668
0 0.5224609375 0.7770182291666666 0.01318359375 0.014322916666666666
0 0.23388671875 0.7060546875 0.02734375 0.033854166666666664
0 0.25146484375 0.6809895833333334 0.01171875 0.016927083333333332
0 0.265625 0.7477213541666666 0.025390625 0.03125
0 0.82666015625 0.7841796875 0.03369140625 0.020182291666666668
0 0.896728515625 0.724609375 0.0146484375 0.020833333333333332
0 0.84521484375 0.7281901041666666 0.00927734375 0.012369791666666666
0 0.730224609375 0.6214192708333334 0.00927734375 0.024739583333333332
0 0.688232421875 0.7311197916666666 0.0107421875 0.014973958333333334
0 0.6279296875 0.751953125 0.0166015625 0.020833333333333332
0 0.610107421875 0.5361328125 0.0146484375 0.014322916666666666
0 0.568115234375 0.5882161458333334 0.01416015625 0.013020833333333334
0 0.79833984375 0.5283203125 0.0205078125 0.016276041666666668
0 0.62451171875 0.3310546875 0.02099609375 0.0234375
0 0.64794921875 0.4117838541666667 0.01123046875 0.016276041666666668
0 0.53076171875 0.2936197916666667 0.01416015625 0.010416666666666666
0 0.299560546875 0.5849609375 0.013671875 0.016276041666666668
0 0.19482421875 0.7369791666666666 0.01025390625 0.013020833333333334
0 0.344482421875 0.7705078125 0.01318359375 0.01171875
0 0.330078125 0.7649739583333334 0.0107421875 0.01171875
0 0.6455078125 0.7376302083333334 0.0126953125 0.021484375
0 0.51611328125 0.470703125 0.0087890625 0.014973958333333334
0 0.42578125 0.3349609375 0.0126953125 0.014973958333333334
0 0.28662109375 0.6559244791666666 0.01171875 0.013020833333333334
0 0.48388671875 0.7444661458333334 0.0087890625 0.011067708333333334
0 0.716796875 0.7838541666666666 0.00927734375 0.010416666666666666