0 0.2644113756613757 0.3078869047619048 0.043290343915343886 0.04026785714285719
0 0.6404431216931217 0.22955605158730158 0.043290343915343886 0.026210317460317434
0 0.6268617724867726 0.30088045634920635 0.03650132275132275 0.030074404761904816
0 0.35141534391534396 0.3037450396825397 0.032255291005290974 0.021795634920634965
0 0.5059027777777777 0.34673115079365074 0.025466269841269835 0.02373263888888888
0 0.5148148148148147 0.39606646825396824 0.024616402116402075 0.016726190476190506
0 0.5525892857142857 0.3741121031746032 0.030558862433862483 0.01865575396825392
0 0.2563458994708995 0.4721676587301587 0.03565145502645506 0.026326884920634952
0 0.26908068783068784 0.4501984126984127 0.03734788359788362 0.030771329365079314
0 0.3017592592592592 0.42758928571428567 0.02801256613756616 0.019930555555555562
0 0.30260912698412695 0.48394841269841266 0.017824074074074048 0.015508432539682593
0 0.4469113756613756 0.40116071428571426 0.028012566137566086 0.01418402777777783
0 0.7299933862433862 0.4183556547619047 0.03395171957671946 0.018013392857142874
0 0.6646362433862434 0.4680282738095238 0.0203703703703703 0.023139880952380953
0 0.7176884920634921 0.4884077380952381 0.0365013227513226 0.028246527777777697
0 0.7410284391534391 0.5005059523809523 0.03225529100529112 0.0257068452380953
0 0.46431216931216923 0.5564905753968253 0.039047619047619 0.025629960317460343
0 0.32934523809523814 0.5663591269841269 0.025466269841269835 0.01608382936507935
0 0.3352876984126984 0.5415252976190476 0.022070105820105823 0.01606646825396818
0 0.24531084656084656 0.5160515873015872 0.03055886243386241 0.0185987103174603
0 0.24531084656084656 0.5666815476190477 0.03734788359788362 0.03709821428571436
0 0.2656845238095238 0.6383085317460316 0.03395171957671961 0.02501736111111108
0 0.27417328042328043 0.6134722222222222 0.0271626984126984 0.02245535714285718
0 0.3166137566137566 0.6704662698412699 0.025466269841269835 0.012936507936508024
0 0.33868386243386245 0.6440401785714285 0.032255291005290974 0.027566964285714368
0 0.5755092592592592 0.6628100198412697 0.025466269841269835 0.014174107142857162
0 0.6009722222222221 0.6835069444444444 0.02716269841269847 0.02374007936507927
0 0.6124305555555555 0.706750992063492 0.022919973544973587 0.026937003968253936
0 0.6438392857142857 0.7169419642857142 0.022919973544973587 0.024397321428571317
0 0.6332275132275133 0.6134573412698412 0.02885912698412696 0.01987599206349211
0 0.7490939153439155 0.6112276785714285 0.017824074074074048 0.010322420634920615
0 0.220271164021164 0.7254836309523809 0.024616402116402147 0.017291666666666705
0 0.27501984126984125 0.7245287698412698 0.023766534391534384 0.016654265873015772
0 0.20499338624338623 0.8735466269841269 0.05347552910052911 0.03585069444444433
0 0.3038822751322751 0.9248115079365079 0.04753306878306877 0.03779265873015869
0 0.3543882275132275 0.8452108134920634 0.05008267195767191 0.05047867063492073
0 0.42866071428571423 0.8382068452380952 0.049232804232804295 0.05302331349206346
0 0.43757275132275125 0.7334449404761905 0.03650132275132275 0.021753472222222126
0 0.4579431216931216 0.7649677579365078 0.017824074074074048 0.017316468253968154
0 0.454973544973545 0.7955332341269841 0.022070105820105823 0.019880952380952444
0 0.4876521164021164 0.8089087301587301 0.026312830687830708 0.02753224206349203
0 0.5984259259259259 0.8162301587301587 0.02716269841269847 0.01543650793650797
0 0.7189616402116402 0.7691071428571428 0.0203703703703703 0.01922867063492073
0 0.6833101851851852 0.9330877976190476 0.04244047619047612 0.03270089285714284
0 0.7240542328042326 0.9365897817460317 0.02376653439153446 0.021877480158730256
0 0.6383201058201058 0.16016369047619047 0.02376653439153446 0.013474702380952386
0 0.2890277777777778 0.2222519841269841 0.014431216931216925 0.007780257936507939
0 0.29624338624338625 0.2060143849206349 0.008488756613756587 0.008407738095238093
0 0.33146825396825397 0.19646081349206349 0.016127645502645487 0.010949900793650769
0 0.27459656084656087 0.1665327380952381 0.0195238095238095 0.01984623015873016
0 0.7503670634920635 0.5310069444444444 0.016977513227513324 0.015406746031745966
0 0.6277116402116402 0.9018576388888888 0.01612764550264556 0.014801587301587205
0 0.26230489417989417 0.3938541666666666 0.023574735449735467 0.018209325396825404
0 0.24277777777777776 0.3778893849206349 0.016888227513227532 0.013722718253968202
0 0.24453703703703702 0.34965277777777776 0.016888227513227532 0.014250992063492007
0 0.224130291005291 0.9015773809523808 0.026739417989417962 0.016096230158730185
0 0.3752513227513227 0.30439484126984123 0.015833333333333293 0.009764384920634916
0 0.2709259259259259 0.370500992063492 0.014778439153439127 0.008973214285714293
0 0.5515707671957671 0.21401785714285712 0.018184523809523807 0.011180555555555582
0 0.5832969576719577 0.2040327380952381 0.011927910052910088 0.009898313492063493
0 0.5202546296296297 0.36584325396825396 0.01723544973544981 0.01465029761904757
0 0.26702050264550264 0.7863070436507936 0.020396825396825413 0.010126488095238084
0 0.2636144179894179 0.15280753968253968 0.01975198412698413 0.00931547619047618
0 0.29212301587301587 0.167547123015873 0.020162037037037006 0.0161904761904762
0 0.5076554232804232 0.3045014880952381 0.023363095238095283 0.016907242063492034
0 0.6082837301587302 0.2726835317460317 0.014755291005291049 0.018444940476190497
0 0.40292658730158726 0.2891294642857143 0.013935185185185143 0.010143849206349254
0 0.4141997354497354 0.2955853174603174 0.025823412698412707 0.01198908730158732
0 0.730433201058201 0.39549851190476193 0.015575396825396956 0.013219246031746068
0 0.6945667989417988 0.4097916666666666 0.020906084656084605 0.011681547619047605
0 0.6634160052910053 0.18598958333333332 0.01926587301587294 0.01475694444444442
0 0.3488194444444444 0.3357043650793651 0.019675925925925892 0.012911706349206353
0 0.3199239417989418 0.41686259920634916 0.019265873015873014 0.011066468253968287
0 0.29614748677248676 0.454828869047619 0.01598544973544976 0.013219246031746068
0 0.35312499999999997 0.6077728174603174 0.03402116402116399 0.01659970238095232
0 0.2549537037037037 0.6618774801587302 0.013115079365079385 0.012911706349206353
0 0.47445436507936506 0.6858556547619047 0.01926587301587294 0.01475694444444442
0 0.40559193121693116 0.922110615079365 0.018445767195767182 0.016907242063492145
0 0.7195701058201057 0.7899181547619046 0.03156084656084642 0.014449404761904816
0 0.7185449735449736 0.7341220238095237 0.023773148148148238 0.01659970238095232
0 0.6660780423280422 0.6969246031746031 0.03197089947089952 0.01537202380952385
0 0.742933201058201 0.5470560515873015 0.020906084656084605 0.018137400793650782
0 0.2608994708994709 0.7997569444444443 0.03893849206349209 0.02674603174603174
0 0.37689814814814815 0.7448809523809524 0.02172288359788362 0.01721478174603175
0 0.43817791005291 0.8922891865079364 0.024593253968253997 0.023055555555555607
0 0.552744708994709 0.9451661706349206 0.013525132275132338 0.010758928571428683
0 0.7601488095238095 0.9333308531746032 0.012708333333333321 0.011681547619047716
0 0.5070403439153438 0.7210565476190476 0.018035714285714228 0.013834325396825387
0 0.5386011904761905 0.5140079365079365 0.022132936507936574 0.01537202380952385