0 0.651123046875 0.35546875 0.02978515625 0.037109375
0 0.65869140625 0.4039713541666667 0.01806640625 0.0234375
0 0.590087890625 0.359375 0.02197265625 0.02734375
0 0.614501953125 0.3199869791666667 0.0146484375 0.016276041666666668
0 0.552490234375 0.35546875 0.01953125 0.025390625
0 0.49267578125 0.3343098958333333 0.0146484375 0.018880208333333332
0 0.49365234375 0.3782552083333333 0.01123046875 0.016276041666666668
0 0.558349609375 0.4248046875 0.02001953125 0.022135416666666668
0 0.501953125 0.4462890625 0.01806640625 0.026692708333333332
0 0.533447265625 0.4498697916666667 0.01611328125 0.022786458333333332
0 0.561767578125 0.4840494791666667 0.01513671875 0.024739583333333332
0 0.585205078125 0.494140625 0.0146484375 0.021484375
0 0.635009765625 0.4807942708333333 0.021484375 0.017578125
0 0.667236328125 0.5003255208333334 0.01318359375 0.016927083333333332
0 0.653564453125 0.4921875 0.0166015625 0.024088541666666668
0 0.7705078125 0.5133463541666666 0.0126953125 0.024088541666666668
0 0.713134765625 0.4319661458333333 0.01416015625 0.024088541666666668
0 0.51171875 0.7718098958333334 0.009765625 0.016927083333333332
0 0.615966796875 0.8014322916666666 0.01123046875 0.016927083333333332
0 0.72509765625 0.75 0.0107421875 0.012369791666666666
0 0.752197265625 0.7447916666666666 0.01025390625 0.013020833333333334
0 0.673828125 0.5751953125 0.01025390625 0.016276041666666668
0 0.617431640625 0.5501302083333334 0.0087890625 0.014973958333333334
0 0.719970703125 0.375 0.01318359375 0.012369791666666666
0 0.716552734375 0.3544921875 0.00732421875 0.011067708333333334
0 0.74462890625 0.3697916666666667 0.021484375 0.049479166666666664
0 0.8134765625 0.3629557291666667 0.00830078125 0.013671875
0 0.11962890625 0.80859375 0.04736328125 0.06315104166666667
0 0.45166015625 0.3216145833333333 0.009765625 0.016276041666666668
0 0.743408203125 0.7281901041666666 0.013671875 0.018880208333333332
0 0.73486328125 0.7200520833333334 0.0087890625 0.014322916666666666
0 0.694580078125 0.7262369791666666 0.021484375 0.025390625
0 0.65625 0.6897786458333334 0.0244140625 0.028645833333333332
0 0.619873046875 0.6930338541666666 0.015625 0.024088541666666668
0 0.642333984375 0.7805989583333334 0.01416015625 0.022135416666666668
0 0.5927734375 0.8033854166666666 0.01708984375 0.0234375
0 0.669677734375 0.7496744791666666 0.01708984375 0.017578125
0 0.770751953125 0.7281901041666666 0.01123046875 0.014322916666666666
0 0.75146484375 0.7057291666666666 0.02099609375 0.016276041666666668
0 0.77001953125 0.6552734375 0.01025390625 0.016927083333333332
0 0.7177734375 0.6373697916666666 0.01318359375 0.018229166666666668
0 0.74072265625 0.5875651041666666 0.03662109375 0.055338541666666664
0 0.7568359375 0.5787760416666666 0.01025390625 0.009114583333333334
0 0.785400390625 0.5807291666666666 0.015625 0.018229166666666668
0 0.724609375 0.5494791666666666 0.015625 0.014322916666666666
0 0.75 0.4889322916666667 0.01416015625 0.024088541666666668
0 0.7021484375 0.5550130208333334 0.013671875 0.022786458333333332
0 0.68994140625 0.5944010416666666 0.01708984375 0.021484375
0 0.63232421875 0.6116536458333334 0.01806640625 0.022786458333333332
0 0.669189453125 0.6315104166666666 0.01513671875 0.021484375
0 0.666748046875 0.6526692708333334 0.02685546875 0.025390625
0 0.626220703125 0.6598307291666666 0.01513671875 0.025390625
0 0.55859375 0.6653645833333334 0.017578125 0.020833333333333332
0 0.56201171875 0.6451822916666666 0.01220703125 0.015625
0 0.517578125 0.6617838541666666 0.0126953125 0.01953125
0 0.535888671875 0.7024739583333334 0.0087890625 0.013020833333333334
0 0.54296875 0.7405598958333334 0.02880859375 0.034505208333333336
0 0.537841796875 0.7216796875 0.01708984375 0.014973958333333334
0 0.494384765625 0.7197265625 0.0087890625 0.018229166666666668
0 0.4853515625 0.6744791666666666 0.0087890625 0.010416666666666666
0 0.45361328125 0.6513671875 0.0126953125 0.01953125
0 0.46044921875 0.6106770833333334 0.01318359375 0.01953125
0 0.4873046875 0.5950520833333334 0.01025390625 0.010416666666666666
0 0.5771484375 0.6227213541666666 0.0283203125 0.033203125
0 0.57470703125 0.5224609375 0.02099609375 0.022786458333333332
0 0.53515625 0.517578125 0.0126953125 0.015625
0 0.604248046875 0.4345703125 0.00927734375 0.015625
0 0.600341796875 0.423828125 0.01416015625 0.016927083333333332
0 0.642333984375 0.3968098958333333 0.01025390625 0.020833333333333332
0 0.60302734375 0.3828125 0.02001953125 0.016927083333333332
0 0.47802734375 0.4137369791666667 0.01416015625 0.020833333333333332
0 0.43994140625 0.4228515625 0.01708984375 0.011067708333333334
0 0.4541015625 0.3453776041666667 0.02099609375 0.015625
0 0.450927734375 0.3587239583333333 0.00732421875 0.007161458333333333
0 0.3828125 0.3427734375 0.0283203125 0.046875
0 0.40478515625 0.3473307291666667 0.0166015625 0.013671875
0 0.345703125 0.4189453125 0.02685546875 0.026692708333333332
0 0.3505859375 0.4495442708333333 0.0166015625 0.018229166666666668
0 0.4912109375 0.4921875 0.02001953125 0.022786458333333332
0 0.500244140625 0.4749348958333333 0.01953125 0.020182291666666668
0 0.49560546875 0.5159505208333334 0.02490234375 0.037109375
0 0.452392578125 0.5227864583333334 0.02099609375 0.029947916666666668
0 0.50048828125 0.5397135416666666 0.009765625 0.015625
0 0.524169921875 0.5696614583333334 0.0126953125 0.014973958333333334
0 0.507568359375 0.5764973958333334 0.0078125 0.011067708333333334
0 0.4375 0.572265625 0.01953125 0.021484375
0 0.413330078125 0.4807942708333333 0.0146484375 0.021484375
0 0.439208984375 0.4778645833333333 0.044921875 0.043619791666666664
0 0.333251953125 0.48828125 0.01513671875 0.01953125
0 0.37890625 0.5045572916666666 0.0263671875 0.017578125
0 0.374267578125 0.5182291666666666 0.02197265625 0.022135416666666668
0 0.356689453125 0.5296223958333334 0.01123046875 0.013671875
0 0.352783203125 0.5533854166666666 0.0185546875 0.024739583333333332
0 0.366943359375 0.5784505208333334 0.02099609375 0.018880208333333332
0 0.33251953125 0.5703125 0.01220703125 0.01953125
0 0.35986328125 0.6070963541666666 0.01171875 0.038411458333333336
0 0.392333984375 0.6129557291666666 0.009765625 0.013671875
0 0.43701171875 0.6165364583333334 0.0224609375 0.017578125
0 0.40673828125 0.67578125 0.0146484375 0.027994791666666668
0 0.399169921875 0.6861979166666666 0.01611328125 0.025390625
0 0.433837890625 0.6959635416666666 0.013671875 0.017578125
0 0.452392578125 0.7125651041666666 0.0166015625 0.016276041666666668
0 0.4501953125 0.7360026041666666 0.01123046875 0.013020833333333334
0 0.456787109375 0.7594401041666666 0.0205078125 0.030598958333333332
0 0.443115234375 0.806640625 0.00830078125 0.009765625
0 0.420654296875 0.8050130208333334 0.04345703125 0.043619791666666664
0 0.42919921875 0.7841796875 0.01513671875 0.016927083333333332
0 0.38134765625 0.767578125 0.0234375 0.024739583333333332
0 0.356201171875 0.7776692708333334 0.017578125 0.020182291666666668
0 0.3984375 0.7350260416666666 0.0185546875 0.029947916666666668
0 0.41943359375 0.7454427083333334 0.02197265625 0.026692708333333332
0 0.3603515625 0.7307942708333334 0.015625 0.018229166666666668
0 0.32568359375 0.7529296875 0.02294921875 0.027994791666666668
0 0.316162109375 0.7392578125 0.02099609375 0.013671875
0 0.289794921875 0.7395833333333334 0.01708984375 0.024739583333333332
0 0.30126953125 0.7018229166666666 0.01611328125 0.020833333333333332
0 0.30517578125 0.6806640625 0.01611328125 0.0234375
0 0.357177734375 0.6793619791666666 0.02001953125 0.024739583333333332
0 0.330322265625 0.65625 0.0166015625 0.025390625
0 0.314208984375 0.638671875 0.01220703125 0.015625
0 0.32275390625 0.650390625 0.0087890625 0.01953125
0 0.35009765625 0.630859375 0.00927734375 0.013671875
0 0.32861328125 0.6149088541666666 0.021484375 0.026692708333333332
0 0.31396484375 0.34765625 0.01953125 0.0234375
0 0.3173828125 0.3128255208333333 0.01513671875 0.03125
0 0.2958984375 0.3590494791666667 0.0166015625 0.01953125
0 0.2666015625 0.3785807291666667 0.02490234375 0.022786458333333332
0 0.234619140625 0.3922526041666667 0.02490234375 0.022135416666666668
0 0.232421875 0.4241536458333333 0.0146484375 0.01953125
0 0.294921875 0.4498697916666667 0.01708984375 0.021484375
0 0.30615234375 0.4384765625 0.01904296875 0.029296875
0 0.26025390625 0.4697265625 0.013671875 0.013671875
0 0.2265625 0.4970703125 0.01708984375 0.022786458333333332
0 0.2607421875 0.5319010416666666 0.021484375 0.014322916666666666
0 0.255615234375 0.5836588541666666 0.02197265625 0.024739583333333332
0 0.213134765625 0.591796875 0.0400390625 0.048177083333333336
0 0.253662109375 0.6341145833333334 0.02685546875 0.029296875
0 0.21044921875 0.6676432291666666 0.025390625 0.03125
0 0.24658203125 0.7125651041666666 0.01416015625 0.022786458333333332
0 0.25634765625 0.7652994791666666 0.01806640625 0.024739583333333332
0 0.239990234375 0.767578125 0.02294921875 0.032552083333333336
0 0.218505859375 0.7874348958333334 0.017578125 0.020833333333333332
0 0.246337890625 0.8180338541666666 0.03173828125 0.034505208333333336
0 0.264404296875 0.8134765625 0.01123046875 0.010416666666666666
0 0.1923828125 0.83203125 0.0078125 0.008463541666666666
0 0.15673828125 0.7835286458333334 0.0224609375 0.024088541666666668
0 0.14990234375 0.8017578125 0.0126953125 0.020182291666666668
0 0.158935546875 0.7333984375 0.0283203125 0.028645833333333332
0 0.166015625 0.7109375 0.02294921875 0.024739583333333332
0 0.15771484375 0.6344401041666666 0.017578125 0.029296875
0 0.16748046875 0.6305338541666666 0.0126953125 0.016276041666666668
0 0.186767578125 0.6067708333333334 0.02001953125 0.021484375
0 0.071533203125 0.4212239583333333 0.0224609375 0.018229166666666668
0 0.11669921875 0.4436848958333333 0.01806640625 0.016276041666666668
0 0.12451171875 0.4772135416666667 0.02294921875 0.029296875
0 0.08154296875 0.4892578125 0.02587890625 0.020833333333333332
0 0.060546875 0.4944661458333333 0.0166015625 0.024739583333333332
0 0.075439453125 0.5061848958333334 0.01611328125 0.0234375
0 0.068115234375 0.6315104166666666 0.02392578125 0.025390625
0 0.08642578125 0.7337239583333334 0.02783203125 0.03515625
0 0.109375 0.7405598958333334 0.017578125 0.017578125
0 0.060791015625 0.7532552083333334 0.0322265625 0.020833333333333332
0 0.086669921875 0.7542317708333334 0.00830078125 0.011067708333333334
0 0.048583984375 0.7799479166666666 0.015625 0.012369791666666666
0 0.1484375 0.5989583333333334 0.0263671875 0.052083333333333336
0 0.546142578125 0.654296875 0.01171875 0.013020833333333334
0 0.267578125 0.7177734375 0.013671875 0.020182291666666668
0 0.4365234375 0.6637369791666666 0.0107421875 0.018880208333333332
0 0.09814453125 0.6119791666666666 0.0205078125 0.021484375
0 0.01220703125 0.6800130208333334 0.0126953125 0.016276041666666668
0 0.118896484375 0.5598958333333334 0.01220703125 0.016276041666666668
0 0.081787109375 0.3212890625 0.02099609375 0.018229166666666668
0 0.577880859375 0.3707682291666667 0.00927734375 0.016927083333333332
0 0.632568359375 0.3544921875 0.013671875 0.016276041666666668
0 0.566650390625 0.3447265625 0.0166015625 0.018229166666666668
0 0.076171875 0.6770833333333334 0.01513671875 0.022135416666666668