0 0.2652116402116402 0.27058531746031744 0.020502645502645505 0.02331349206349209
0 0.6344246031746031 0.4117063492063492 0.061177248677248684 0.056051587301587324
0 0.6372354497354497 0.3237847222222222 0.02579365079365085 0.02504960317460314
0 0.29381613756613756 0.689236111111111 0.043320105820105814 0.042162698412698374
0 0.6759259259259259 0.3423859126984127 0.043650793650793794 0.035962301587301626
0 0.5208333333333334 0.5633680555555555 0.037037037037037056 0.033482142857142794
0 0.43915343915343913 0.7316468253968254 0.041666666666666664 0.03819444444444442
0 0.34821428571428564 0.8800843253968254 0.04894179894179892 0.03447420634920628
0 0.3349867724867725 0.3395337301587301 0.03505291005291008 0.024801587301587324
0 0.3072089947089947 0.6455853174603174 0.019179894179894186 0.021825396825396748
0 0.3394510582010582 0.7294146825396824 0.03207671957671954 0.03571428571428581
0 0.2822420634920635 0.6520337301587301 0.03339947089947093 0.03125
0 0.707010582010582 0.9487847222222222 0.04298941798941799 0.042906746031746046
0 0.613260582010582 0.6904761904761905 0.034060846560846514 0.03918650793650791
0 0.7251984126984127 0.714905753968254 0.023809523809523725 0.028025793650793718
0 0.25859788359788355 0.30121527777777773 0.06613756613756612 0.039434523809523836
0 0.31845238095238093 0.4594494047619047 0.027777777777777752 0.02256944444444442
0 0.39252645502645506 0.43117559523809523 0.030423280423280463 0.028025793650793607
0 0.5434854497354497 0.3934771825396825 0.042658730158730084 0.039434523809523836
0 0.5297619047619048 0.6840277777777778 0.044973544973544964 0.04265873015873023
0 0.32109788359788355 0.5286458333333333 0.042328042328042326 0.045386904761904656
0 0.6362433862433862 0.8891369047619048 0.042328042328042326 0.06051587301587302
0 0.369047619047619 0.3525545634920635 0.027116402116402167 0.025545634920634885
0 0.6987433862433862 0.6254960317460317 0.03968253968253954 0.02678571428571419
0 0.6064814814814815 0.5892857142857143 0.029100529100529144 0.02678571428571419
0 0.3662367724867725 0.5348462301587301 0.02414021164021163 0.02356150793650791
0 0.45039682539682535 0.41629464285714285 0.021164021164021236 0.019593253968253954
0 0.5783730158730158 0.566468253968254 0.04034391534391535 0.03472222222222232
0 0.39037698412698413 0.5042162698412698 0.030753968253968218 0.029265873015873023
0 0.2934854497354497 0.3525545634920635 0.03009259259259256 0.02852182539682535
0 0.4131944444444444 0.23995535714285712 0.02876984126984124 0.02901785714285715
0 0.2331349206349206 0.7090773809523809 0.05886243386243387 0.049107142857142794
0 0.4262566137566137 0.28856646825396826 0.04365079365079364 0.03497023809523814
0 0.669973544973545 0.7687251984126984 0.015211640211640306 0.02356150793650791
0 0.45403439153439146 0.6511656746031745 0.04894179894179892 0.04191468253968256
0 0.33978174603174605 0.2157738095238095 0.014219576719576743 0.013888888888888895
0 0.46296296296296297 0.9268353174603174 0.06349206349206356 0.04513888888888884
0 0.5886243386243386 0.7860863095238095 0.024470899470899532 0.02951388888888884
0 0.5740740740740741 0.5172371031746031 0.03968253968253969 0.014136904761904656
0 0.6028439153439152 0.3692956349206349 0.024470899470899532 0.02430555555555558
0 0.6990740740740741 0.39622023809523804 0.030423280423280314 0.014104662698412707
0 0.3655753968253968 0.814236111111111 0.025462962962962948 0.02430555555555558
0 0.564484126984127 0.8467261904761905 0.0330687830687831 0.025793650793650702
0 0.38144841269841273 0.6155753968253967 0.02414021164021163 0.015376984126984183
0 0.2795965608465608 0.43030753968253965 0.021494708994708994 0.019841269841269882
0 0.3761574074074074 0.5756448412698413 0.030753968253968218 0.021825396825396748
0 0.3621031746031746 0.2755456349206349 0.037037037037037056 0.038690476190476164
0 0.404265873015873 0.47792658730158727 0.01752645502645504 0.012896825396825351
0 0.6469907407407407 0.9667658730158729 0.0327380952380952 0.034226190476190466
0 0.3754960317460317 0.9580853174603174 0.025462962962962948 0.02083333333333326
0 0.48048941798941797 0.9804067460317459 0.024470899470899532 0.029265873015873023
0 0.5831679894179894 0.6666666666666666 0.018187830687830697 0.01388888888888884
0 0.5512566137566137 0.9222470238095237 0.04034391534391535 0.03298611111111116
0 0.4401455026455026 0.6886160714285714 0.015211640211640157 0.021081349206349298
0 0.7238756613756614 0.3984375 0.017857142857142943 0.013144841269841279
0 0.6760912698412698 0.8968253968253967 0.039351851851851784 0.01835317460317465
0 0.2794312169312169 0.8179563492063492 0.023809523809523798 0.025793650793650702
0 0.4128174603174603 0.21656498015873016 0.019890873015872963 0.013906250000000009
0 0.4622056878306878 0.3201041666666667 0.02157738095238093 0.0161830357142857
0 0.4488888888888889 0.24033234126984127 0.017192460317460245 0.013400297619047596
0 0.28133597883597883 0.32478422619047614 0.019216269841269822 0.011378968253968225
0 0.264646164021164 0.36182539682539683 0.018878968253968287 0.014665178571428572
0 0.43894510582010576 0.36903025793650795 0.03708333333333336 0.025538194444444495
0 0.5525562169312169 0.4197271825396825 0.026296296296296262 0.012641369047619033
0 0.6351554232804233 0.4426091269841269 0.02427248677248676 0.013906250000000009
0 0.6329629629629628 0.49924851190476194 0.016517857142857178 0.015424107142857135
0 0.28757275132275134 0.385719246031746 0.03168981481481481 0.013906250000000009
0 0.40202711640211636 0.713157242063492 0.03540013227513228 0.033122519841269904
0 0.5899768518518518 0.710250496031746 0.04854828042328041 0.03641121031746031
0 0.670486111111111 0.45038442460317457 0.01752976190476178 0.010696924603174618
0 0.6733101851851852 0.43478422619047613 0.01723544973544981 0.010696924603174618
0 0.6978240740740739 0.43478422619047613 0.013369708994709129 0.013370535714285703
0 0.4003902116402116 0.3985714285714285 0.013964947089947147 0.01671378968253967
0 0.40930555555555553 0.5086582341269841 0.015747354497354465 0.018497023809523894
0 0.456547619047619 0.5613640873015873 0.02050264550264543 0.015153769841269815
0 0.4201488095238095 0.592452876984127 0.01010251322751321 0.011810515873015959
0 0.32328373015873013 0.8567534722222221 0.05229497354497351 0.037217261904761934
0 0.45981812169312164 0.8519618055555556 0.015747354497354465 0.015153769841269815
0 0.7278339947089946 0.9798809523809524 0.01574735449735461 0.012033730158730105
0 0.7388293650793649 0.9874578373015872 0.009209656084656181 0.012926587301587356
0 0.7123842592592592 0.6874975198412697 0.027040343915344007 0.023177083333333348
0 0.7438789682539682 0.6811458333333333 0.018720238095238113 0.012703373015872987
0 0.6115046296296296 0.6466046626984127 0.016044973544973473 0.010027281746031846
0 0.563964947089947 0.666326884920635 0.011289682539682508 0.012926587301587356
0 0.6266600529100529 0.6775818452380953 0.01307539682539686 0.01136656746031739
0 0.6651388888888888 0.9323015873015872 0.03179232804232809 0.02206349206349212
0 0.5733234126984127 0.9637227182539682 0.019907407407407412 0.012703373015872987
0 0.2943121693121693 0.9013244047619047 0.019907407407407412 0.025627480158730176
0 0.28807208994708994 0.8417113095238096 0.016937830687830724 0.016937003968253928
0 0.6264285714285714 0.5524727182539683 0.013548280423280415 0.008807043650793656
0 0.7354298941798941 0.35501984126984126 0.015076058201058137 0.010835813492063529
0 0.2614318783068783 0.565984623015873 0.019044312169312166 0.00862351190476196
0 0.6591104497354497 0.46297123015873015 0.012982804232804254 0.010597718253968269
0 0.24249007936507935 0.36960565476190477 0.015274470899470908 0.010597718253968269