0 0.26229828042328046 0.26372519841269837 0.03845568783068787 0.02679563492063497
0 0.3395734126984127 0.29202876984126985 0.029024470899470838 0.023541666666666683
0 0.47670965608465604 0.26453869047619044 0.024669312169312157 0.013187003968254007
0 0.624728835978836 0.25093253968253965 0.0362797619047619 0.027333829365079332
0 0.6813227513227513 0.26154513888888886 0.030476190476190546 0.018085317460317496
0 0.6544775132275132 0.23950148809523808 0.020317460317460363 0.01861855158730158
0 0.5473313492063492 0.40342509920634917 0.026147486772486832 0.025602678571428616
0 0.6900859788359789 0.36525049603174603 0.028974867724867792 0.027698412698412667
0 0.6109358465608465 0.4879910714285714 0.02332010582010587 0.0219469246031746
0 0.6367294973544974 0.483219246031746 0.026855158730158795 0.019823908730158712
0 0.4568749999999999 0.451671626984127 0.026147486772486832 0.021393849206349236
0 0.446984126984127 0.39944692460317455 0.024735449735449794 0.010223214285714266
0 0.4964517195767195 0.388578869047619 0.016253306878306912 0.017110615079365066
0 0.5247189153439153 0.3721428571428571 0.026147486772486832 0.018159722222222174
0 0.5042261904761904 0.41879960317460313 0.017668650793650837 0.013948412698412738
0 0.41341600529100525 0.3684300595238095 0.018373015873015913 0.016036706349206398
0 0.338859126984127 0.3594171626984127 0.02049272486772491 0.013908730158730176
0 0.36465277777777777 0.3525248015873016 0.015545634920634951 0.011783234126984121
0 0.3854993386243386 0.35491071428571425 0.013425925925925952 0.017616567460317478
0 0.36783399470899464 0.39812251984126984 0.026147486772486832 0.016056547619047623
0 0.29716269841269843 0.39812251984126984 0.016253306878306912 0.01499503968253968
0 0.24875661375661373 0.37982886904761903 0.0212003968253968 0.01657490079365076
0 0.42790343915343915 0.22766369047619048 0.019080687830687875 0.01859375000000002
0 0.38161375661375657 0.2775024801587302 0.021200396825396872 0.016505456349206304
0 0.43497023809523805 0.31567460317460316 0.021908068783068835 0.011230158730158757
0 0.3812599206349206 0.3082539682539683 0.019080687830687875 0.015466269841269864
0 0.6734788359788358 0.21838541666666664 0.019788359788359838 0.01487599206349205
0 0.6900859788359789 0.23296378968253967 0.012013888888888916 0.007993551587301584
0 0.550866402116402 0.3257440476190476 0.026147486772486832 0.01864831349206353
0 0.49927910052910046 0.31249007936507933 0.016253306878306912 0.014397321428571419
0 0.5286044973544973 0.30877728174603175 0.018373015873015913 0.015456349206349196
0 0.29080357142857144 0.4566741071428571 0.013425925925925952 0.01443700396825398
0 0.20105489417989417 0.4564087301587301 0.01625330687830684 0.013906250000000009
0 0.20211309523809526 0.41849950396825397 0.012721560846560879 0.011230158730158757
0 0.6823115079365079 0.43678819444444444 0.017668650793650837 0.011765873015873063
0 0.31094576719576716 0.5186830357142856 0.02685515873015872 0.012311507936507926
0 0.19363425925925923 0.557390873015873 0.038161375661375674 0.03036458333333325
0 0.331792328042328 0.5608382936507936 0.03180224867724868 0.0287748015873015
0 0.24663690476190478 0.6331795634920635 0.032506613756613754 0.019754464285714368
0 0.47913690476190474 0.5305853174603175 0.011306216931216953 0.015974702380952444
0 0.5024570105820106 0.5316443452380952 0.016960978835978874 0.009613095238095282
0 0.5388525132275132 0.5610739087301587 0.014841269841269877 0.019707341269841194
0 0.5346130952380953 0.5374776785714286 0.012013888888888916 0.015979662698412778
0 0.45829034391534385 0.5682291666666666 0.019080687830687875 0.019181547619047556
0 0.4674768518518519 0.5981870039682539 0.02332010582010587 0.019732142857142865
0 0.5006911375661375 0.5997767857142857 0.014841269841269877 0.015491071428571423
0 0.5851421957671957 0.6180629960317461 0.015545634920634951 0.013901289682539675
0 0.5642923280423281 0.6864533730158731 0.030386904761904827 0.028779761904761836
0 0.6480357142857143 0.6946701388888888 0.022615740740740797 0.013410218253968154
0 0.6162367724867724 0.7368030753968253 0.021200396825396872 0.016054067460317567
0 0.560760582010582 0.7489980158730158 0.026147486772486832 0.013943452380952293
0 0.5240112433862433 0.739985119047619 0.03321428571428564 0.02560019841269834
0 0.47701719576719576 0.7413095238095238 0.019788359788359838 0.01976934523809515
0 0.3925661375661375 0.7227529761904761 0.019080687830687875 0.01233382936507943
0 0.3049371693121693 0.6798090277777777 0.0190806878306878 0.019729662698412698
0 0.3233101851851852 0.6859052579365079 0.016253306878306912 0.012839781746031731
0 0.26995701058201055 0.6435342261904762 0.022615740740740724 0.011840277777777741
0 0.2890376984126984 0.6185689484126984 0.015545634920634951 0.012795138888888946
0 0.3328505291005291 0.629174107142857 0.0169609788359788 0.008561507936508006
0 0.1904530423280423 0.6548883928571428 0.017668650793650764 0.015471230158730087
0 0.1727876984126984 0.8070188492063491 0.027559523809523794 0.028224206349206415
0 0.18091269841269841 0.8939732142857142 0.04522817460317463 0.04524801587301597
0 0.14487103174603175 0.9448685515873015 0.018373015873015874 0.015590277777777883
0 0.31235780423280424 0.8735590277777777 0.01978835978835976 0.024556051587301564
0 0.3653604497354497 0.8014508928571428 0.024027777777777832 0.017085813492063506
0 0.3459259259259259 0.8295510912698413 0.028974867724867792 0.019223710317460396
0 0.35122685185185176 0.8613640873015872 0.0339219576719576 0.024548611111111063
0 0.45369708994708996 0.8722371031746031 0.0339219576719576 0.0420510912698413
0 0.5851421957671957 0.8952976190476191 0.03533399470899464 0.024570932539682566
0 0.5999801587301586 0.9186235119047618 0.026855158730158795 0.013980654761904798
0 0.2939847883597883 0.82375248015873 0.011306216931216953 0.012926587301587356
0 0.22790674603174602 0.8640476190476191 0.021908068783068762 0.01825396825396819
0 0.1423974867724868 0.8534449404761905 0.02049272486772487 0.019308035714285632
0 0.2900958994708995 0.7961830357142857 0.0190806878306878 0.013968253968253963
0 0.22861441798941798 0.7900843253968253 0.017668650793650764 0.013435019841269824
0 0.18409391534391537 0.769141865079365 0.021908068783068762 0.01500992063492057
0 0.5805489417989417 0.7985714285714286 0.0402810846560846 0.03146577380952387
0 0.2756084656084656 0.7720858134920635 0.011306216931216953 0.012418154761904665
0 0.26430224867724866 0.6790376984126985 0.015545634920634951 0.010766369047618962
0 0.3049371693121693 0.7344419642857143 0.010601851851851881 0.0070907738095238315
0 0.46288359788359784 0.6527926587301587 0.014133597883597915 0.010218253968254043
0 0.5197718253968254 0.7616989087301587 0.019080687830687875 0.012844742063492065
0 0.5865542328042328 0.9501661706349206 0.015545634920634951 0.015587797619047716
0 0.4653571428571428 0.6395560515873016 0.026147486772486832 0.01343005952380949
0 0.49185846560846563 0.6406175595238094 0.021200396825396872 0.014491567460317434
0 0.21412698412698408 0.6308085317460317 0.0212003968253968 0.015014880952380905
0 0.43497023809523805 0.27670882936507935 0.017668650793650837 0.010679563492063449
0 0.2989318783068783 0.29553571428571423 0.0169609788359788 0.010173611111111147
0 0.25652777777777774 0.30004464285714283 0.02402777777777776 0.012827380952380896
0 0.31730489417989416 0.2865252976190476 0.015545634920634951 0.015468750000000031
0 0.5078604497354496 0.33461309523809524 0.018346560846560795 0.007192460317460347
0 0.3151190476190476 0.2080381944444444 0.018138227513227505 0.014541170634920608
0 0.4458366402116402 0.32413690476190476 0.017721560846560774 0.010632440476190497
0 0.5126554232804232 0.20537946428571427 0.016679894179894166 0.015478670634920644
0 0.5908366402116402 0.3014632936507936 0.02042989417989416 0.014384920634920584
0 0.551954365079365 0.25455605158730155 0.017304894179894188 0.011257440476190483
0 0.5978207671957672 0.264796626984127 0.018138227513227505 0.010163690476190479
0 0.6757903439153439 0.20561507936507933 0.011464947089947053 0.006254960317460312
0 0.44416997354497356 0.25830853174603174 0.015634920634920668 0.01000744047619051
0 0.42269510582010583 0.27324156746031747 0.015634920634920668 0.011101190476190514
0 0.24631944444444442 0.28254464285714287 0.016471560846560873 0.01188244047619047
0 0.28134589947089944 0.20913194444444444 0.013551587301587306 0.009538690476190492
0 0.2744642857142857 0.3583010912698413 0.01897156084656082 0.011726190476190501
0 0.35056216931216927 0.42123511904761907 0.011464947089947053 0.012194940476190519
0 0.38527447089947087 0.5566443452380951 0.02209986772486768 0.013759920634920597
0 0.142255291005291 0.8735788690476189 0.009411375661375657 0.008653273809523743
0 0.45576719576719577 0.9094469246031746 0.03339947089947085 0.02026785714285717
0 0.5562731481481481 0.9551066468253967 0.013968253968254038 0.015939980158730105
0 0.5791964285714285 0.8202876984126984 0.020952380952380906 0.011842757936507908
0 0.5096626984126984 0.8319022817460318 0.02216600529100532 0.018673115079365088
0 0.5937731481481481 0.8133432539682539 0.01548611111111109 0.011614583333333428
0 0.3355257936507936 0.8262103174603175 0.012751322751322736 0.014119543650793709
0 0.5383564814814815 0.7114335317460317 0.018217592592592553 0.014575892857142891
0 0.5178604497354496 0.6817137896825397 0.027632275132275137 0.01662450396825399
0 0.5785912698412699 0.6712375992063492 0.017308201058201078 0.011158234126984024
0 0.6548048941798942 0.66953125 0.016094576719576665 0.017306547619047707
0 0.5315244708994709 0.623187003968254 0.01184193121693126 0.013891369047619007
0 0.6242890211640211 0.5903943452380952 0.016395502645502713 0.011158234126984024
0 0.411739417989418 0.6313864087301587 0.016395502645502713 0.010704365079365008
0 0.5962003968253968 0.45512152777777776 0.02398809523809531 0.015257936507936498
0 0.3784887566137565 0.49907242063492063 0.014877645502645512 0.017080853174603172
0 0.34250661375661373 0.43052579365079363 0.016395502645502713 0.013891369047619007
0 0.6435681216931217 0.35605902777777776 0.014877645502645512 0.012524801587301626
0 0.5577910052910052 0.3452405753968254 0.015181878306878302 0.010476190476190528
0 0.18886574074074072 0.8632167658730158 0.017612433862433868 0.01207093253968261
0 0.16593915343915344 0.614875992063492 0.01548611111111109 0.011842757936507908
0 0.19448412698412698 0.5075 0.02034391534391533 0.014801587301587205
0 0.6585978835978835 0.4843849206349206 0.012751322751322736 0.012296626984127035
0 0.5930125661375661 0.32531498015873017 0.02003968253968254 0.012524801587301626
0 0.6056150793650793 0.9572693452380951 0.022774470899470895 0.01525793650793661
0 0.49326719576719574 0.7455927579365079 0.014272486772486825 0.012296626984126924
0 0.18431216931216932 0.5279960317460317 0.015181878306878302 0.017080853174603172
0 0.2524768518518518 0.4275669642857143 0.02216600529100532 0.011614583333333317
0 0.21285383597883598 0.47675595238095236 0.014573412698412724 0.011614583333333317
0 0.6658597883597883 0.3475570436507936 0.013710317460317553 0.010282738095238053