0 0.329833984375 0.9534505208333334 0.03662109375 0.057291666666666664
0 0.34423828125 0.5579427083333334 0.037109375 0.049479166666666664
0 0.52099609375 0.8349609375 0.03564453125 0.055989583333333336
0 0.34765625 0.4345703125 0.0361328125 0.055989583333333336
0 0.331787109375 0.9889322916666666 0.03857421875 0.022135416666666668
0 0.3349609375 0.17024739583333334 0.03173828125 0.054036458333333336
0 0.634521484375 0.3538411458333333 0.0322265625 0.05859375
0 0.564208984375 0.10970052083333333 0.03369140625 0.060546875
0 0.48388671875 0.9108072916666666 0.03857421875 0.044921875
0 0.34765625 0.6861979166666666 0.03515625 0.052734375
0 0.44189453125 0.6884765625 0.03271484375 0.055989583333333336
0 0.43701171875 0.4889322916666667 0.0302734375 0.038411458333333336
0 0.448974609375 0.8063151041666666 0.02978515625 0.057291666666666664
0 0.392822265625 0.5654296875 0.029296875 0.053385416666666664
0 0.638427734375 0.2568359375 0.04248046875 0.08138020833333333
0 0.559814453125 0.8291015625 0.04052734375 0.05078125
0 0.38671875 0.4016927083333333 0.017578125 0.034505208333333336
0 0.324462890625 0.5162760416666666 0.02978515625 0.044270833333333336
0 0.398681640625 0.9694010416666666 0.04541015625 0.061197916666666664
0 0.397216796875 0.3313802083333333 0.03662109375 0.05859375
0 0.350830078125 0.287109375 0.02685546875 0.044270833333333336
0 0.36474609375 0.6266276041666666 0.02587890625 0.036458333333333336
0 0.5361328125 0.4241536458333333 0.033203125 0.048177083333333336
0 0.319091796875 0.8356119791666666 0.0224609375 0.039713541666666664
0 0.5400390625 0.9300130208333334 0.0341796875 0.051432291666666664
0 0.44873046875 0.2607421875 0.02490234375 0.046223958333333336
0 0.636474609375 0.11751302083333333 0.02490234375 0.034505208333333336
0 0.40185546875 0.6507161458333334 0.025390625 0.042317708333333336
0 0.533935546875 0.6129557291666666 0.025390625 0.033854166666666664
0 0.491455078125 0.7568359375 0.04052734375 0.06770833333333333
0 0.551513671875 0.3697916666666667 0.03125 0.037109375
0 0.65966796875 0.8274739583333334 0.02685546875 0.042317708333333336
0 0.62548828125 0.9557291666666666 0.04296875 0.057291666666666664
0 0.4833984375 0.2701822916666667 0.02392578125 0.033203125
0 0.386474609375 0.8515625 0.0234375 0.029947916666666668
0 0.6572265625 0.6233723958333334 0.0283203125 0.038411458333333336
0 0.44189453125 0.3548177083333333 0.02783203125 0.035807291666666664
0 0.48828125 0.96875 0.02978515625 0.044921875
0 0.54248046875 0.1533203125 0.025390625 0.04296875
0 0.402099609375 0.10677083333333333 0.03076171875 0.044270833333333336
0 0.643310546875 0.447265625 0.0126953125 0.0234375
0 0.537841796875 0.3076171875 0.0185546875 0.032552083333333336
0 0.42919921875 0.18294270833333334 0.01953125 0.042317708333333336
0 0.58056640625 0.990234375 0.0390625 0.01953125
0 0.61328125 0.8375651041666666 0.04052734375 0.047526041666666664
0 0.402099609375 0.708984375 0.03369140625 0.033854166666666664
0 0.6494140625 0.685546875 0.0263671875 0.029947916666666668
0 0.64013671875 0.5458984375 0.01611328125 0.021484375
0 0.59912109375 0.4765625 0.0107421875 0.018229166666666668
0 0.50048828125 0.12369791666666667 0.01171875 0.027994791666666668
0 0.510009765625 0.1796875 0.0126953125 0.01953125
0 0.532958984375 0.5804036458333334 0.0166015625 0.028645833333333332
0 0.4912109375 0.8509114583333334 0.0263671875 0.043619791666666664
0 0.39697265625 0.19791666666666666 0.02490234375 0.022135416666666668
0 0.410888671875 0.6022135416666666 0.01416015625 0.018880208333333332
0 0.38623046875 0.44140625 0.0234375 0.038411458333333336
0 0.62255859375 0.193359375 0.01513671875 0.017578125
0 0.411376953125 0.5032552083333334 0.0107421875 0.021484375
0 0.65966796875 0.1025390625 0.02294921875 0.036458333333333336
0 0.5224609375 0.2021484375 0.01611328125 0.026692708333333332
0 0.639892578125 0.17610677083333334 0.0185546875 0.022135416666666668
0 0.62841796875 0.8837890625 0.01171875 0.022135416666666668
0 0.668701171875 0.5589192708333334 0.01513671875 0.0234375
0 0.48193359375 0.1328125 0.01416015625 0.020182291666666668
0 0.567138671875 0.193359375 0.009765625 0.016276041666666668
0 0.6181640625 0.5305989583333334 0.01123046875 0.016927083333333332
0 0.639404296875 0.474609375 0.01171875 0.016276041666666668
0 0.59765625 0.7291666666666666 0.0078125 0.015625
0 0.371826171875 0.9274088541666666 0.00732421875 0.013671875
0 0.432861328125 0.5361328125 0.01708984375 0.020182291666666668
0 0.37548828125 0.2265625 0.009765625 0.01171875
0 0.38671875 0.23274739583333334 0.00830078125 0.010416666666666666
0 0.395751953125 0.21907552083333334 0.01611328125 0.018229166666666668
0 0.3271484375 0.306640625 0.01318359375 0.017578125
0 0.33349609375 0.3408203125 0.009765625 0.013671875
0 0.40625 0.181640625 0.0419921875 0.052734375
0 0.542236328125 0.11555989583333333 0.013671875 0.013020833333333334
0 0.46923828125 0.11100260416666667 0.0078125 0.01171875
0 0.593505859375 0.13248697916666666 0.04150390625 0.07421875
0 0.57080078125 0.22591145833333334 0.0087890625 0.013020833333333334
0 0.55419921875 0.24479166666666666 0.05126953125 0.05078125
0 0.63720703125 0.15299479166666666 0.0087890625 0.010416666666666666
0 0.658935546875 0.2705078125 0.02099609375 0.03515625
0 0.6474609375 0.08235677083333333 0.01513671875 0.02734375
0 0.608642578125 0.458984375 0.009765625 0.013671875
0 0.56494140625 0.3307291666666667 0.01220703125 0.012369791666666666
0 0.664794921875 0.5130208333333334 0.0107421875 0.013020833333333334
0 0.602783203125 0.7060546875 0.01171875 0.018880208333333332
0 0.606201171875 0.6429036458333334 0.01220703125 0.014973958333333334
0 0.62646484375 0.6266276041666666 0.01416015625 0.016276041666666668
0 0.6103515625 0.6708984375 0.0498046875 0.047526041666666664
0 0.591064453125 0.6171875 0.01220703125 0.016276041666666668
0 0.51123046875 0.6500651041666666 0.02978515625 0.043619791666666664
0 0.524169921875 0.6754557291666666 0.03076171875 0.03125
0 0.54443359375 0.6650390625 0.015625 0.022786458333333332
0 0.506103515625 0.62109375 0.01318359375 0.03125
0 0.52197265625 0.6116536458333334 0.0107421875 0.016276041666666668
0 0.5517578125 0.5992838541666666 0.01171875 0.022135416666666668
0 0.667724609375 0.5804036458333334 0.01025390625 0.016276041666666668
0 0.645263671875 0.9169921875 0.0107421875 0.015625
0 0.649169921875 0.9586588541666666 0.00927734375 0.009765625
0 0.559326171875 0.9000651041666666 0.013671875 0.020182291666666668
0 0.57080078125 0.9739583333333334 0.01611328125 0.020182291666666668
0 0.58349609375 0.9534505208333334 0.03515625 0.057942708333333336
0 0.516845703125 0.7447916666666666 0.017578125 0.026692708333333332
0 0.547119140625 0.80078125 0.01123046875 0.013020833333333334
0 0.4716796875 0.6194661458333334 0.0380859375 0.080078125
0 0.546875 0.4664713541666667 0.01025390625 0.011067708333333334
0 0.579833984375 0.3346354166666667 0.00830078125 0.013020833333333334
0 0.622314453125 0.4322916666666667 0.0107421875 0.009765625
0 0.46826171875 0.408203125 0.0107421875 0.014973958333333334
0 0.468994140625 0.3883463541666667 0.0087890625 0.009765625
0 0.3994140625 0.4723307291666667 0.01025390625 0.013020833333333334
0 0.413330078125 0.7825520833333334 0.0498046875 0.07096354166666667
0 0.46484375 0.951171875 0.04052734375 0.0625
0 0.37451171875 0.8671875 0.01708984375 0.033854166666666664
0 0.360107421875 0.9879557291666666 0.03662109375 0.024088541666666668
0 0.351318359375 0.9069010416666666 0.017578125 0.024088541666666668
0 0.403076171875 0.7301432291666666 0.0126953125 0.012369791666666666
0 0.376708984375 0.65625 0.025390625 0.028645833333333332
0 0.368896484375 0.6461588541666666 0.00927734375 0.020182291666666668
0 0.342529296875 0.65234375 0.02001953125 0.020182291666666668
0 0.424560546875 0.4983723958333333 0.0107421875 0.012369791666666666
0 0.403564453125 0.4404296875 0.01611328125 0.014973958333333334
0 0.397705078125 0.4274088541666667 0.0146484375 0.015625
0 0.31884765625 0.5641276041666666 0.01416015625 0.021484375
0 0.344482421875 0.5022786458333334 0.01708984375 0.036458333333333336
0 0.3154296875 0.3938802083333333 0.0078125 0.016276041666666668
0 0.3193359375 0.3365885416666667 0.0146484375 0.020182291666666668
0 0.602783203125 0.1845703125 0.01220703125 0.013671875
0 0.572265625 0.8929036458333334 0.00732421875 0.011067708333333334
0 0.32275390625 0.8828125 0.01171875 0.018880208333333332
0 0.43310546875 0.5836588541666666 0.01025390625 0.009765625
0 0.4267578125 0.21549479166666666 0.0146484375 0.018880208333333332