0 0.5669642857142857 0.6184275793650793 0.019510582010582016 0.018105158730158832
0 0.4323743386243386 0.44357638888888884 0.02215608465608465 0.021081349206349187
0 0.5871362433862434 0.9541170634920635 0.02281746031746031 0.021825396825396748
0 0.40195105820105814 0.6376488095238095 0.02281746031746031 0.022321428571428603
0 0.37665343915343913 0.4141865079365079 0.033730158730158756 0.03323412698412698
0 0.5287698412698413 0.638516865079365 0.028439153439153486 0.02703373015873023
0 0.6064814814814815 0.49615575396825395 0.03240740740740744 0.02356150793650791
0 0.3209325396825397 0.9042658730158729 0.026785714285714263 0.026289682539682557
0 0.677744708994709 0.6091269841269841 0.020833333333333332 0.015376984126984183
0 0.5329034391534392 0.4280753968253968 0.02215608465608465 0.02430555555555558
0 0.44130291005291 0.7130456349206349 0.024801587301587286 0.021825396825396748
0 0.5851521164021164 0.7860863095238095 0.02414021164021163 0.021081349206349298
0 0.26438492063492064 0.33990575396825395 0.01752645502645504 0.01661706349206349
0 0.6177248677248677 0.37648809523809523 0.02777777777777783 0.02529761904761907
0 0.7071759259259259 0.44419642857142855 0.038690476190476275 0.03323412698412698
0 0.5421626984126984 0.7087053571428571 0.02215608465608465 0.02703373015873023
0 0.39533730158730157 0.9098462301587301 0.029431216931216902 0.022073412698412787
0 0.31630291005291006 0.5286458333333333 0.014880952380952403 0.016121031746031633
0 0.373015873015873 0.5288938492063492 0.041666666666666664 0.024057539682539764
0 0.3683862433862433 0.6258680555555555 0.02579365079365085 0.02703373015873023
0 0.3432539682539682 0.8235367063492063 0.03505291005291008 0.028025793650793718
0 0.2640542328042328 0.564236111111111 0.025462962962962948 0.024801587301587213
0 0.6245039682539683 0.6128472222222222 0.01620370370370372 0.016369047619047672
0 0.7151124338624338 0.22296626984126983 0.02215608465608465 0.020833333333333315
0 0.5629960317460317 0.6764632936507936 0.026785714285714263 0.021081349206349298
0 0.21279761904761904 0.8779761904761905 0.03207671957671961 0.0367063492063493
0 0.27579365079365076 0.7287946428571428 0.025793650793650775 0.02356150793650791
0 0.7040343915343915 0.2759176587301587 0.038359788359788226 0.030505952380952328
0 0.4236111111111111 0.5859375 0.02777777777777783 0.018105158730158832
0 0.6724537037037037 0.7202380952380952 0.0327380952380952 0.028273809523809534
0 0.33928571428571425 0.6010664682539683 0.022486772486772555 0.01661706349206349
0 0.31398809523809523 0.8049355158730158 0.019510582010582016 0.019593253968253954
0 0.5753968253968254 0.4828869047619047 0.024470899470899532 0.019841269841269882
0 0.37814153439153436 0.8717757936507936 0.024801587301587286 0.014384920634920695
0 0.33614417989417983 0.3204365079365079 0.020833333333333332 0.021329365079365115
0 0.4702380952380952 0.8643353174603174 0.028439153439153486 0.022817460317460236
0 0.3368055555555555 0.4305555555555555 0.04927248677248682 0.03918650793650791
0 0.4723875661375661 0.7740575396825397 0.026785714285714263 0.03224206349206349
0 0.6124338624338624 0.4144345238095238 0.027116402116402167 0.02430555555555558
0 0.5378637566137566 0.7535962301587301 0.03339947089947085 0.03199404761904767
0 0.4621362433862433 0.9791666666666666 0.01752645502645504 0.018849206349206282
0 0.3819642857142857 0.7338690476190476 0.03898478835978839 0.03569692460317464
0 0.7144510582010581 0.6633184523809523 0.029431216931217048 0.030009920634920695
0 0.2875330687830688 0.7875744047619048 0.014219576719576743 0.012152777777777679
0 0.4808300264550264 0.5916096230158729 0.04367063492063498 0.032425595238095184
0 0.5229828042328042 0.9324156746031745 0.025462962962962948 0.02604166666666674
0 0.3215939153439153 0.7637648809523809 0.020171957671957674 0.020585317460317443
0 0.5517526455026455 0.9181547619047619 0.024801587301587286 0.018849206349206282
0 0.4095568783068783 0.4063740079365079 0.018187830687830697 0.014632936507936511
0 0.5209986772486772 0.8746279761904762 0.02876984126984124 0.017609126984126977
0 0.44262566137566134 0.7411954365079365 0.034722222222222175 0.03447420634920628
0 0.26719576719576715 0.7984871031746031 0.023809523809523798 0.023065476190476275
0 0.4026124338624339 0.6019345238095237 0.018187830687830697 0.01835317460317465
0 0.4184854497354497 0.513516865079365 0.012896825396825426 0.009672619047619069
0 0.6893187830687831 0.6344246031746031 0.024801587301587286 0.016865079365079305
0 0.22503306878306875 0.9272073412698412 0.029431216931216902 0.020585317460317443
0 0.31051587301587297 0.701016865079365 0.02976190476190473 0.028025793650793718
0 0.30803571428571425 0.6772073412698413 0.027447089947089925 0.02008928571428581
0 0.632771164021164 0.8198164682539683 0.014880952380952403 0.01661706349206349
0 0.6969312169312168 0.5750868055555555 0.02283399470899461 0.015255456349206442
0 0.4166666666666667 0.8823164682539683 0.04629629629629628 0.03298611111111116
0 0.25727513227513227 0.6023065476190476 0.021164021164021163 0.024553571428571397
0 0.42245370370370366 0.7690972222222222 0.018849206349206355 0.021825396825396748
0 0.2414021164021164 0.632688492063492 0.019841269841269844 0.014880952380952328
0 0.6461640211640212 0.408234126984127 0.02645502645502651 0.012896825396825351
0 0.45089285714285715 0.4949156746031746 0.012896825396825426 0.009176587301587324
0 0.704861111111111 0.35788690476190477 0.020171957671957525 0.01736111111111116
0 0.6063161375661376 0.3446180555555555 0.014219576719576743 0.012648809523809534
0 0.48164682539682535 0.8919890873015872 0.01554232804232806 0.018601190476190466
0 0.7220568783068783 0.9370039682539683 0.02876984126984124 0.020337301587301626
0 0.5415013227513227 0.5567956349206349 0.020171957671957674 0.014384920634920695
0 0.7008928571428571 0.8723958333333333 0.012896825396825426 0.010664682539682557
0 0.26256613756613756 0.8266369047619048 0.020502645502645505 0.019345238095238138
0 0.42939814814814814 0.6743551587301587 0.020171957671957674 0.01388888888888884
0 0.3353174603174603 0.7331349206349206 0.02050264550264543 0.018849206349206282
0 0.4985119047619047 0.779265873015873 0.026124338624338606 0.02678571428571419
0 0.31051587301587297 0.6242559523809523 0.023809523809523798 0.019345238095238138
0 0.34308862433862436 0.863095238095238 0.028108465608465583 0.014880952380952328
0 0.6736507936507935 0.31472222222222224 0.01991732804232793 0.01535466269841268
0 0.24652777777777776 0.7891865079365079 0.013558201058201083 0.011904761904761862
0 0.6215277777777778 0.7273065476190476 0.026785714285714263 0.017113095238095344
0 0.35664682539682535 0.48561507936507936 0.011574074074074106 0.011408730158730118
0 0.26587301587301587 0.6613343253968254 0.015211640211640232 0.014136904761904656
0 0.501818783068783 0.5539434523809523 0.019510582010582016 0.015128968253968145
0 0.24950396825396826 0.9100942460317459 0.01554232804232806 0.011656746031746046
0 0.4793320105820105 0.4438244047619047 0.014219576719576743 0.009176587301587324
0 0.613095238095238 0.4618055555555555 0.01322751322751318 0.011408730158730118
0 0.3369708994708995 0.6489335317460317 0.017857142857142794 0.01661706349206349
0 0.419808201058201 0.6223958333333333 0.014219576719576743 0.010664682539682557
0 0.4818121693121693 0.9580853174603174 0.042328042328042326 0.01736111111111116
0 0.6187169312169312 0.6703869047619048 0.01322751322751318 0.01140873015873023
0 0.41964285714285715 0.8120039682539683 0.01851851851851845 0.01835317460317465
0 0.7005621693121693 0.6097470238095237 0.012235449735449619 0.01116071428571419
0 0.7046957671957671 0.8346974206349206 0.017857142857142943 0.020585317460317443
0 0.4819775132275132 0.7176339285714285 0.014880952380952403 0.011656746031746046
0 0.7294973544973544 0.39967757936507936 0.017195767195767136 0.01661706349206349
0 0.28852513227513227 0.9150545634920635 0.014219576719576743 0.012648809523809534
0 0.24785052910052907 0.6994047619047619 0.02347883597883597 0.016865079365079305
0 0.579861111111111 0.3798363095238095 0.014219576719576743 0.014632936507936511
0 0.23478835978835977 0.9077380952380952 0.013227513227513255 0.015376984126984183
0 0.689484126984127 0.5259176587301587 0.011243386243386352 0.011656746031746046
0 0.47321428571428564 0.8046875 0.017857142857142794 0.011656746031746046
0 0.3951719576719577 0.46490575396825395 0.015211640211640157 0.011656746031746046
0 0.5897817460317459 0.6304563492063492 0.008267195767195812 0.008928571428571397
0 0.3311838624338624 0.6629464285714285 0.013558201058201083 0.01041666666666674
0 0.7099867724867724 0.314484126984127 0.011243386243386352 0.010912698412698374
0 0.37847222222222215 0.27393353174603174 0.018849206349206355 0.01215277777777779
0 0.5899470899470899 0.40922619047619047 0.01322751322751318 0.010912698412698374
0 0.46345899470899465 0.9246031746031745 0.014219576719576743 0.012400793650793718
0 0.6168981481481481 0.8013392857142857 0.010912698412698449 0.01736111111111116
0 0.29910714285714285 0.447296626984127 0.02281746031746031 0.014136904761904767
0 0.3300496031746032 0.19288194444444445 0.027519841269841343 0.019417162698412704
0 0.3672916666666666 0.24328869047619048 0.01003306878306883 0.00693204365079364
0 0.5566137566137567 0.23754464285714283 0.015314153439153433 0.015248015873015885
0 0.6195899470899471 0.23932787698412697 0.01082671957671962 0.014853670634920657
0 0.5644047619047619 0.3884474206349206 0.015049603174603169 0.011684027777777772
0 0.5844708994708995 0.36101934523809526 0.016107804232804224 0.012673611111111094
0 0.7094973544973544 0.41558035714285707 0.028518518518518537 0.023566468253968242
0 0.33481481481481484 0.47499007936507937 0.019540343915343872 0.013268849206349187
0 0.28094907407407405 0.3724082341269841 0.020066137566137583 0.010892857142857149
0 0.701577380952381 0.5898511904761905 0.030102513227513228 0.014060019841269922
0 0.6405820105820105 0.7225372023809523 0.013201058201058213 0.011287202380952488
0 0.4847916666666667 0.7575892857142856 0.02798941798941801 0.018814484126984166
0 0.4346230158730158 0.8134350198412698 0.015314153439153433 0.012080853174603279
0 0.44518518518518513 0.8219494047619047 0.02534722222222226 0.022378472222222223
0 0.3286078042328042 0.8509623015873016 0.015578703703703697 0.013861607142857224
0 0.4528439153439154 0.8663095238095238 0.017427248677248652 0.01841765873015877
0 0.2648412698412698 0.7107539682539683 0.01901124338624342 0.010297619047618944
0 0.5172718253968254 0.7712524801587302 0.009507275132275192 0.010099206349206247
0 0.3818088624338624 0.8443874007936508 0.016574074074074 0.011359126984126888
0 0.26549272486772485 0.6844915674603174 0.03200727513227516 0.016932043650793593
0 0.46082671957671956 0.6212599206349206 0.02543650793650798 0.015647321428571503
0 0.3765211640211639 0.5524578373015874 0.01743386243386243 0.014789186507936591
0 0.41524470899470894 0.39116815476190475 0.014289021164021124 0.011574900793650755
0 0.4612566137566137 0.44100198412698405 0.012003968253968248 0.007931547619047574
0 0.40309854497354497 0.8394568452380952 0.013432539682539732 0.01393105158730168
0 0.2303439153439153 0.7346453373015873 0.009715608465608483 0.01350446428571428
0 0.24334656084656084 0.7433258928571429 0.019146825396825367 0.012003968253968322
0 0.24791997354497353 0.7334672619047619 0.01628968253968255 0.0124305555555555
0 0.3062202380952381 0.6356225198412698 0.018005952380952372 0.014360119047619024
0 0.329510582010582 0.45493303571428567 0.009143518518518542 0.007502480158730118
0 0.3753769841269841 0.49115823412698406 0.014004629629629672 0.010930059523809543
0 0.2593485449735449 0.3947048611111111 0.012860449735449716 0.008358134920634974
0 0.6615542328042328 0.8650917658730158 0.023167989417989403 0.012038690476190439