0 0.365234375 0.3528645833333333 0.0185546875 0.055338541666666664
0 0.337890625 0.3671875 0.015625 0.0234375
0 0.324951171875 0.3776041666666667 0.0244140625 0.027994791666666668
0 0.43310546875 0.3968098958333333 0.0166015625 0.022135416666666668
0 0.38134765625 0.517578125 0.04052734375 0.0390625
0 0.282470703125 0.5657552083333334 0.02392578125 0.0234375
0 0.521484375 0.3541666666666667 0.0146484375 0.016927083333333332
0 0.450927734375 0.23502604166666666 0.0126953125 0.029296875
0 0.633544921875 0.5022786458333334 0.01953125 0.020182291666666668
0 0.33935546875 0.4173177083333333 0.01708984375 0.018880208333333332
0 0.488525390625 0.4104817708333333 0.00927734375 0.011067708333333334
0 0.512939453125 0.4095052083333333 0.013671875 0.020182291666666668
0 0.598876953125 0.9869791666666666 0.02490234375 0.026041666666666668
0 0.3193359375 0.763671875 0.017578125 0.020182291666666668
0 0.630126953125 0.3772786458333333 0.01171875 0.014973958333333334
0 0.32177734375 0.4912109375 0.00927734375 0.009114583333333334
0 0.614501953125 0.7669270833333334 0.01220703125 0.009765625
0 0.586669921875 0.6028645833333334 0.0107421875 0.013671875
0 0.597412109375 0.521484375 0.01318359375 0.015625
0 0.43115234375 0.716796875 0.00732421875 0.013020833333333334
0 0.410400390625 0.7265625 0.00927734375 0.01171875
0 0.33154296875 0.705078125 0.009765625 0.010416666666666666
0 0.55712890625 0.7018229166666666 0.0166015625 0.0234375
0 0.63134765625 0.6360677083333334 0.01025390625 0.020182291666666668
0 0.587158203125 0.3235677083333333 0.00830078125 0.01171875
0 0.530029296875 0.62890625 0.01708984375 0.0234375
0 0.575927734375 0.20572916666666666 0.00927734375 0.013020833333333334
0 0.48046875 0.765625 0.01953125 0.027994791666666668
0 0.28125 0.337890625 0.02001953125 0.026041666666666668
0 0.553955078125 0.6497395833333334 0.0107421875 0.012369791666666666
0 0.45703125 0.8255208333333334 0.02197265625 0.0234375
0 0.638916015625 0.13606770833333334 0.015625 0.026692708333333332
0 0.635986328125 0.7350260416666666 0.02392578125 0.029296875
0 0.5146484375 0.86328125 0.00732421875 0.013671875
0 0.55224609375 0.78515625 0.0146484375 0.027994791666666668
0 0.587646484375 0.9264322916666666 0.01611328125 0.014973958333333334
0 0.4765625 0.8860677083333334 0.0087890625 0.022786458333333332
0 0.413330078125 0.8984375 0.01318359375 0.020182291666666668
0 0.42578125 0.9899088541666666 0.025390625 0.020182291666666668
0 0.563232421875 0.392578125 0.015625 0.029296875
0 0.2822265625 0.587890625 0.03076171875 0.045572916666666664
0 0.588623046875 0.681640625 0.017578125 0.024088541666666668
0 0.50341796875 0.66796875 0.041015625 0.033854166666666664
0 0.472900390625 0.4195963541666667 0.01025390625 0.013020833333333334
0 0.444580078125 0.4869791666666667 0.0107421875 0.014322916666666666
0 0.4169921875 0.181640625 0.00927734375 0.01953125
0 0.395751953125 0.3850911458333333 0.0087890625 0.013671875
0 0.365234375 0.4557291666666667 0.0146484375 0.017578125
0 0.3505859375 0.5445963541666666 0.01123046875 0.013020833333333334
0 0.296142578125 0.8776041666666666 0.0166015625 0.01953125
0 0.324462890625 0.9615885416666666 0.009765625 0.012369791666666666
0 0.530517578125 0.8326822916666666 0.013671875 0.014322916666666666
0 0.462890625 0.796875 0.00830078125 0.009765625
0 0.5224609375 0.7301432291666666 0.01708984375 0.017578125
0 0.616455078125 0.14127604166666666 0.013671875 0.012369791666666666
0 0.63818359375 0.6901041666666666 0.015625 0.015625
0 0.385986328125 0.3411458333333333 0.01318359375 0.016927083333333332
0 0.479736328125 0.21842447916666666 0.01318359375 0.013020833333333334
0 0.28955078125 0.9267578125 0.01171875 0.012369791666666666