0 0.6731150793650794 0.8692956349206349 0.020833333333333332 0.02331349206349209
0 0.4713955026455026 0.5902777777777778 0.052579365079365115 0.04712301587301582
0 0.40939153439153436 0.44754464285714285 0.037037037037037056 0.02356150793650791
0 0.7027116402116401 0.7140376984126984 0.01917989417989426 0.018849206349206282
0 0.3463955026455026 0.6028025793650793 0.025462962962962948 0.025049603174603252
0 0.6653439153439152 0.46862599206349204 0.04034391534391535 0.035962301587301626
0 0.6364087301587301 0.6845238095238095 0.034060846560846514 0.027281746031746046
0 0.5778769841269841 0.9268353174603174 0.04530423280423287 0.04067460317460325
0 0.3933531746031746 0.9210069444444444 0.040674603174603106 0.031001984126984183
0 0.35102513227513227 0.9032738095238094 0.026785714285714263 0.023809523809523725
0 0.6913029100529101 0.30431547619047616 0.03207671957671968 0.030753968253968256
0 0.40608465608465605 0.6292162698412698 0.029100529100529144 0.028769841269841168
0 0.6762566137566136 0.683655753968254 0.03174603174603163 0.028025793650793718
0 0.5985449735449735 0.5930059523809523 0.03439153439153442 0.028273809523809534
0 0.5884589947089947 0.35106646825396826 0.018849206349206355 0.019593253968253954
0 0.6954365079365079 0.6480654761904762 0.029761904761904805 0.028273809523809534
0 0.449074074074074 0.5090525793650793 0.021164021164021236 0.017609126984126977
0 0.2786044973544973 0.2901785714285714 0.027447089947089925 0.022321428571428603
0 0.46957671957671954 0.9052579365079365 0.02116402116402109 0.017857142857142794
0 0.6134259259259259 0.7476438492063492 0.029761904761904805 0.026537698412698374
0 0.404265873015873 0.8040674603174602 0.03339947089947085 0.028273809523809534
0 0.3108465608465608 0.8115079365079365 0.027116402116402094 0.034226190476190466
0 0.24454365079365079 0.8531746031746031 0.020171957671957674 0.014880952380952328
0 0.5168650793650793 0.5474950396825397 0.0145502645502645 0.009672619047619069
0 0.4799933862433862 0.49925595238095233 0.03009259259259256 0.021329365079365115
0 0.2590939153439153 0.7925347222222222 0.02281746031746031 0.02256944444444442
0 0.36590608465608465 0.7309027777777778 0.05456349206349209 0.052579365079365115
0 0.3936838624338624 0.5657242063492063 0.028108465608465583 0.02331349206349209
0 0.5044642857142857 0.9033978174603174 0.014219576719576743 0.015128968253968145
0 0.5337301587301587 0.26004464285714285 0.03439153439153442 0.033482142857142905
0 0.5603505291005291 0.5363343253968254 0.014219576719576743 0.014136904761904656
0 0.3334986772486772 0.8591269841269841 0.04199735449735442 0.03571428571428581
0 0.3609457671957672 0.2242063492063492 0.027447089947089925 0.02331349206349209
0 0.30423280423280424 0.6774553571428571 0.04563492063492062 0.03497023809523814
0 0.6802248677248678 0.814484126984127 0.020502645502645578 0.018849206349206282
0 0.6789021164021164 0.7682291666666666 0.023809523809523725 0.021081349206349298
0 0.289021164021164 0.9311755952380952 0.013227513227513255 0.014136904761904656
0 0.7389219576719577 0.933655753968254 0.025462962962963093 0.023065476190476275
0 0.5620039682539683 0.5840773809523809 0.029431216931216902 0.02331349206349209
0 0.2676917989417989 0.6323164682539683 0.014219576719576743 0.014136904761904656
0 0.3427579365079365 0.5729166666666666 0.01554232804232806 0.013392857142857206
0 0.42890211640211634 0.9067460317460317 0.019179894179894113 0.015376984126984183
0 0.30902777777777773 0.781125992063492 0.020171957671957674 0.015625
0 0.46577380952380953 0.6422371031746031 0.03670634920634915 0.030505952380952328
0 0.408068783068783 0.28856646825396826 0.023148148148148213 0.017113095238095233
0 0.45353835978835977 0.4841269841269841 0.012896825396825426 0.01388888888888884
0 0.5512566137566137 0.7724454365079365 0.017195767195767136 0.015128968253968145
0 0.24520502645502643 0.6316964285714285 0.01620370370370372 0.012400793650793718
0 0.38227513227513227 0.47271825396825395 0.02050264550264543 0.012400793650793607
0 0.2628968253968254 0.7180059523809523 0.019179894179894186 0.011904761904761862
0 0.6615410052910052 0.652405753968254 0.014880952380952253 0.015625
0 0.44196428571428564 0.7755456349206349 0.014219576719576743 0.015376984126984183
0 0.5004960317460317 0.7724454365079365 0.03736772486772481 0.0379464285714286
0 0.36871693121693117 0.328125 0.012566137566137522 0.015376984126984072
0 0.5433201058201058 0.620907738095238 0.023809523809523874 0.01909722222222232
0 0.6674933862433862 0.5431547619047619 0.019510582010582016 0.013392857142857206
0 0.693121693121693 0.8953373015873015 0.01322751322751318 0.016865079365079305
0 0.5188492063492064 0.5983382936507936 0.0145502645502645 0.011656746031746046
0 0.3073743386243386 0.9200148809523809 0.010912698412698449 0.010664682539682557
0 0.607473544973545 0.4532490079365079 0.015211640211640157 0.011160714285714302
0 0.3639219576719577 0.7736855158730158 0.02215608465608465 0.02852182539682535
0 0.6091269841269841 0.4108382936507936 0.011243386243386203 0.009176587301587324
0 0.4828042328042328 0.7430555555555555 0.023148148148148213 0.015376984126984183
0 0.447255291005291 0.941468253968254 0.02414021164021163 0.017857142857142794
0 0.2590939153439153 0.5865575396825397 0.016865079365079378 0.012400793650793718
0 0.3449074074074074 0.47482638888888884 0.017195767195767136 0.014136904761904767
0 0.335978835978836 0.7690972222222222 0.019179894179894113 0.01835317460317465
0 0.531084656084656 0.9324156746031745 0.015873015873015817 0.014136904761904656
0 0.29745370370370366 0.2728174603174603 0.010912698412698374 0.013392857142857095
0 0.3333333333333333 0.20064484126984125 0.017857142857142794 0.012400793650793662
0 0.25479497354497355 0.876984126984127 0.014880952380952403 0.014880952380952328
0 0.2736441798941799 0.3210565476190476 0.014880952380952403 0.013144841269841279
0 0.2997685185185185 0.7449156746031745 0.010912698412698374 0.012152777777777679
0 0.46114417989417983 0.7612847222222222 0.01752645502645504 0.013640873015873023
0 0.6071428571428571 0.5367063492063492 0.02777777777777783 0.017857142857142794
0 0.6364087301587301 0.7683531746031745 0.020171957671957674 0.016369047619047672
0 0.6527777777777778 0.7795138888888888 0.015873015873015817 0.01736111111111116
0 0.4500661375661375 0.6743551587301587 0.01388888888888884 0.009920634920634885
0 0.5638227513227513 0.4470486111111111 0.01851851851851845 0.01909722222222221
0 0.5535714285714285 0.6397569444444444 0.01322751322751318 0.010664682539682557
0 0.6805555555555555 0.9286954365079365 0.01984126984126977 0.01661706349206349
0 0.3559854497354497 0.29315476190476186 0.020171957671957674 0.02430555555555558
0 0.2746362433862434 0.7482638888888888 0.010251322751322714 0.014880952380952328
0 0.3123346560846561 0.5607638888888888 0.020833333333333332 0.012896825396825351
0 0.29282407407407407 0.8761160714285714 0.01554232804232806 0.01116071428571419
0 0.6527777777777778 0.939236111111111 0.009920634920634885 0.014880952380952328
0 0.6076388888888888 0.626736111111111 0.014880952380952403 0.01041666666666674
0 0.37880291005291 0.2891865079365079 0.029431216931216902 0.019345238095238138
0 0.6641865079365079 0.9193948412698412 0.01620370370370357 0.015376984126984183
0 0.5775462962962963 0.2242063492063492 0.018187830687830697 0.011904761904761918
0 0.30456349206349204 0.6313244047619048 0.011243386243386277 0.011656746031746046
0 0.601792328042328 0.28217757936507937 0.01758267195767201 0.014270833333333344
0 0.508095238095238 0.21888392857142855 0.013029100529100557 0.008687996031746026
0 0.4721064814814815 0.20965525793650794 0.011375661375661336 0.008841765873015883
0 0.27674603174603174 0.38603422619047617 0.02482142857142855 0.011324404761904772
0 0.370135582010582 0.4369940476190476 0.013859126984126982 0.013960813492063462
0 0.3796494708994709 0.4078298611111111 0.02419973544973549 0.01613343253968258
0 0.38099206349206344 0.5486855158730158 0.024821428571428623 0.016753472222222232
0 0.470244708994709 0.5515550595238095 0.017996031746031704 0.014737103174603083
0 0.5093353174603175 0.6297395833333334 0.016752645502645436 0.010704365079365008
0 0.49496031746031743 0.6314459325396824 0.010340608465608506 0.010394345238095237
0 0.6754265873015872 0.5220808531746032 0.023786375661375796 0.011324404761904772
0 0.6016898148148148 0.5228571428571428 0.026061507936508004 0.014117063492063542
0 0.546875 0.5966989087301586 0.013237433862433848 0.015047123015873076
0 0.655568783068783 0.7551612103174603 0.03495701058201058 0.034749503968253936
0 0.5928968253968254 0.7542311507936508 0.01758267195767201 0.019856150793650773
0 0.6570171957671956 0.7929340277777778 0.016752645502645436 0.014427083333333313
0 0.6552579365079364 0.8769370039682539 0.015720899470899496 0.03226686507936516
0 0.6025165343915343 0.8244246031746031 0.01737433862433857 0.011634424603174542
0 0.5492559523809524 0.9401512896825397 0.01758267195767201 0.014737103174603083
0 0.45344907407407403 0.9636979166666666 0.017781084656084634 0.014050099206349254
0 0.3732705026455026 0.8546230158730158 0.02318121693121696 0.016433531746031793
0 0.4156613756613756 0.9511954365079364 0.02222883597883592 0.01714781746031746
0 0.502986111111111 0.8484300595238095 0.020958994708994688 0.016433531746031793
0 0.3834325396825397 0.7700768849206349 0.01746362433862429 0.022624007936507873
0 0.29594907407407406 0.6972023809523809 0.013336640211640235 0.0202430555555555
0 0.35596230158730163 0.7126810515873016 0.018416005291005327 0.018338293650793647
0 0.3932738095238095 0.7079191468253968 0.014289021164021124 0.0121453373015874
0 0.6093617724867725 0.5558556547619048 0.012701719576719542 0.013335813492063586
0 0.6782671957671957 0.4326116071428571 0.015876322751322707 0.006907242063492025
0 0.5676058201058201 0.3187723214285714 0.01365410052910058 0.012145337301587289
0 0.44725859788359784 0.55359375 0.014923941798941817 0.012621527777777697
0 0.479646164021164 0.7092286706349207 0.016193783068783052 0.014288194444444402
0 0.35475529100529096 0.5409747023809524 0.009427910052909994 0.008249007936507846
0 0.3369113756613757 0.548296130952381 0.010952380952380972 0.011396329365079394
0 0.7291104497354497 0.7221378968253968 0.011091269841269735 0.007130456349206282
0 0.44814814814814813 0.8784275793650793 0.021550925925925963 0.012123015873015897