0 0.6136067708333334 0.4453125 0.031901041666666664 0.017578125
0 0.11555989583333333 0.37744140625 0.022135416666666668 0.0166015625
0 0.5908203125 0.5478515625 0.044270833333333336 0.0234375
0 0.92578125 0.412353515625 0.044270833333333336 0.02294921875
0 0.12923177083333334 0.49658203125 0.0234375 0.02734375
0 0.8079427083333334 0.634521484375 0.026041666666666668 0.0185546875
0 0.6181640625 0.6494140625 0.018880208333333332 0.01123046875
0 0.4749348958333333 0.65380859375 0.016276041666666668 0.0166015625
0 0.60546875 0.56640625 0.03125 0.015625
0 0.18098958333333334 0.363037109375 0.021484375 0.00927734375
0 0.4619140625 0.609130859375 0.018229166666666668 0.01220703125
0 0.18424479166666666 0.378173828125 0.026041666666666668 0.01904296875
0 0.3564453125 0.396484375 0.017578125 0.01123046875
0 0.3515625 0.39208984375 0.014322916666666666 0.0068359375
0 0.9619140625 0.61328125 0.025390625 0.02099609375
0 0.16861979166666666 0.330322265625 0.018880208333333332 0.0166015625
0 0.3352864583333333 0.38427734375 0.01953125 0.01123046875
0 0.2451171875 0.5380859375 0.01953125 0.00927734375
0 0.2692057291666667 0.415771484375 0.010416666666666666 0.01416015625
0 0.13216145833333334 0.343505859375 0.013020833333333334 0.01025390625
0 0.62890625 0.3935546875 0.016276041666666668 0.0126953125
0 0.20930989583333334 0.38525390625 0.017578125 0.01025390625
0 0.3082682291666667 0.634521484375 0.010416666666666666 0.00634765625
0 0.2584635416666667 0.41796875 0.01171875 0.01123046875
0 0.22037760416666666 0.423583984375 0.009114583333333334 0.01123046875
0 0.22591145833333334 0.414306640625 0.017578125 0.015625
0 0.24186197916666666 0.412353515625 0.020182291666666668 0.015625
0 0.17122395833333334 0.392578125 0.018229166666666668 0.01318359375
0 0.17252604166666666 0.35009765625 0.014973958333333334 0.01220703125
0 0.2041015625 0.3125 0.014973958333333334 0.00927734375
0 0.14225260416666666 0.34375 0.008463541666666666 0.009765625
0 0.09895833333333333 0.402587890625 0.009765625 0.009765625
0 0.103515625 0.4560546875 0.016276041666666668 0.01513671875
0 0.12109375 0.5009765625 0.011067708333333334 0.00732421875
0 0.158203125 0.505126953125 0.018229166666666668 0.013671875
0 0.14420572916666666 0.556884765625 0.009765625 0.0146484375
0 0.1875 0.50439453125 0.008463541666666666 0.0078125
0 0.21223958333333334 0.517578125 0.013671875 0.01513671875
0 0.162109375 0.633544921875 0.009114583333333334 0.01220703125
0 0.17936197916666666 0.62890625 0.012369791666666666 0.0107421875
0 0.19075520833333334 0.626953125 0.009114583333333334 0.005859375
0 0.267578125 0.547119140625 0.022135416666666668 0.0146484375
0 0.2897135416666667 0.482177734375 0.013020833333333334 0.0078125
0 0.3011067708333333 0.336181640625 0.01171875 0.00634765625
0 0.3258463541666667 0.431884765625 0.009114583333333334 0.00537109375
0 0.3330078125 0.55810546875 0.014973958333333334 0.01171875
0 0.2903645833333333 0.542236328125 0.013671875 0.009765625
0 0.3531901041666667 0.56396484375 0.027994791666666668 0.02880859375
0 0.3981119791666667 0.534423828125 0.016927083333333332 0.0126953125
0 0.4166666666666667 0.57080078125 0.017578125 0.013671875
0 0.4375 0.537353515625 0.009765625 0.0068359375
0 0.5227864583333334 0.65380859375 0.009114583333333334 0.0068359375
0 0.8297526041666666 0.671630859375 0.017578125 0.01416015625
0 0.9635416666666666 0.448486328125 0.013671875 0.01318359375
0 0.7724609375 0.41064453125 0.033854166666666664 0.0166015625
0 0.6383463541666666 0.410400390625 0.015625 0.00927734375
0 0.6370442708333334 0.435546875 0.009114583333333334 0.0087890625
0 0.517578125 0.369140625 0.01171875 0.00732421875
0 0.443359375 0.365478515625 0.0078125 0.0068359375
0 0.4332682291666667 0.43408203125 0.013671875 0.0087890625
0 0.4010416666666667 0.464111328125 0.014973958333333334 0.00927734375
0 0.3567708333333333 0.349365234375 0.013020833333333334 0.0048828125
0 0.2897135416666667 0.340087890625 0.008463541666666666 0.01025390625
0 0.3597005208333333 0.405517578125 0.016927083333333332 0.0078125
0 0.1005859375 0.625 0.008463541666666666 0.01318359375
0 0.296875 0.651611328125 0.012369791666666666 0.01123046875
0 0.14876302083333334 0.642578125 0.012369791666666666 0.00634765625
0 0.7037760416666666 0.495361328125 0.014973958333333334 0.01123046875
0 0.8528645833333334 0.4892578125 0.018229166666666668 0.0126953125
0 0.9449869791666666 0.58935546875 0.015625 0.01220703125
0 0.9173177083333334 0.466796875 0.014973958333333334 0.01318359375
0 0.849609375 0.39111328125 0.020182291666666668 0.013671875
0 0.5712890625 0.34765625 0.016276041666666668 0.01708984375
0 0.2522786458333333 0.572265625 0.01171875 0.00927734375