0 0.634765625 0.3528645833333333 0.0185546875 0.055338541666666664
0 0.662109375 0.3671875 0.015625 0.0234375
0 0.675048828125 0.3776041666666667 0.0244140625 0.027994791666666668
0 0.56689453125 0.3968098958333333 0.0166015625 0.022135416666666668
0 0.61865234375 0.517578125 0.04052734375 0.0390625
0 0.717529296875 0.5657552083333334 0.02392578125 0.0234375
0 0.478515625 0.3541666666666667 0.0146484375 0.016927083333333332
0 0.549072265625 0.23502604166666666 0.0126953125 0.029296875
0 0.366455078125 0.5022786458333334 0.01953125 0.020182291666666668
0 0.66064453125 0.4173177083333333 0.01708984375 0.018880208333333332
0 0.511474609375 0.4104817708333333 0.00927734375 0.011067708333333334
0 0.487060546875 0.4095052083333333 0.013671875 0.020182291666666668
0 0.400634765625 0.9869791666666666 0.02490234375 0.026041666666666668
0 0.6806640625 0.763671875 0.017578125 0.020182291666666668
0 0.369873046875 0.3772786458333333 0.01171875 0.014973958333333334
0 0.67822265625 0.4912109375 0.00927734375 0.009114583333333334
0 0.385498046875 0.7669270833333334 0.01220703125 0.009765625
0 0.413330078125 0.6028645833333334 0.0107421875 0.013671875
0 0.402587890625 0.521484375 0.01318359375 0.015625
0 0.56884765625 0.716796875 0.00732421875 0.013020833333333334
0 0.589599609375 0.7265625 0.00927734375 0.01171875
0 0.66845703125 0.705078125 0.009765625 0.010416666666666666
0 0.44287109375 0.7018229166666666 0.0166015625 0.0234375
0 0.36865234375 0.6360677083333334 0.01025390625 0.020182291666666668
0 0.412841796875 0.3235677083333333 0.00830078125 0.01171875
0 0.469970703125 0.62890625 0.01708984375 0.0234375
0 0.424072265625 0.20572916666666666 0.00927734375 0.013020833333333334
0 0.51953125 0.765625 0.01953125 0.027994791666666668
0 0.71875 0.337890625 0.02001953125 0.026041666666666668
0 0.446044921875 0.6497395833333334 0.0107421875 0.012369791666666666
0 0.54296875 0.8255208333333334 0.02197265625 0.0234375
0 0.361083984375 0.13606770833333334 0.015625 0.026692708333333332
0 0.364013671875 0.7350260416666666 0.02392578125 0.029296875
0 0.4853515625 0.86328125 0.00732421875 0.013671875
0 0.44775390625 0.78515625 0.0146484375 0.027994791666666668
0 0.412353515625 0.9264322916666666 0.01611328125 0.014973958333333334
0 0.5234375 0.8860677083333334 0.0087890625 0.022786458333333332
0 0.586669921875 0.8984375 0.01318359375 0.020182291666666668
0 0.57373046875 0.9899088541666666 0.025390625 0.020182291666666668
0 0.436767578125 0.392578125 0.015625 0.029296875
0 0.7177734375 0.587890625 0.03076171875 0.045572916666666664
0 0.411376953125 0.681640625 0.017578125 0.024088541666666668
0 0.49658203125 0.66796875 0.041015625 0.033854166666666664
0 0.527099609375 0.4195963541666667 0.01025390625 0.013020833333333334
0 0.555419921875 0.4869791666666667 0.0107421875 0.014322916666666666
0 0.5830078125 0.181640625 0.00927734375 0.01953125
0 0.604248046875 0.3850911458333333 0.0087890625 0.013671875
0 0.634765625 0.4557291666666667 0.0146484375 0.017578125
0 0.6494140625 0.5445963541666666 0.01123046875 0.013020833333333334
0 0.703857421875 0.8776041666666666 0.0166015625 0.01953125
0 0.675537109375 0.9615885416666666 0.009765625 0.012369791666666666
0 0.469482421875 0.8326822916666666 0.013671875 0.014322916666666666
0 0.537109375 0.796875 0.00830078125 0.009765625
0 0.4775390625 0.7301432291666666 0.01708984375 0.017578125
0 0.383544921875 0.14127604166666666 0.013671875 0.012369791666666666
0 0.36181640625 0.6901041666666666 0.015625 0.015625
0 0.614013671875 0.3411458333333333 0.01318359375 0.016927083333333332
0 0.520263671875 0.21842447916666666 0.01318359375 0.013020833333333334
0 0.71044921875 0.9267578125 0.01171875 0.012369791666666666