0 0.5826822916666666 0.7470703125 0.053385416666666664 0.0556640625
0 0.5458984375 0.414306640625 0.04296875 0.0341796875
0 0.7356770833333334 0.528076171875 0.042317708333333336 0.03466796875
0 0.4342447916666667 0.76171875 0.021484375 0.02099609375
0 0.3401692708333333 0.361083984375 0.022786458333333332 0.0244140625
0 0.3837890625 0.516845703125 0.022135416666666668 0.02587890625
0 0.705078125 0.802490234375 0.026692708333333332 0.02197265625
0 0.5042317708333334 0.282958984375 0.028645833333333332 0.0380859375
0 0.263671875 0.793212890625 0.044270833333333336 0.04541015625
0 0.4466145833333333 0.925048828125 0.016276041666666668 0.017578125
0 0.6178385416666666 0.32861328125 0.033203125 0.03076171875
0 0.5660807291666666 0.47412109375 0.0390625 0.02734375
0 0.5501302083333334 0.66650390625 0.044921875 0.02685546875
0 0.6695963541666666 0.454833984375 0.017578125 0.01220703125
0 0.7659505208333334 0.909912109375 0.032552083333333336 0.0361328125
0 0.7529296875 0.736083984375 0.011067708333333334 0.015625
0 0.6930338541666666 0.748291015625 0.022786458333333332 0.0166015625
0 0.6884765625 0.981689453125 0.030598958333333332 0.0234375
0 0.3131510416666667 0.543701171875 0.017578125 0.01806640625
0 0.4029947916666667 0.4208984375 0.01171875 0.0126953125
0 0.3404947916666667 0.317626953125 0.012369791666666666 0.01318359375
0 0.4541015625 0.224853515625 0.025390625 0.02099609375
0 0.4938151041666667 0.573974609375 0.024088541666666668 0.0166015625
0 0.7486979166666666 0.71435546875 0.016927083333333332 0.01171875
0 0.7037760416666666 0.7724609375 0.013671875 0.017578125
0 0.3092447916666667 0.8369140625 0.011067708333333334 0.01171875
0 0.3190104166666667 0.571044921875 0.018880208333333332 0.015625
0 0.4358723958333333 0.73193359375 0.016927083333333332 0.01416015625
0 0.412109375 0.47802734375 0.014322916666666666 0.01318359375
0 0.3502604166666667 0.54345703125 0.01171875 0.009765625
0 0.3662109375 0.943359375 0.013020833333333334 0.01171875
0 0.4856770833333333 0.504150390625 0.016276041666666668 0.01171875
0 0.6083984375 0.871337890625 0.013020833333333334 0.01123046875
0 0.75390625 0.5048828125 0.013671875 0.009765625
0 0.5569661458333334 0.61669921875 0.017578125 0.01513671875
0 0.744140625 0.226806640625 0.014322916666666666 0.009765625
0 0.3024088541666667 0.3974609375 0.014973958333333334 0.0107421875
0 0.4677734375 0.462646484375 0.01953125 0.0126953125
0 0.765625 0.62548828125 0.020182291666666668 0.017578125
0 0.6129557291666666 0.58056640625 0.012369791666666666 0.0126953125
0 0.7102864583333334 0.63623046875 0.011067708333333334 0.01025390625
0 0.7330729166666666 0.489013671875 0.031901041666666664 0.02587890625
0 0.5263671875 0.529541015625 0.009114583333333334 0.00927734375
0 0.306640625 0.359130859375 0.012369791666666666 0.01318359375
0 0.5983072916666666 0.557373046875 0.015625 0.0205078125
0 0.6692708333333334 0.816162109375 0.015625 0.01708984375
0 0.2828776041666667 0.831298828125 0.013671875 0.01220703125
0 0.7320963541666666 0.693359375 0.012369791666666666 0.01171875
0 0.2955729166666667 0.43994140625 0.018880208333333332 0.0244140625
0 0.3580729166666667 0.8642578125 0.011067708333333334 0.01318359375
0 0.3779296875 0.98046875 0.014973958333333334 0.013671875
0 0.4228515625 0.21435546875 0.033854166666666664 0.01513671875
0 0.7236328125 0.309326171875 0.013671875 0.0107421875
0 0.619140625 0.59765625 0.013671875 0.01171875
0 0.3623046875 0.325927734375 0.014322916666666666 0.00927734375
0 0.3629557291666667 0.819580078125 0.016276041666666668 0.01416015625
0 0.7838541666666666 0.871826171875 0.013020833333333334 0.01318359375
0 0.7314453125 0.42431640625 0.011067708333333334 0.00927734375
0 0.4820963541666667 0.400634765625 0.025390625 0.0234375
0 0.4404296875 0.894287109375 0.026041666666666668 0.0126953125
0 0.3597005208333333 0.653564453125 0.014322916666666666 0.00927734375
0 0.3264973958333333 0.726318359375 0.009114583333333334 0.01123046875
0 0.7054036458333334 0.91162109375 0.016927083333333332 0.01416015625
0 0.4847005208333333 0.62841796875 0.012369791666666666 0.01025390625
0 0.6692708333333334 0.850341796875 0.011067708333333334 0.0126953125
0 0.6337890625 0.454833984375 0.013020833333333334 0.0107421875
0 0.7298177083333334 0.83349609375 0.026041666666666668 0.021484375
0 0.4095052083333333 0.53515625 0.011067708333333334 0.00830078125
0 0.6087239583333334 0.820068359375 0.014322916666666666 0.009765625
0 0.5296223958333334 0.249267578125 0.013020833333333334 0.0126953125
0 0.634765625 0.592041015625 0.009765625 0.00927734375
0 0.2779947916666667 0.660400390625 0.013020833333333334 0.0126953125
0 0.5774739583333334 0.373291015625 0.013671875 0.00927734375
0 0.322265625 0.617919921875 0.012369791666666666 0.00830078125
0 0.4306640625 0.968994140625 0.016927083333333332 0.013671875
0 0.7552083333333334 0.4326171875 0.009114583333333334 0.00732421875
0 0.6966145833333334 0.50537109375 0.011067708333333334 0.01025390625
0 0.3180338541666667 0.58935546875 0.009765625 0.01025390625
0 0.3645833333333333 0.18701171875 0.010416666666666666 0.0078125
0 0.728515625 0.211669921875 0.010416666666666666 0.01171875
0 0.4762369791666667 0.3232421875 0.015625 0.01220703125
0 0.7418619791666666 0.28857421875 0.018880208333333332 0.0107421875
0 0.7529296875 0.6318359375 0.012369791666666666 0.01025390625
0 0.5172526041666666 0.67578125 0.041666666666666664 0.037109375
0 0.5651041666666666 0.80859375 0.013020833333333334 0.0107421875
0 0.7242838541666666 0.841064453125 0.018880208333333332 0.01220703125
0 0.7783203125 0.935791015625 0.024088541666666668 0.01416015625
0 0.7828776041666666 0.914306640625 0.014973958333333334 0.0126953125
0 0.6751302083333334 0.965576171875 0.010416666666666666 0.0107421875
0 0.7770182291666666 0.9462890625 0.013671875 0.00927734375
0 0.3453776041666667 0.8662109375 0.018229166666666668 0.0224609375
0 0.2688802083333333 0.808837890625 0.013020833333333334 0.01171875
0 0.4371744791666667 0.60400390625 0.017578125 0.01416015625
0 0.5035807291666666 0.457763671875 0.014322916666666666 0.0087890625
0 0.5354817708333334 0.45751953125 0.017578125 0.01123046875
0 0.3076171875 0.446533203125 0.022135416666666668 0.01513671875
0 0.7574869791666666 0.380126953125 0.018880208333333332 0.0126953125
0 0.7184244791666666 0.3720703125 0.010416666666666666 0.01025390625
0 0.75 0.399658203125 0.012369791666666666 0.01123046875
0 0.6370442708333334 0.74853515625 0.013020833333333334 0.009765625
0 0.7727864583333334 0.71484375 0.012369791666666666 0.00830078125
0 0.6373697916666666 0.417236328125 0.014322916666666666 0.00927734375
0 0.6399739583333334 0.4375 0.009765625 0.009765625
0 0.6526692708333334 0.502685546875 0.01171875 0.00830078125
0 0.4873046875 0.5341796875 0.014973958333333334 0.00732421875
0 0.3258463541666667 0.412841796875 0.010416666666666666 0.0087890625
0 0.3935546875 0.94873046875 0.014973958333333334 0.00732421875
0 0.5139973958333334 0.9189453125 0.01171875 0.0107421875
0 0.650390625 0.52001953125 0.013671875 0.01416015625
0 0.6243489583333334 0.34619140625 0.01953125 0.00927734375
0 0.5986328125 0.283203125 0.013671875 0.01123046875