0 0.3277994791666667 0.539794921875 0.029296875 0.017578125
0 0.7672526041666666 0.515869140625 0.026692708333333332 0.02001953125
0 0.42578125 0.61181640625 0.039713541666666664 0.02587890625
0 0.8489583333333334 0.482421875 0.024739583333333332 0.01513671875
0 0.025390625 0.42041015625 0.027994791666666668 0.01904296875
0 0.513671875 0.592041015625 0.01953125 0.01953125
0 0.6969401041666666 0.44189453125 0.024088541666666668 0.01953125
0 0.011067708333333334 0.485107421875 0.022135416666666668 0.01611328125
0 0.3958333333333333 0.58154296875 0.021484375 0.0224609375
0 0.2584635416666667 0.54052734375 0.01953125 0.015625
0 0.8404947916666666 0.593017578125 0.02734375 0.01416015625
0 0.7076822916666666 0.57421875 0.020833333333333332 0.01025390625
0 0.4602864583333333 0.5380859375 0.024739583333333332 0.017578125
0 0.6819661458333334 0.6455078125 0.03125 0.015625
0 0.19303385416666666 0.54296875 0.016276041666666668 0.013671875
0 0.7783203125 0.465576171875 0.01953125 0.01806640625
0 0.4114583333333333 0.560302734375 0.013020833333333334 0.01171875
0 0.6396484375 0.63037109375 0.018880208333333332 0.01513671875
0 0.5491536458333334 0.66162109375 0.024088541666666668 0.013671875
0 0.6389973958333334 0.53466796875 0.026041666666666668 0.015625
0 0.326171875 0.607177734375 0.037109375 0.02099609375
0 0.11263020833333333 0.59326171875 0.017578125 0.01220703125
0 0.06510416666666667 0.6669921875 0.018229166666666668 0.01806640625
0 0.6110026041666666 0.624267578125 0.030598958333333332 0.015625
0 0.6145833333333334 0.4443359375 0.020833333333333332 0.0166015625
0 0.27734375 0.42626953125 0.0234375 0.013671875
0 0.4352213541666667 0.3671875 0.032552083333333336 0.017578125
0 0.5211588541666666 0.556884765625 0.022786458333333332 0.01123046875
0 0.1923828125 0.580810546875 0.022135416666666668 0.01123046875
0 0.654296875 0.399658203125 0.020182291666666668 0.009765625
0 0.7438151041666666 0.554931640625 0.021484375 0.017578125
0 0.7796223958333334 0.675048828125 0.021484375 0.0146484375
0 0.5970052083333334 0.52197265625 0.018880208333333332 0.0166015625
0 0.666015625 0.6015625 0.018880208333333332 0.01171875
0 0.20670572916666666 0.68603515625 0.018880208333333332 0.0146484375
0 0.3372395833333333 0.377197265625 0.014973958333333334 0.0185546875
0 0.11458333333333333 0.40966796875 0.014973958333333334 0.009765625
0 0.053059895833333336 0.352783203125 0.014973958333333334 0.01220703125
0 0.09407552083333333 0.693603515625 0.011067708333333334 0.0107421875
0 0.4733072916666667 0.66845703125 0.013020833333333334 0.01123046875
0 0.796875 0.652587890625 0.016927083333333332 0.01318359375
0 0.7955729166666666 0.6640625 0.011067708333333334 0.0078125
0 0.8561197916666666 0.627197265625 0.010416666666666666 0.0048828125
0 0.8391927083333334 0.606201171875 0.008463541666666666 0.00732421875
0 0.8444010416666666 0.63671875 0.01171875 0.0087890625
0 0.8473307291666666 0.619384765625 0.005208333333333333 0.00537109375
0 0.7109375 0.496826171875 0.010416666666666666 0.0068359375
0 0.4869791666666667 0.4130859375 0.011067708333333334 0.00830078125
0 0.337890625 0.4921875 0.009765625 0.00732421875
0 0.5501302083333334 0.413818359375 0.008463541666666666 0.0087890625
0 0.5026041666666666 0.37060546875 0.011067708333333334 0.00927734375
0 0.4593098958333333 0.38916015625 0.009765625 0.01025390625
0 0.3746744791666667 0.490234375 0.01171875 0.00830078125
0 0.3662109375 0.46923828125 0.017578125 0.01318359375
0 0.283203125 0.373291015625 0.008463541666666666 0.01416015625
0 0.17513020833333334 0.385009765625 0.012369791666666666 0.00927734375
0 0.07682291666666667 0.368896484375 0.024088541666666668 0.025390625
0 0.1005859375 0.3828125 0.012369791666666666 0.0107421875
0 0.10677083333333333 0.42724609375 0.007161458333333333 0.009765625
0 0.028971354166666668 0.3603515625 0.016276041666666668 0.01318359375
0 0.791015625 0.515625 0.011067708333333334 0.01220703125
0 0.7421875 0.636962890625 0.009114583333333334 0.00634765625
0 0.7864583333333334 0.444580078125 0.018880208333333332 0.00830078125
0 0.5738932291666666 0.43310546875 0.026692708333333332 0.021484375
0 0.3473307291666667 0.36328125 0.018229166666666668 0.00927734375
0 0.24283854166666666 0.444580078125 0.013020833333333334 0.01611328125
0 0.029296875 0.401611328125 0.020182291666666668 0.01025390625
0 0.20833333333333334 0.558349609375 0.026692708333333332 0.0224609375
0 0.3740234375 0.478515625 0.016276041666666668 0.015625
0 0.6692708333333334 0.481201171875 0.017578125 0.015625