0 0.47040343915343913 0.5383184523809523 0.02215608465608465 0.01661706349206349
0 0.5376984126984127 0.5456349206349206 0.019179894179894113 0.020337301587301626
0 0.2448743386243386 0.5162450396825397 0.04530423280423279 0.03447420634920628
0 0.34788359788359785 0.6418650793650793 0.04894179894179892 0.03571428571428581
0 0.4436177248677248 0.25917658730158727 0.06051587301587302 0.04067460317460314
0 0.39120370370370366 0.8115079365079365 0.02050264550264543 0.02083333333333326
0 0.29927248677248675 0.4296875 0.050925925925925895 0.03893849206349209
0 0.45535714285714285 0.4063740079365079 0.042328042328042326 0.03844246031746035
0 0.3169642857142857 0.19146825396825395 0.016865079365079378 0.015376984126984128
0 0.6653439153439153 0.5391865079365079 0.01984126984126977 0.016865079365079305
0 0.4656084656084656 0.4698660714285714 0.05158730158730155 0.03546626984126988
0 0.30026455026455023 0.38690476190476186 0.047619047619047596 0.03273809523809523
0 0.34077380952380953 0.5534474206349206 0.0512566137566138 0.04836309523809512
0 0.4604828042328042 0.9630456349206349 0.014880952380952403 0.019345238095238138
0 0.40195105820105814 0.6261160714285714 0.03009259259259256 0.024057539682539764
0 0.5218253968253969 0.5110367063492063 0.024470899470899532 0.021081349206349298
0 0.2830687830687831 0.5868055555555555 0.04828042328042326 0.035218253968253954
0 0.5899470899470899 0.49305555555555547 0.03902116402116403 0.028273809523809534
0 0.5004960317460317 0.3943452380952381 0.02414021164021163 0.019345238095238138
0 0.31117724867724866 0.845734126984127 0.027777777777777752 0.022817460317460236
0 0.49007936507936506 0.693204365079365 0.024470899470899532 0.021825396825396748
0 0.37433862433862436 0.9527529761904762 0.028439153439153486 0.025049603174603252
0 0.4973544973544974 0.8194444444444444 0.02050264550264543 0.01835317460317465
0 0.6380621693121693 0.8154761904761905 0.020833333333333332 0.03373015873015883
0 0.5148809523809523 0.7452876984126984 0.0145502645502645 0.014880952380952328
0 0.6078042328042328 0.5990823412698413 0.037037037037037056 0.032490079365079305
0 0.677414021164021 0.48846726190476186 0.020171957671957525 0.017113095238095233
0 0.431547619047619 0.7575644841269841 0.044973544973544964 0.04191468253968256
0 0.3713624338624339 0.20808531746031744 0.02050264550264543 0.01785714285714285
0 0.6504629629629629 0.4048859126984127 0.027116402116402167 0.024553571428571397
0 0.3754960317460317 0.7418154761904762 0.018849206349206355 0.012896825396825351
0 0.578042328042328 0.3107638888888889 0.016534391534391474 0.015376984126984072
0 0.31415343915343913 0.4729662698412698 0.020502645502645505 0.01835317460317465
0 0.6359126984126984 0.45535714285714285 0.02050264550264543 0.019345238095238138
0 0.48495370370370366 0.6246279761904762 0.01554232804232806 0.017609126984126977
0 0.42526455026455023 0.4983878968253968 0.033730158730158756 0.03645833333333337
0 0.6620370370370371 0.8519345238095237 0.015873015873015817 0.01835317460317465
0 0.4348544973544974 0.5437748015873015 0.0145502645502645 0.014136904761904656
0 0.6927910052910052 0.44791666666666663 0.01851851851851845 0.01388888888888884
0 0.5206679894179894 0.6650545634920635 0.02281746031746031 0.020585317460317443
0 0.6121031746031745 0.8909970238095237 0.02116402116402109 0.019593253968253954
0 0.5122354497354497 0.6207837301587301 0.015211640211640157 0.013392857142857206
0 0.26587301587301587 0.746155753968254 0.041666666666666664 0.030009920634920695
0 0.6623677248677248 0.6047867063492063 0.022486772486772406 0.019593253968253954
0 0.35912698412698413 0.45808531746031744 0.017195767195767136 0.016865079365079416
0 0.6883267195767195 0.8918650793650793 0.01752645502645489 0.016865079365079305
0 0.2901785714285714 0.5021081349206349 0.018187830687830697 0.012152777777777679
0 0.4677579365079365 0.6412450396825397 0.018849206349206355 0.014136904761904656
0 0.43584656084656087 0.8053075396825397 0.029761904761904805 0.03273809523809512
0 0.22387566137566137 0.267485119047619 0.027116402116402094 0.019593253968253954
0 0.5329034391534392 0.6050347222222222 0.01752645502645504 0.011656746031746046
0 0.2953042328042328 0.4837549603174603 0.019179894179894186 0.01810515873015872
0 0.19725529100529102 0.9444444444444444 0.024801587301587286 0.018849206349206282
0 0.23148148148148148 0.6805555555555555 0.011243386243386277 0.01140873015873023
0 0.5740740740740741 0.519345238095238 0.015873015873015817 0.019345238095238138
0 0.6078042328042328 0.4040178571428571 0.023809523809523874 0.01835317460317465
0 0.5770502645502645 0.9429563492063492 0.023809523809523874 0.016369047619047672
0 0.49652777777777773 0.6569940476190476 0.024801587301587286 0.020337301587301626
0 0.20767195767195767 0.2214781746031746 0.01719576719576721 0.012896825396825407
0 0.4697420634920635 0.5660962301587301 0.01554232804232806 0.013640873015873023
0 0.5876322751322751 0.43303571428571425 0.01851851851851845 0.014384920634920584
0 0.7132936507936507 0.7309027777777778 0.017195767195767136 0.01140873015873023
0 0.1931216931216931 0.7405753968253967 0.019841269841269844 0.01984126984126977
0 0.6671626984126985 0.32353670634920634 0.01884920634920621 0.017113095238095233
0 0.658234126984127 0.3829365079365079 0.014880952380952403 0.015873015873015817
0 0.2630621693121693 0.23499503968253968 0.02215608465608465 0.018601190476190466
0 0.474537037037037 0.7496279761904762 0.017195767195767136 0.016121031746031855
0 0.5589484126984127 0.9548214285714286 0.013713624338624294 0.013812003968253883
0 0.39533730158730157 0.42782738095238093 0.020171957671957674 0.015873015873015817
0 0.22685185185185183 0.5766369047619048 0.01653439153439155 0.015376984126984183
0 0.4166666666666667 0.37487599206349204 0.01984126984126977 0.017113095238095233
0 0.5319113756613757 0.6449652777777778 0.024801587301587286 0.024057539682539764
0 0.2296626984126984 0.6279761904761905 0.03736772486772488 0.02430555555555558
0 0.5186838624338624 0.5716765873015873 0.018187830687830697 0.020337301587301626
0 0.5558862433862434 0.9324156746031745 0.01388888888888884 0.011656746031746046
0 0.5911044973544973 0.9265873015873015 0.019510582010582016 0.025793650793650702
0 0.3095238095238095 0.3550347222222222 0.022486772486772482 0.015128968253968256
0 0.6631944444444444 0.5629960317460317 0.026785714285714263 0.019345238095238138
0 0.5482804232804233 0.3485863095238095 0.023148148148148213 0.02157738095238093
0 0.32787698412698413 0.6966765873015872 0.019510582010582016 0.016865079365079305
0 0.5638227513227513 0.46490575396825395 0.010582010582010545 0.013640873015873023
0 0.6557539682539683 0.45213293650793646 0.017857142857142794 0.01388888888888884
0 0.37483465608465605 0.666046626984127 0.01620370370370372 0.018105158730158832
0 0.21395502645502643 0.5406746031746031 0.013227513227513255 0.02331349206349209
0 0.2564484126984127 0.20163690476190474 0.014219576719576743 0.009920634920634941
0 0.2726521164021164 0.9064980158730158 0.01752645502645504 0.015376984126984183
0 0.523313492063492 0.7032490079365079 0.031415343915343875 0.021081349206349298
0 0.6661706349206349 0.43774801587301587 0.024801587301587286 0.01736111111111116
0 0.314484126984127 0.9293154761904762 0.020502645502645505 0.019345238095238138
0 0.6304563492063492 0.7084573412698413 0.01620370370370372 0.015128968253968145
0 0.2855489417989418 0.2755456349206349 0.014880952380952403 0.012896825396825351
0 0.17989417989417988 0.7000248015873015 0.01653439153439155 0.015128968253968145
0 0.27099867724867727 0.7103174603174602 0.02347883597883597 0.016865079365079305
0 0.4733796296296296 0.43303571428571425 0.00958994708994713 0.013392857142857095
0 0.2997685185185185 0.7616567460317459 0.018849206349206355 0.014384920634920695
0 0.23809523809523805 0.8302331349206349 0.021164021164021163 0.015128968253968145
0 0.6876653439153438 0.7950148809523809 0.014880952380952253 0.014632936507936511
0 0.5712632275132274 0.8990575396825397 0.00958994708994713 0.011904761904761862
0 0.21031746031746032 0.9249751984126984 0.02182539682539682 0.018105158730158832
0 0.6159060846560847 0.9293154761904762 0.025462962962962948 0.025793650793650702
0 0.654265873015873 0.9027777777777777 0.034060846560846514 0.01835317460317465
0 0.5168650793650793 0.8614831349206349 0.017857142857142794 0.02256944444444442
0 0.6003637566137566 0.5264136904761905 0.018187830687830697 0.011656746031746046
0 0.6263227513227513 0.7683531746031745 0.015873015873015817 0.009920634920634885
0 0.6803902116402116 0.5054563492063492 0.014880952380952253 0.011904761904761862
0 0.6468253968253969 0.644345238095238 0.017857142857142794 0.015376984126984183
0 0.6160945767195767 0.2913293650793651 0.04604166666666668 0.029050099206349156
0 0.5029960317460317 0.32380456349206344 0.019368386243386215 0.01343005952380949
0 0.3635912698412698 0.42137152777777775 0.017539682539682595 0.01343005952380949
0 0.6181018518518518 0.5116765873015873 0.03836970899470904 0.021376488095238066
0 0.6451455026455026 0.5304489087301587 0.014252645502645489 0.015622519841269833
0 0.6358267195767195 0.5955381944444444 0.02411706349206355 0.026857638888888813
0 0.6464219576719576 0.4237003968253968 0.02411706349206355 0.01699156746031749
0 0.5972751322751323 0.5801909722222222 0.023022486772486712 0.013702876984126977
0 0.45220238095238097 0.7288715277777778 0.03617724867724862 0.02055555555555566
0 0.4469047619047619 0.7669642857142857 0.01607804232804237 0.009045138888888804
0 0.6305291005291005 0.9137251984126983 0.02521494708994713 0.04220486111111099
0 0.31480820105820106 0.6746056547619048 0.02229166666666667 0.014526289682539772
0 0.2430820105820106 0.471812996031746 0.017205687830687804 0.012703373015872987
0 0.285026455026455 0.4871006944444444 0.01120370370370368 0.014087301587301537