0 0.38690476190476186 0.6091269841269841 0.033730158730158756 0.022321428571428603
0 0.5069444444444444 0.3349454365079365 0.041666666666666664 0.03298611111111116
0 0.5821759259259259 0.646453373015873 0.03736772486772481 0.03645833333333326
0 0.3083664021164021 0.6078869047619048 0.01752645502645504 0.015376984126984183
0 0.2953042328042328 0.5574156746031745 0.04629629629629628 0.030505952380952328
0 0.2628968253968254 0.5868055555555555 0.03174603174603171 0.02678571428571419
0 0.6306216931216931 0.37053571428571425 0.01851851851851845 0.016865079365079416
0 0.28273809523809523 0.29538690476190477 0.013227513227513255 0.015376984126984072
0 0.611276455026455 0.6654265873015872 0.030753968253968218 0.025793650793650702
0 0.5512566137566137 0.5230654761904762 0.022486772486772555 0.016865079365079305
0 0.30869708994708994 0.5181051587301587 0.04530423280423279 0.031746031746031855
0 0.6899801587301587 0.49119543650793646 0.02347883597883597 0.021081349206349187
0 0.7058531746031745 0.4742063492063492 0.018187830687830697 0.016865079365079416
0 0.2746362433862434 0.3909970238095238 0.01620370370370372 0.014136904761904767
0 0.6572420634920635 0.800595238095238 0.02414021164021163 0.015873015873015817
0 0.6258267195767195 0.46428571428571425 0.011574074074074106 0.01041666666666663
0 0.667989417989418 0.661954365079365 0.0145502645502645 0.01041666666666674
0 0.42063492063492064 0.691344246031746 0.011243386243386203 0.015128968253968145
0 0.296792328042328 0.41629464285714285 0.013558201058201083 0.014632936507936511
0 0.669973544973545 0.6969246031746031 0.01256613756613767 0.012400793650793718
0 0.40608465608465605 0.6784474206349206 0.019179894179894113 0.012648809523809534
0 0.7123015873015873 0.5481150793650793 0.0145502645502645 0.011904761904761862
0 0.30423280423280424 0.27393353174603174 0.010582010582010618 0.010168650793650813
0 0.595734126984127 0.2183779761904762 0.02215608465608465 0.01215277777777779
0 0.5906084656084656 0.5524553571428571 0.009920634920634885 0.009672619047619069
0 0.42890211640211634 0.30629960317460314 0.015873015873015817 0.012400793650793607
0 0.673776455026455 0.9810267857142857 0.011574074074074106 0.017609126984126977
0 0.5348875661375662 0.8188244047619048 0.026785714285714263 0.02951388888888884
0 0.43171296296296297 0.7016369047619048 0.012896825396825426 0.016865079365079305
0 0.5246362433862434 0.47631448412698413 0.010251322751322789 0.008184523809523836
0 0.5764550264550264 0.30209077380952376 0.031134259259259316 0.02043154761904764
0 0.3288458994708994 0.3000843253968254 0.01751322751322748 0.013499503968253945
0 0.28068783068783065 0.3768849206349206 0.018485449735449706 0.01240575396825394
0 0.3230092592592592 0.25812748015873016 0.02042989417989416 0.014957837301587285
0 0.7360119047619046 0.2364186507936508 0.01459325396825406 0.01386408730158728
0 0.43027447089947085 0.49181051587301583 0.022863756613756614 0.01386408730158728
0 0.30622685185185183 0.4905332341269841 0.01897156084656082 0.012038690476190439
0 0.2850661375661375 0.5361383928571428 0.014593253968253986 0.014957837301587285
0 0.6114781746031746 0.5744469246031746 0.011676587301587235 0.00912202380952376
0 0.7040674603174603 0.8838020833333332 0.016613756613756674 0.015062003968253856
0 0.5973214285714286 0.9631175595238095 0.012893518518518535 0.012646329365079367
0 0.48425595238095237 0.9824578373015872 0.020330687830687772 0.013762400793650764
0 0.42003306878306873 0.4783035714285714 0.01140542328042334 0.008182043650793669
0 0.4211507936507936 0.44957341269841267 0.008677248677248617 0.0072519841269841345
0 0.6160416666666667 0.4585912698412698 0.010661375661375594 0.012646329365079367