0 0.6376953125 0.43115234375 0.026692708333333332 0.02197265625
0 0.6429036458333334 0.54736328125 0.021484375 0.02001953125
0 0.720703125 0.678955078125 0.037760416666666664 0.0341796875
0 0.7327473958333334 0.50341796875 0.020182291666666668 0.021484375
0 0.3216145833333333 0.581298828125 0.022135416666666668 0.02587890625
0 0.7867838541666666 0.59619140625 0.020833333333333332 0.015625
0 0.6474609375 0.816650390625 0.05078125 0.04150390625
0 0.6868489583333334 0.347900390625 0.021484375 0.01904296875
0 0.4329427083333333 0.683349609375 0.042317708333333336 0.0302734375
0 0.5234375 0.4052734375 0.022786458333333332 0.01611328125
0 0.7177734375 0.90234375 0.034505208333333336 0.0283203125
0 0.4007161458333333 0.343017578125 0.022135416666666668 0.0185546875
0 0.4309895833333333 0.871826171875 0.025390625 0.02099609375
0 0.6731770833333334 0.6103515625 0.031901041666666664 0.02783203125
0 0.6259765625 0.5947265625 0.024088541666666668 0.0185546875
0 0.7041015625 0.8232421875 0.027994791666666668 0.02001953125
0 0.3831380208333333 0.736328125 0.018229166666666668 0.0205078125
0 0.3772786458333333 0.438720703125 0.016927083333333332 0.015625
0 0.66015625 0.956298828125 0.031901041666666664 0.03515625
0 0.6936848958333334 0.54541015625 0.033203125 0.02880859375
0 0.412109375 0.423583984375 0.018229166666666668 0.0146484375
0 0.5149739583333334 0.597412109375 0.024739583333333332 0.0166015625
0 0.7447916666666666 0.647705078125 0.032552083333333336 0.02490234375
0 0.490234375 0.826171875 0.022135416666666668 0.02001953125
0 0.6513671875 0.732177734375 0.022786458333333332 0.017578125
0 0.6682942708333334 0.888427734375 0.036458333333333336 0.01318359375
0 0.3134765625 0.825439453125 0.018229166666666668 0.00927734375
0 0.6809895833333334 0.7099609375 0.012369791666666666 0.01318359375
0 0.7900390625 0.723876953125 0.014322916666666666 0.0146484375
0 0.638671875 0.71435546875 0.026041666666666668 0.01904296875
0 0.6129557291666666 0.413818359375 0.015625 0.01171875
0 0.63671875 0.866943359375 0.03125 0.037109375
0 0.4918619791666667 0.487060546875 0.033203125 0.02392578125
0 0.3170572916666667 0.5244140625 0.017578125 0.01171875
0 0.4710286458333333 0.90234375 0.03515625 0.02392578125
0 0.6982421875 0.477783203125 0.018880208333333332 0.013671875
0 0.5611979166666666 0.791748046875 0.032552083333333336 0.03076171875
0 0.5182291666666666 0.63427734375 0.041666666666666664 0.02392578125
0 0.6168619791666666 0.62109375 0.013671875 0.0126953125
0 0.5768229166666666 0.28173828125 0.022135416666666668 0.0185546875
0 0.4775390625 0.70166015625 0.01953125 0.0126953125
0 0.3580729166666667 0.950927734375 0.016927083333333332 0.01123046875
0 0.451171875 0.973876953125 0.014322916666666666 0.0185546875
0 0.494140625 0.934326171875 0.021484375 0.01123046875
0 0.4202473958333333 0.9912109375 0.022786458333333332 0.01708984375
0 0.7399088541666666 0.212158203125 0.015625 0.01220703125
0 0.5833333333333334 0.5966796875 0.031901041666666664 0.037109375
0 0.4619140625 0.6923828125 0.013671875 0.01513671875
0 0.7662760416666666 0.6669921875 0.014973958333333334 0.01611328125
0 0.4300130208333333 0.37060546875 0.020182291666666668 0.01806640625
0 0.6305338541666666 0.917236328125 0.024088541666666668 0.0205078125
0 0.3889973958333333 0.215576171875 0.016276041666666668 0.01318359375
0 0.3235677083333333 0.759033203125 0.016276041666666668 0.01513671875
0 0.6555989583333334 0.776123046875 0.015625 0.013671875
0 0.5885416666666666 0.885009765625 0.018229166666666668 0.0166015625
0 0.7483723958333334 0.31884765625 0.011067708333333334 0.009765625
0 0.5263671875 0.7724609375 0.018229166666666668 0.01318359375
0 0.546875 0.35791015625 0.011067708333333334 0.01171875
0 0.7223307291666666 0.76806640625 0.009765625 0.0087890625
0 0.3746744791666667 0.34619140625 0.024739583333333332 0.02685546875
0 0.7412109375 0.389404296875 0.015625 0.01220703125
0 0.6018880208333334 0.785888671875 0.018229166666666668 0.021484375
0 0.3258463541666667 0.611572265625 0.010416666666666666 0.01171875
0 0.5550130208333334 0.614990234375 0.014322916666666666 0.01123046875
0 0.5595703125 0.6591796875 0.020182291666666668 0.01806640625
0 0.4430338541666667 0.294189453125 0.010416666666666666 0.01025390625
0 0.5266927083333334 0.345458984375 0.022786458333333332 0.0126953125
0 0.3889973958333333 0.22998046875 0.010416666666666666 0.009765625
0 0.4794921875 0.291748046875 0.026692708333333332 0.015625
0 0.5133463541666666 0.287841796875 0.009765625 0.01025390625
0 0.6575520833333334 0.396728515625 0.01953125 0.0107421875
0 0.6051432291666666 0.40234375 0.013671875 0.01220703125
0 0.5849609375 0.3876953125 0.013020833333333334 0.02392578125
0 0.5393880208333334 0.4677734375 0.022786458333333332 0.01806640625
0 0.6253255208333334 0.334716796875 0.0234375 0.015625
0 0.4541015625 0.45703125 0.022786458333333332 0.009765625
0 0.404296875 0.708984375 0.012369791666666666 0.01220703125
0 0.4576822916666667 0.70654296875 0.01171875 0.00732421875
0 0.517578125 0.679443359375 0.01171875 0.00732421875
0 0.5078125 0.642578125 0.02734375 0.01318359375
0 0.6539713541666666 0.97900390625 0.014322916666666666 0.0107421875
0 0.740234375 0.8896484375 0.018880208333333332 0.0146484375
0 0.6259765625 0.729248046875 0.020833333333333332 0.0234375
0 0.6783854166666666 0.685546875 0.015625 0.01171875
0 0.6669921875 0.6708984375 0.037109375 0.03662109375
0 0.5677083333333334 0.64453125 0.029296875 0.04150390625
0 0.7503255208333334 0.549072265625 0.051432291666666664 0.01806640625
0 0.5914713541666666 0.801513671875 0.014322916666666666 0.01513671875
0 0.3776041666666667 0.907470703125 0.010416666666666666 0.00927734375
0 0.4342447916666667 0.716796875 0.011067708333333334 0.01513671875
0 0.3551432291666667 0.6708984375 0.015625 0.009765625
0 0.3577473958333333 0.900390625 0.014973958333333334 0.0126953125
0 0.3336588541666667 0.646728515625 0.009114583333333334 0.0107421875
0 0.5989583333333334 0.602783203125 0.010416666666666666 0.0078125
0 0.7685546875 0.559326171875 0.012369791666666666 0.00830078125
0 0.7216796875 0.39697265625 0.011067708333333334 0.01123046875
0 0.5634765625 0.43701171875 0.01171875 0.015625
0 0.6559244791666666 0.229248046875 0.022786458333333332 0.01806640625