0 0.3546626984126984 0.3909970238095238 0.053240740740740776 0.0379464285714286
0 0.3148148148148148 0.4874751984126984 0.027777777777777752 0.025545634920634885
0 0.27645502645502645 0.20163690476190474 0.028439153439153413 0.022321428571428548
0 0.5542328042328042 0.3742559523809524 0.03240740740740744 0.029761904761904767
0 0.41005291005291 0.43737599206349204 0.04894179894179892 0.025545634920634885
0 0.5180224867724867 0.560515873015873 0.0479497354497355 0.03373015873015883
0 0.5484457671957671 0.31485615079365076 0.0327380952380952 0.027033730158730118
0 0.4500661375661375 0.44593253968253965 0.03902116402116403 0.03373015873015872
0 0.5223214285714285 0.45436507936507936 0.012896825396825426 0.019345238095238138
0 0.28257275132275134 0.4009176587301587 0.02215608465608465 0.02256944444444442
0 0.6145833333333334 0.329985119047619 0.06051587301587302 0.04786706349206349
0 0.5512566137566137 0.845486111111111 0.03835978835978837 0.03224206349206349
0 0.38508597883597884 0.6474454365079365 0.03736772486772481 0.030505952380952328
0 0.613095238095238 0.4640376984126984 0.05423280423280419 0.04613095238095233
0 0.4766865079365079 0.5806051587301587 0.028108465608465583 0.026289682539682557
0 0.6134259259259259 0.2130456349206349 0.030423280423280463 0.029265873015873023
0 0.26802248677248675 0.324156746031746 0.028108465608465583 0.01835317460317465
0 0.47701719576719576 0.37971230158730157 0.03207671957671954 0.02876984126984128
0 0.33366402116402116 0.6536458333333333 0.03571428571428573 0.028025793650793718
0 0.41964285714285715 0.6276041666666666 0.03174603174603178 0.024553571428571397
0 0.4533730158730158 0.3516865079365079 0.024470899470899532 0.0267857142857143
0 0.6180555555555555 0.7411954365079365 0.04034391534391535 0.03149801587301582
0 0.37582671957671954 0.4732142857142857 0.03538359788359783 0.029265873015873023
0 0.3812830687830688 0.3315972222222222 0.015211640211640157 0.014384920634920584
0 0.4131944444444444 0.8860367063492063 0.02414021164021163 0.01661706349206349
0 0.3645833333333333 0.5627480158730158 0.024801587301587286 0.017857142857142794
0 0.34953703703703703 0.4838789682539682 0.017195767195767136 0.01736111111111116
0 0.44477513227513227 0.8903769841269841 0.0330687830687831 0.030753968253968145
0 0.4255952380952381 0.34709821428571425 0.017857142857142794 0.016121031746031744
0 0.404265873015873 0.29811507936507936 0.030753968253968218 0.0267857142857143
0 0.4958664021164021 0.687375992063492 0.03670634920634915 0.028025793650793718
0 0.3950066137566137 0.35044642857142855 0.02215608465608465 0.021329365079365115
0 0.34821428571428564 0.5834573412698413 0.033730158730158756 0.033482142857142794
0 0.3751653439153439 0.9423363095238094 0.02347883597883597 0.024553571428571397
0 0.6557539682539683 0.5820014880952381 0.028442460317460377 0.025114087301587373
0 0.5466269841269841 0.4073660714285714 0.029761904761904805 0.023065476190476164
0 0.609457671957672 0.6261160714285714 0.036375661375661394 0.023065476190476275
0 0.3371362433862433 0.29129464285714285 0.04199735449735457 0.039434523809523836
0 0.31953042328042325 0.8309945436507936 0.02927579365079369 0.031956845238095166
0 0.47420634920634913 0.6106150793650793 0.02777777777777783 0.028273809523809534
0 0.30423280423280424 0.5762648809523809 0.0330687830687831 0.024553571428571397
0 0.5803571428571428 0.609375 0.02579365079365085 0.025793650793650702
0 0.5734126984126984 0.5466269841269841 0.03439153439153442 0.03125
0 0.6025132275132274 0.5964781746031745 0.012566137566137522 0.012896825396825351
0 0.28968253968253965 0.613095238095238 0.031084656084656048 0.03025793650793651
0 0.6716269841269841 0.8896329365079365 0.013888888888888987 0.01140873015873023
0 0.2581018518518518 0.9398561507936507 0.019510582010582016 0.017113095238095344
0 0.42658730158730157 0.5739087301587301 0.03439153439153442 0.03720238095238093
0 0.26863095238095236 0.8151041666666666 0.04011904761904761 0.017113095238095344
0 0.6226851851851851 0.6068948412698413 0.015211640211640157 0.015376984126984183
0 0.478505291005291 0.5513392857142857 0.01388888888888884 0.01736111111111116
0 0.613095238095238 0.7687251984126984 0.023809523809523874 0.02008928571428581
0 0.43105158730158727 0.48660714285714285 0.013558201058201083 0.01041666666666663
0 0.621954365079365 0.244047619047619 0.023005952380952415 0.013841765873015888
0 0.6567460317460317 0.6304563492063492 0.015873015873015817 0.01388888888888884
0 0.5747354497354497 0.255828373015873 0.015873015873015817 0.019593253968253954
0 0.26686507936507936 0.5199652777777778 0.02976190476190473 0.025545634920634885
0 0.2685185185185185 0.22482638888888887 0.010582010582010618 0.011160714285714302
0 0.2873677248677248 0.3473462301587301 0.01719576719576721 0.011656746031746046
0 0.38359788359788355 0.7136656746031745 0.019179894179894113 0.017113095238095344
0 0.2562830687830688 0.7697172619047619 0.011243386243386277 0.017609126984126977
0 0.3371362433862433 0.7891865079365079 0.01752645502645504 0.015376984126984183
0 0.5697751322751322 0.869047619047619 0.02116402116402109 0.013392857142857206
0 0.41038359788359785 0.33407738095238093 0.01322751322751318 0.013392857142857095
0 0.6036706349206349 0.8808283730158729 0.018849206349206355 0.014632936507936511
0 0.3463955026455026 0.6861359126984127 0.011574074074074106 0.011656746031746046
0 0.38872354497354494 0.373015873015873 0.012896825396825426 0.014384920634920584
0 0.4348544973544974 0.7372271825396824 0.012566137566137522 0.012648809523809534
0 0.5993716931216931 0.2647569444444444 0.011574074074074106 0.010168650793650813
0 0.3020833333333333 0.8810763888888888 0.02215608465608465 0.020585317460317443
0 0.2567791005291005 0.5685763888888888 0.013558201058201083 0.014136904761904656
0 0.6205357142857143 0.9188988095238094 0.012235449735449766 0.01388888888888884
0 0.6572387566137566 0.7166071428571429 0.03670965608465604 0.03106894841269847
0 0.5735681216931217 0.20069444444444445 0.011795634920634956 0.011842757936507908
0 0.5653108465608465 0.21995287698412697 0.018148148148148174 0.011160714285714302
0 0.5910813492063492 0.20062499999999997 0.011253306878306871 0.010071924603174576
0 0.31954034391534386 0.3068402777777778 0.01854166666666668 0.011165674603174636
0 0.5766600529100528 0.3475818452380952 0.01984788359788355 0.01664930555555555
0 0.6726388888888888 0.32094494047619043 0.014365079365079284 0.010773809523809574
0 0.4992228835978836 0.35923859126984126 0.011230158730158793 0.010186011904761871
0 0.5370932539682539 0.4227008928571428 0.021676587301587318 0.01253720238095235
0 0.65135582010582 0.4463045634920635 0.04022156084656089 0.030362103174603194
0 0.6783862433862433 0.4781349206349206 0.016977513227513324 0.0144940476190476
0 0.6068253968253968 0.4930208333333333 0.01854166666666668 0.011361607142857166
0 0.5359193121693121 0.5401289682539683 0.026640211640211575 0.014689980158730132
0 0.45025462962962953 0.5114335317460317 0.03969907407407414 0.022328869047619104
0 0.4497321428571428 0.5298462301587301 0.03290674603174596 0.014885912698412662
0 0.3662896825396826 0.49439236111111107 0.01854166666666668 0.013710317460317478
0 0.410297619047619 0.4661855158730159 0.015148809523809556 0.01253720238095235
0 0.3371693121693122 0.5154489087301587 0.013058862433862414 0.013122519841269886
0 0.265869708994709 0.4761755952380952 0.014103835978835985 0.009402281746031749
0 0.31523148148148145 0.5469866071428571 0.018280423280423303 0.00999007936507934
0 0.5592956349206349 0.8873511904761905 0.02432870370370373 0.013033234126984095
0 0.6536309523809524 0.760188492063492 0.015886243386243375 0.010798611111111134
0 0.6809358465608466 0.784858630952381 0.02035714285714274 0.014335317460317354
0 0.5209424603174603 0.7708010912698412 0.011666666666666714 0.008563988095238173
0 0.6384854497354496 0.7998462301587301 0.01489417989417996 0.015267857142857055
0 0.5103935185185186 0.5955084325396826 0.006951058201058273 0.010612599206349271
0 0.5954166666666666 0.3540277777777778 0.017129629629629644 0.009496527777777763
0 0.2604563492063492 0.2856770833333333 0.0094179894179894 0.007879464285714288
0 0.4187566137566137 0.5470386904761904 0.010866402116402144 0.010595238095238102
0 0.4475562169312169 0.9245436507936508 0.016299603174603217 0.011411210317460396
0 0.4615013227513227 0.9305208333333334 0.010866402116402144 0.009236111111111223
0 0.40372354497354496 0.7355877976190476 0.017027116402116366 0.010595238095238102
0 0.320949074074074 0.4145907738095238 0.03405092592592592 0.03205853174603179
0 0.31986441798941795 0.33227182539682537 0.025357142857142856 0.014670138888888906
0 0.29903439153439154 0.3991046626984127 0.009057539682539714 0.009781746031745975
0 0.3814451058201058 0.22563492063492063 0.011590608465608407 0.011681547619047605