0 0.7561848958333334 0.759765625 0.013671875 0.01904296875
0 0.7106119791666666 0.7353515625 0.014322916666666666 0.0146484375
0 0.6393229166666666 0.5009765625 0.022786458333333332 0.0185546875
0 0.5530598958333334 0.1455078125 0.015625 0.01318359375
0 0.3837890625 0.602294921875 0.016276041666666668 0.01513671875
0 0.6871744791666666 0.631103515625 0.01953125 0.01123046875
0 0.5706380208333334 0.503662109375 0.018880208333333332 0.01220703125
0 0.5374348958333334 0.336181640625 0.017578125 0.0107421875
0 0.5325520833333334 0.53271484375 0.014322916666666666 0.01318359375
0 0.6487630208333334 0.533447265625 0.017578125 0.013671875
0 0.5517578125 0.507568359375 0.016276041666666668 0.01171875
0 0.46875 0.347900390625 0.017578125 0.0107421875
0 0.3505859375 0.31103515625 0.022135416666666668 0.0126953125
0 0.5784505208333334 0.298095703125 0.014973958333333334 0.0234375
0 0.6826171875 0.298828125 0.01953125 0.01318359375
0 0.7884114583333334 0.348876953125 0.018229166666666668 0.0107421875
0 0.7841796875 0.599365234375 0.012369791666666666 0.009765625
0 0.7565104166666666 0.6396484375 0.009765625 0.0068359375
0 0.7353515625 0.205322265625 0.03125 0.015625
0 0.3740234375 0.28466796875 0.020833333333333332 0.01708984375
0 0.3391927083333333 0.140869140625 0.017578125 0.01416015625
0 0.4381510416666667 0.08349609375 0.025390625 0.02783203125
0 0.3938802083333333 0.08837890625 0.021484375 0.021484375
0 0.3583984375 0.572265625 0.015625 0.01025390625
0 0.5891927083333334 0.47509765625 0.018880208333333332 0.01123046875
0 0.7177734375 0.099609375 0.013020833333333334 0.013671875