0 0.5390625 0.57763671875 0.045572916666666664 0.0224609375
0 0.4173177083333333 0.541748046875 0.041015625 0.021484375
0 0.4108072916666667 0.502197265625 0.06315104166666667 0.0400390625
0 0.52734375 0.373291015625 0.046223958333333336 0.02880859375
0 0.4098307291666667 0.65087890625 0.050130208333333336 0.029296875
0 0.548828125 0.336181640625 0.046223958333333336 0.0234375
0 0.3385416666666667 0.633544921875 0.07096354166666667 0.04345703125
0 0.2903645833333333 0.503662109375 0.053385416666666664 0.03564453125
0 0.6676432291666666 0.373291015625 0.057942708333333336 0.0341796875
0 0.6761067708333334 0.5771484375 0.033203125 0.0224609375
0 0.4651692708333333 0.4921875 0.036458333333333336 0.02392578125
0 0.3850911458333333 0.437744140625 0.046875 0.03076171875
0 0.7135416666666666 0.61279296875 0.055338541666666664 0.0263671875
0 0.5341796875 0.467529296875 0.056640625 0.033203125
0 0.2526041666666667 0.431884765625 0.044270833333333336 0.03076171875
0 0.7106119791666666 0.554443359375 0.034505208333333336 0.0205078125
0 0.6181640625 0.6123046875 0.020182291666666668 0.013671875
0 0.20442708333333334 0.358642578125 0.049479166666666664 0.03369140625
0 0.6920572916666666 0.4814453125 0.033854166666666664 0.01611328125
0 0.6214192708333334 0.5185546875 0.047526041666666664 0.029296875
0 0.8167317708333334 0.496337890625 0.056640625 0.04443359375
0 0.791015625 0.6357421875 0.050130208333333336 0.0205078125
0 0.7516276041666666 0.369873046875 0.050130208333333336 0.037109375
0 0.8004557291666666 0.450927734375 0.045572916666666664 0.03759765625
0 0.5865885416666666 0.4736328125 0.05859375 0.03466796875
0 0.7428385416666666 0.58056640625 0.049479166666666664 0.03759765625
0 0.4111328125 0.59521484375 0.039713541666666664 0.03076171875
0 0.7552083333333334 0.447265625 0.040364583333333336 0.0390625
0 0.49609375 0.530517578125 0.0390625 0.0263671875
0 0.3818359375 0.350341796875 0.040364583333333336 0.03564453125
0 0.6822916666666666 0.3427734375 0.049479166666666664 0.02783203125
0 0.4371744791666667 0.44287109375 0.055338541666666664 0.03515625
0 0.24837239583333334 0.392333984375 0.018880208333333332 0.0107421875
0 0.5240885416666666 0.65478515625 0.04296875 0.02734375
0 0.9215494791666666 0.37548828125 0.035807291666666664 0.0146484375
0 0.814453125 0.663818359375 0.0234375 0.01708984375
0 0.9049479166666666 0.337158203125 0.032552083333333336 0.02001953125
0 0.7005208333333334 0.52197265625 0.047526041666666664 0.02880859375
0 0.20084635416666666 0.636474609375 0.024739583333333332 0.017578125
0 0.3216145833333333 0.4501953125 0.045572916666666664 0.03515625
0 0.8782552083333334 0.554443359375 0.064453125 0.03515625
0 0.22623697916666666 0.611083984375 0.016276041666666668 0.009765625
0 0.8756510416666666 0.36474609375 0.0390625 0.02001953125
0 0.5940755208333334 0.439453125 0.049479166666666664 0.03076171875
0 0.7783203125 0.419189453125 0.041015625 0.02392578125
0 0.8356119791666666 0.58251953125 0.03125 0.0244140625
0 0.529296875 0.50390625 0.036458333333333336 0.0224609375
0 0.6207682291666666 0.632568359375 0.032552083333333336 0.0263671875
0 0.8258463541666666 0.61279296875 0.043619791666666664 0.04833984375
0 0.2906901041666667 0.559326171875 0.042317708333333336 0.0244140625
0 0.6555989583333334 0.535400390625 0.015625 0.01123046875
0 0.2828776041666667 0.58984375 0.07486979166666667 0.04248046875
0 0.6487630208333334 0.435546875 0.046875 0.03125
0 0.3382161458333333 0.41162109375 0.037109375 0.02197265625
0 0.2939453125 0.377685546875 0.013020833333333334 0.01123046875
0 0.97265625 0.67333984375 0.0234375 0.013671875
0 0.9384765625 0.5927734375 0.048177083333333336 0.02734375
0 0.5498046875 0.427490234375 0.018229166666666668 0.00927734375
0 0.5595703125 0.40185546875 0.033854166666666664 0.02001953125
0 0.4098307291666667 0.62158203125 0.046223958333333336 0.02392578125
0 0.8046875 0.340087890625 0.046223958333333336 0.02783203125
0 0.6031901041666666 0.408447265625 0.045572916666666664 0.03125
0 0.4049479166666667 0.384033203125 0.016927083333333332 0.009765625
0 0.8844401041666666 0.670166015625 0.057942708333333336 0.02880859375
0 0.10546875 0.39990234375 0.014322916666666666 0.0107421875
0 0.9690755208333334 0.615966796875 0.040364583333333336 0.0283203125
0 0.7005208333333334 0.49853515625 0.016276041666666668 0.01123046875
0 0.6142578125 0.372802734375 0.020182291666666668 0.01220703125
0 0.11490885416666667 0.380859375 0.011067708333333334 0.01318359375
0 0.4622395833333333 0.37255859375 0.018880208333333332 0.01123046875
0 0.13444010416666666 0.656494140625 0.034505208333333336 0.02099609375
0 0.4759114583333333 0.6162109375 0.024739583333333332 0.01708984375
0 0.861328125 0.639892578125 0.017578125 0.009765625
0 0.6158854166666666 0.496826171875 0.016927083333333332 0.00927734375
0 0.6591796875 0.66259765625 0.013020833333333334 0.00732421875
0 0.4680989583333333 0.564208984375 0.01171875 0.0087890625
0 0.9541015625 0.35107421875 0.0390625 0.02587890625
0 0.3492838541666667 0.482177734375 0.032552083333333336 0.0146484375
0 0.2639973958333333 0.6337890625 0.027994791666666668 0.021484375
0 0.17545572916666666 0.6416015625 0.020182291666666668 0.0126953125
0 0.8971354166666666 0.59130859375 0.018229166666666668 0.013671875
0 0.140625 0.4501953125 0.018880208333333332 0.01318359375
0 0.642578125 0.66796875 0.024088541666666668 0.0078125
0 0.3544921875 0.520263671875 0.010416666666666666 0.0078125
0 0.10384114583333333 0.5947265625 0.014973958333333334 0.01171875
0 0.2958984375 0.473876953125 0.01171875 0.01123046875
0 0.9264322916666666 0.611572265625 0.014322916666666666 0.009765625
0 0.10514322916666667 0.61767578125 0.016927083333333332 0.01318359375
0 0.4651692708333333 0.59521484375 0.012369791666666666 0.00830078125
0 0.6282552083333334 0.384033203125 0.018229166666666668 0.00830078125
0 0.4222005208333333 0.67919921875 0.016927083333333332 0.01025390625
0 0.7464192708333334 0.629638671875 0.018880208333333332 0.01220703125
0 0.6175130208333334 0.66552734375 0.010416666666666666 0.01171875
0 0.3515625 0.3857421875 0.014322916666666666 0.0107421875
0 0.8649088541666666 0.592041015625 0.013671875 0.0107421875
0 0.5686848958333334 0.52294921875 0.014973958333333334 0.0126953125
0 0.2552083333333333 0.474609375 0.049479166666666664 0.02490234375
0 0.8473307291666666 0.654296875 0.015625 0.00830078125
0 0.18229166666666666 0.507080078125 0.037760416666666664 0.02099609375
0 0.162109375 0.53564453125 0.022135416666666668 0.01416015625
0 0.2001953125 0.531982421875 0.035807291666666664 0.0263671875
0 0.2060546875 0.450439453125 0.04296875 0.0205078125
0 0.10514322916666667 0.346923828125 0.014973958333333334 0.021484375
0 0.2757161458333333 0.329833984375 0.022786458333333332 0.0166015625
0 0.19986979166666666 0.37744140625 0.039713541666666664 0.02734375
0 0.21484375 0.385498046875 0.009114583333333334 0.00732421875
0 0.19173177083333334 0.6171875 0.009765625 0.0078125
0 0.3121744791666667 0.65576171875 0.03125 0.01953125
0 0.2643229166666667 0.5556640625 0.02734375 0.01806640625
0 0.3333333333333333 0.503662109375 0.026041666666666668 0.02783203125
0 0.3414713541666667 0.46875 0.033203125 0.02197265625
0 0.3203125 0.40576171875 0.017578125 0.01806640625
0 0.3854166666666667 0.4150390625 0.025390625 0.0185546875
0 0.5279947916666666 0.483642578125 0.039713541666666664 0.02001953125
0 0.3909505208333333 0.40087890625 0.016276041666666668 0.00830078125
0 0.365234375 0.608154296875 0.014973958333333334 0.01025390625
0 0.09440104166666667 0.44677734375 0.01171875 0.015625
0 0.6253255208333334 0.3515625 0.06315104166666667 0.02978515625
0 0.7809244791666666 0.488525390625 0.032552083333333336 0.03759765625
0 0.7825520833333334 0.51025390625 0.035807291666666664 0.015625
0 0.8785807291666666 0.427978515625 0.052734375 0.03662109375
0 0.8844401041666666 0.50439453125 0.046223958333333336 0.02490234375
0 0.845703125 0.34130859375 0.034505208333333336 0.0283203125
0 0.9938151041666666 0.3720703125 0.012369791666666666 0.0341796875
0 0.853515625 0.45166015625 0.0625 0.0322265625
0 0.8199869791666666 0.679931640625 0.05859375 0.01806640625
0 0.8896484375 0.63232421875 0.016927083333333332 0.0126953125
0 0.9208984375 0.67236328125 0.021484375 0.0185546875
0 0.7503255208333334 0.59423828125 0.029296875 0.01416015625
0 0.8668619791666666 0.383544921875 0.018229166666666668 0.0126953125
0 0.7405598958333334 0.334228515625 0.020833333333333332 0.01806640625
0 0.4593098958333333 0.41845703125 0.013671875 0.0126953125
0 0.4700520833333333 0.42138671875 0.009765625 0.0126953125
0 0.4430338541666667 0.6396484375 0.01953125 0.0107421875
0 0.3671875 0.389892578125 0.013671875 0.01220703125
0 0.20735677083333334 0.613525390625 0.014973958333333334 0.01708984375
0 0.4436848958333333 0.597412109375 0.021484375 0.015625
0 0.7483723958333334 0.61279296875 0.020833333333333332 0.01171875
0 0.6940104166666666 0.58154296875 0.014973958333333334 0.01220703125
0 0.6946614583333334 0.63037109375 0.013671875 0.01025390625
0 0.5677083333333334 0.665771484375 0.01953125 0.00927734375
0 0.4527994791666667 0.64892578125 0.009114583333333334 0.0107421875
0 0.3382161458333333 0.541748046875 0.014973958333333334 0.01416015625
0 0.20377604166666666 0.67138671875 0.01171875 0.009765625
0 0.14485677083333334 0.3330078125 0.014322916666666666 0.01123046875
0 0.3248697916666667 0.3779296875 0.017578125 0.01025390625
0 0.3515625 0.443359375 0.012369791666666666 0.01171875