0 0.4820963541666667 0.498046875 0.033854166666666664 0.03466796875
0 0.5611979166666666 0.702880859375 0.053385416666666664 0.04833984375
0 0.619140625 0.7978515625 0.024088541666666668 0.0205078125
0 0.5315755208333334 0.759765625 0.049479166666666664 0.033203125
0 0.4446614583333333 0.5224609375 0.01953125 0.0205078125
0 0.4485677083333333 0.722412109375 0.0234375 0.0205078125
0 0.5628255208333334 0.562255859375 0.044270833333333336 0.0390625
0 0.4150390625 0.5869140625 0.047526041666666664 0.03662109375
0 0.3723958333333333 0.424072265625 0.0234375 0.02001953125
0 0.5475260416666666 0.914306640625 0.032552083333333336 0.0341796875
0 0.2509765625 0.59228515625 0.02734375 0.02001953125
0 0.6819661458333334 0.71728515625 0.017578125 0.01904296875
0 0.6285807291666666 0.91455078125 0.026692708333333332 0.0185546875
0 0.4091796875 0.685791015625 0.0234375 0.02197265625
0 0.4264322916666667 0.4013671875 0.018880208333333332 0.01708984375
0 0.3138020833333333 0.34619140625 0.055989583333333336 0.03857421875
0 0.3610026041666667 0.478271484375 0.022786458333333332 0.01708984375
0 0.6565755208333334 0.237548828125 0.0234375 0.0166015625
0 0.4088541666666667 0.459716796875 0.016927083333333332 0.01513671875
0 0.2522786458333333 0.400634765625 0.022786458333333332 0.01806640625
0 0.4811197916666667 0.540771484375 0.044270833333333336 0.03662109375
0 0.24576822916666666 0.442626953125 0.03515625 0.0302734375
0 0.6783854166666666 0.437255859375 0.015625 0.01708984375
0 0.24348958333333334 0.850341796875 0.0234375 0.02294921875
0 0.5432942708333334 0.8662109375 0.024739583333333332 0.01611328125
0 0.5953776041666666 0.76220703125 0.0234375 0.0205078125
0 0.4378255208333333 0.77978515625 0.039713541666666664 0.02587890625
0 0.4410807291666667 0.69091796875 0.013671875 0.01025390625
0 0.3831380208333333 0.716064453125 0.0234375 0.0205078125
0 0.64453125 0.536376953125 0.017578125 0.01513671875
0 0.6611328125 0.346923828125 0.024739583333333332 0.02099609375
0 0.3974609375 0.62353515625 0.076171875 0.0498046875
0 0.4143880208333333 0.255126953125 0.043619791666666664 0.0361328125
0 0.6614583333333334 0.626708984375 0.016927083333333332 0.0185546875
0 0.2158203125 0.923828125 0.045572916666666664 0.029296875
0 0.24674479166666666 0.33349609375 0.018880208333333332 0.01318359375
0 0.2652994791666667 0.30859375 0.01953125 0.013671875
0 0.5387369791666666 0.2080078125 0.022786458333333332 0.02197265625
0 0.6796875 0.74853515625 0.018229166666666668 0.01806640625
0 0.4296875 0.884765625 0.013020833333333334 0.01611328125
0 0.24837239583333334 0.23828125 0.026041666666666668 0.01611328125
0 0.2897135416666667 0.847412109375 0.0234375 0.015625
0 0.2421875 0.5087890625 0.0234375 0.01806640625
0 0.4798177083333333 0.730712890625 0.015625 0.01513671875
0 0.515625 0.85791015625 0.018880208333333332 0.01171875
0 0.3167317708333333 0.53955078125 0.029296875 0.0244140625
0 0.6793619791666666 0.848876953125 0.013671875 0.01611328125
0 0.3570963541666667 0.31298828125 0.041015625 0.0400390625
0 0.337890625 0.5830078125 0.024739583333333332 0.0244140625
0 0.3889973958333333 0.945068359375 0.014322916666666666 0.01171875
0 0.2845052083333333 0.570556640625 0.012369791666666666 0.00927734375
0 0.3115234375 0.89404296875 0.013020833333333334 0.0244140625
0 0.3199869791666667 0.787353515625 0.014322916666666666 0.015625
0 0.4248046875 0.920166015625 0.013671875 0.01025390625
0 0.2692057291666667 0.789794921875 0.022135416666666668 0.01904296875
0 0.26953125 0.76806640625 0.016927083333333332 0.01220703125
0 0.2639973958333333 0.663818359375 0.014973958333333334 0.00927734375
0 0.5999348958333334 0.405029296875 0.027994791666666668 0.03076171875
0 0.701171875 0.916748046875 0.01171875 0.013671875
0 0.32421875 0.947265625 0.013020833333333334 0.01025390625
0 0.2740885416666667 0.6005859375 0.01171875 0.01123046875
0 0.2682291666666667 0.194091796875 0.01953125 0.01416015625
0 0.6790364583333334 0.67236328125 0.013671875 0.01171875
0 0.3717447916666667 0.939208984375 0.016276041666666668 0.0185546875
0 0.3046875 0.376708984375 0.024739583333333332 0.01611328125
0 0.6298828125 0.294677734375 0.014322916666666666 0.0107421875
0 0.2747395833333333 0.3251953125 0.011067708333333334 0.009765625
0 0.3186848958333333 0.637451171875 0.010416666666666666 0.01171875
0 0.3958333333333333 0.8916015625 0.018229166666666668 0.01025390625
0 0.2265625 0.5712890625 0.01171875 0.01171875
0 0.6529947916666666 0.558349609375 0.017578125 0.00927734375
0 0.6227213541666666 0.225341796875 0.014973958333333334 0.0126953125
0 0.5045572916666666 0.26513671875 0.041015625 0.025390625
0 0.62109375 0.277587890625 0.010416666666666666 0.0126953125
0 0.4443359375 0.322265625 0.012369791666666666 0.01025390625
0 0.2545572916666667 0.320556640625 0.015625 0.01123046875
0 0.3990885416666667 0.37109375 0.017578125 0.01025390625
0 0.3860677083333333 0.296630859375 0.010416666666666666 0.00927734375
0 0.4889322916666667 0.378662109375 0.013671875 0.00927734375
0 0.23470052083333334 0.47265625 0.016276041666666668 0.009765625
0 0.6790364583333334 0.547119140625 0.015625 0.0146484375
0 0.5478515625 0.58740234375 0.02734375 0.01416015625
0 0.51953125 0.536376953125 0.055338541666666664 0.02783203125
0 0.5530598958333334 0.379638671875 0.014973958333333334 0.0126953125
0 0.5550130208333334 0.39990234375 0.011067708333333334 0.0078125
0 0.5703125 0.225830078125 0.011067708333333334 0.01123046875
0 0.4440104166666667 0.498779296875 0.018880208333333332 0.0087890625
0 0.3401692708333333 0.625732421875 0.015625 0.01318359375
0 0.359375 0.630615234375 0.024088541666666668 0.015625
0 0.4892578125 0.773193359375 0.0546875 0.04248046875
0 0.4567057291666667 0.75830078125 0.01171875 0.01171875
0 0.2789713541666667 0.806640625 0.0390625 0.02392578125
0 0.22786458333333334 0.797607421875 0.022786458333333332 0.015625
0 0.21875 0.8037109375 0.016927083333333332 0.0107421875
0 0.2373046875 0.783203125 0.018229166666666668 0.017578125
0 0.2819010416666667 0.7470703125 0.012369791666666666 0.01806640625
0 0.23014322916666666 0.900634765625 0.013671875 0.0087890625
0 0.658203125 0.938720703125 0.01171875 0.01416015625
0 0.6559244791666666 0.761962890625 0.008463541666666666 0.01123046875
0 0.5836588541666666 0.78515625 0.015625 0.017578125
0 0.5537109375 0.795654296875 0.016927083333333332 0.0166015625
0 0.6139322916666666 0.71875 0.015625 0.01318359375
0 0.3916015625 0.5830078125 0.01171875 0.0087890625
0 0.5709635416666666 0.433349609375 0.01171875 0.0107421875
0 0.533203125 0.22509765625 0.013020833333333334 0.01025390625
0 0.3141276041666667 0.283935546875 0.012369791666666666 0.009765625
0 0.328125 0.445068359375 0.024088541666666668 0.01611328125
0 0.3955078125 0.743408203125 0.010416666666666666 0.013671875
0 0.6129557291666666 0.88134765625 0.010416666666666666 0.01220703125
0 0.5872395833333334 0.72412109375 0.0078125 0.01123046875
0 0.5452473958333334 0.33544921875 0.011067708333333334 0.01025390625
0 0.3134765625 0.4833984375 0.014973958333333334 0.013671875