0 0.5868055555555555 0.9618055555555555 0.034722222222222175 0.04414682539682535
0 0.6486441798941799 0.3771081349206349 0.053902116402116285 0.043898809523809534
0 0.4621362433862433 0.8962053571428571 0.04662698412698418 0.0414186507936507
0 0.44510582010582006 0.7347470238095237 0.017857142857142794 0.016121031746031633
0 0.298776455026455 0.4383680555555555 0.04133597883597884 0.03844246031746035
0 0.5186838624338624 0.9456845238095237 0.030753968253968218 0.023809523809523725
0 0.5666335978835978 0.6078869047619048 0.020171957671957674 0.016865079365079305
0 0.546792328042328 0.4906994047619047 0.019510582010582016 0.016121031746031744
0 0.6646825396825397 0.869047619047619 0.02050264550264543 0.01835317460317465
0 0.33614417989417983 0.3111359126984127 0.04265873015873023 0.029017857142857095
0 0.5444775132275131 0.35391865079365076 0.044642857142857206 0.042162698412698374
0 0.39616402116402116 0.566344246031746 0.03968253968253969 0.03447420634920628
0 0.5201719576719577 0.5503472222222222 0.03439153439153442 0.025793650793650702
0 0.3010912698412698 0.38504464285714285 0.0386904761904762 0.04191468253968256
0 0.5229828042328042 0.6598462301587301 0.018187830687830697 0.018105158730158832
0 0.4123677248677248 0.279265873015873 0.022486772486772555 0.02083333333333337
0 0.27331349206349204 0.669766865079365 0.04001322751322752 0.032490079365079305
0 0.5011574074074073 0.8881448412698412 0.02215608465608465 0.02430555555555558
0 0.3559854497354497 0.8390376984126984 0.03736772486772481 0.024801587301587213
0 0.617063492063492 0.7279265873015872 0.017857142857142794 0.01835317460317465
0 0.439484126984127 0.7776537698412698 0.023809523809523874 0.022073412698412787
0 0.7045304232804233 0.6731150793650793 0.024140211640211778 0.015873015873015817
0 0.5509259259259259 0.8777281746031745 0.023148148148148213 0.02331349206349209
0 0.4809854497354497 0.501736111111111 0.03339947089947085 0.024801587301587213
0 0.6448412698412698 0.48164682539682535 0.02050264550264543 0.018849206349206393
0 0.7058531746031745 0.572296626984127 0.01884920634920621 0.015128968253968145
0 0.6674933862433862 0.8315972222222222 0.039351851851851784 0.05456349206349209
0 0.5982142857142857 0.9135664682539683 0.023148148148148213 0.01909722222222232
0 0.45403439153439146 0.3479662698412698 0.0145502645502645 0.012896825396825351
0 0.47883597883597884 0.6158234126984127 0.015873015873015817 0.016369047619047672
0 0.45221560846560843 0.6122271825396826 0.0327380952380952 0.04439484126984117
0 0.519510582010582 0.6001984126984127 0.04365079365079364 0.037698412698412787
0 0.2918320105820106 0.5969742063492063 0.038029100529100544 0.030753968253968145
0 0.583994708994709 0.4392361111111111 0.01851851851851845 0.011904761904761862
0 0.5524140211640212 0.720486111111111 0.025462962962962948 0.021329365079365115
0 0.5853174603174603 0.4609375 0.01851851851851845 0.015625
0 0.376984126984127 0.29129464285714285 0.03108465608465612 0.024553571428571397
0 0.3368055555555555 0.5985863095238095 0.014880952380952403 0.016121031746031633
0 0.7366071428571428 0.6449652777777778 0.025462962962963093 0.017609126984126977
0 0.4365079365079365 0.8235367063492063 0.01984126984126977 0.019593253968253954
0 0.47635582010582006 0.43985615079365076 0.019510582010582016 0.014136904761904767
0 0.44047619047619047 0.2873263888888889 0.017857142857142794 0.014136904761904767
0 0.40145502645502645 0.4454365079365079 0.015873015873015817 0.014384920634920584
0 0.5939153439153438 0.26078869047619047 0.03968253968253969 0.02852182539682535
0 0.5861441798941799 0.7579365079365079 0.014219576719576743 0.01140873015873023
0 0.7028769841269841 0.355406746031746 0.014219576719576743 0.014384920634920584
0 0.6461640211640212 0.5453869047619048 0.017857142857142794 0.01140873015873023
0 0.603505291005291 0.40674603174603174 0.015211640211640157 0.012896825396825351
0 0.580191798941799 0.7749255952380952 0.018187830687830697 0.014136904761904656
0 0.5023148148148148 0.4810267857142857 0.015211640211640157 0.015625
0 0.4431216931216931 0.37834821428571425 0.017857142857142794 0.016121031746031744
0 0.501984126984127 0.33717757936507936 0.02050264550264543 0.014632936507936511
0 0.2610780423280423 0.3430059523809524 0.02414021164021163 0.02331349206349209
0 0.39120370370370366 0.31299603174603174 0.01322751322751318 0.015376984126984072
0 0.414021164021164 0.47705853174603174 0.015211640211640157 0.009672619047619069
0 0.3948412698412698 0.9268353174603174 0.04298941798941799 0.03025793650793651
0 0.552579365079365 0.806423611111111 0.029100529100529144 0.027529761904761862
0 0.44163359788359785 0.32601686507936506 0.01752645502645504 0.015128968253968256
0 0.6841931216931217 0.46155753968253965 0.017195767195767136 0.015376984126984072
0 0.4664351851851852 0.39992559523809523 0.01752645502645504 0.01215277777777779
0 0.5246362433862434 0.4243551587301587 0.01620370370370372 0.01041666666666663
0 0.3568121693121693 0.5199652777777778 0.01984126984126977 0.017609126984126977
0 0.30456349206349204 0.9454365079365079 0.02910052910052907 0.025793650793650702
0 0.6023478835978836 0.349578373015873 0.01554232804232806 0.012648809523809534
0 0.6708002645502645 0.5673363095238095 0.014219576719576743 0.012152777777777679
0 0.3108465608465608 0.5162450396825397 0.017857142857142867 0.010664682539682557
0 0.6962632275132274 0.33283730158730157 0.012896825396825426 0.014384920634920584
0 0.5616732804232804 0.6768353174603174 0.01620370370370372 0.014384920634920695
0 0.6245039682539683 0.33320932539682535 0.013558201058201083 0.015128968253968256
0 0.345734126984127 0.480406746031746 0.01620370370370372 0.014384920634920584
0 0.25297619047619047 0.7053571428571428 0.015211640211640232 0.012896825396825351
0 0.4661044973544974 0.3736359126984127 0.01620370370370372 0.011656746031746046
0 0.4864417989417989 0.31510416666666663 0.016534391534391474 0.011656746031746046
0 0.6254960317460317 0.3483382936507936 0.016865079365079378 0.014136904761904767
0 0.710648148148148 0.2745535714285714 0.011243386243386352 0.011408730158730118
0 0.275297619047619 0.4776785714285714 0.018187830687830697 0.012400793650793607
0 0.705026455026455 0.3931051587301587 0.01256613756613767 0.014880952380952328
0 0.6468253968253969 0.6128472222222222 0.015211640211640157 0.009920634920634885
0 0.470734126984127 0.267485119047619 0.012896825396825426 0.010664682539682557
0 0.36061507936507936 0.4742063492063492 0.010912698412698449 0.008432539682539653
0 0.45370370370370366 0.7962549603174602 0.02579365079365085 0.022073412698412787
0 0.49421296296296297 0.5400545634920635 0.01554232804232806 0.010664682539682557
0 0.43617724867724866 0.4290674603174603 0.01984126984126977 0.015376984126984072
0 0.2562830687830688 0.5890376984126984 0.01653439153439155 0.016369047619047672
0 0.5993716931216931 0.7641369047619048 0.014219576719576743 0.010912698412698374
0 0.41964285714285715 0.8405257936507936 0.015873015873015817 0.009424603174603252
0 0.429728835978836 0.49243551587301587 0.014880952380952403 0.011160714285714302
0 0.5031415343915343 0.9148065476190476 0.018849206349206355 0.012648809523809534
0 0.683366402116402 0.2663690476190476 0.01752645502645489 0.011408730158730118
0 0.6792328042328042 0.8872767857142857 0.016534391534391624 0.015625
0 0.5993716931216931 0.6257440476190476 0.012235449735449766 0.012400793650793718
0 0.5091534391534391 0.3757390873015873 0.049957010582010554 0.03851934523809519
0 0.32869708994708996 0.42651289682539684 0.051359126984126924 0.04202132936507941
0 0.2781216931216931 0.36033978174603176 0.021408730158730165 0.012688492063492096
0 0.33509259259259255 0.2651736111111111 0.011395502645502672 0.012170138888888848
0 0.5765277777777778 0.27688988095238093 0.013293650793650821 0.008415178571428594
0 0.6744973544973544 0.2728125 0.01830026455026464 0.009841269841269873
0 0.6778637566137565 0.3321775793650793 0.011567460317460329 0.009451884920634868
0 0.5736772486772487 0.36979166666666663 0.020026455026454986 0.010357142857142843
0 0.6264186507936508 0.42766865079365074 0.011911375661375642 0.009580853174603221
0 0.5899933862433863 0.41368551587301583 0.015363756613756626 0.015538194444444486
0 0.6215839947089947 0.4384151785714286 0.017781084656084634 0.010099206349206358
0 0.4997883597883597 0.39795386904761904 0.018991402116402156 0.015406746031746077
0 0.43047288359788355 0.41828125 0.013293650793650821 0.009193948412698383
0 0.37427910052910046 0.6240228174603174 0.014500661375661306 0.013596230158730238
0 0.332933201058201 0.6661036706349206 0.016402116402116418 0.014630456349206344
0 0.3814451058201058 0.9031795634920634 0.017781084656084634 0.012559523809523743
0 0.46154761904761904 0.9501165674603174 0.021233465608465618 0.011654265873015879
0 0.684160052910053 0.9234945436507936 0.021838624338624452 0.014523809523809605
0 0.5871296296296297 0.8491765873015873 0.018951719576719633 0.017924107142857082
0 0.5504596560846561 0.8587549603174602 0.014007936507936561 0.012978670634920642
0 0.6565343915343914 0.8023660714285713 0.012996031746031811 0.010396825396825404
0 0.6790608465608465 0.6564806547619046 0.018627645502645507 0.01104662698412695
0 0.615162037037037 0.6204960317460317 0.02166005291005287 0.013484623015872943
0 0.668207671957672 0.5013913690476189 0.014431216931217072 0.015057043650793744
0 0.6843650793650794 0.5015104166666666 0.0191369047619047 0.00870535714285725
0 0.6175429894179895 0.5266840277777778 0.018508597883597933 0.011527777777777803
0 0.6947156084656085 0.4933928571428571 0.017255291005291145 0.01223462301587297
0 0.6780919312169312 0.46645089285714286 0.011607142857143002 0.00964781746031751
0 0.5185681216931217 0.8076140873015873 0.016312830687830626 0.0068229166666666785
0 0.4097089947089947 0.854672619047619 0.023214285714285705 0.013410218253968154
0 0.4396693121693121 0.5184499007936507 0.021018518518518547 0.008234126984127066