0 0.3432539682539682 0.41356646825396826 0.050264550264550234 0.03993055555555558
0 0.42890211640211634 0.6857638888888888 0.05753968253968248 0.05109126984126977
0 0.40608465608465605 0.6370287698412698 0.04828042328042326 0.03149801587301582
0 0.4963624338624338 0.38169642857142855 0.042328042328042326 0.03819444444444442
0 0.6314484126984127 0.31026785714285715 0.04199735449735457 0.03373015873015872
0 0.419808201058201 0.35044642857142855 0.04861111111111116 0.04166666666666663
0 0.35747354497354494 0.6116071428571428 0.023148148148148213 0.02083333333333326
0 0.32109788359788355 0.5815972222222222 0.02777777777777783 0.021825396825396748
0 0.3563161375661375 0.7232142857142857 0.03339947089947085 0.025793650793650702
0 0.3325066137566137 0.5435267857142857 0.02215608465608465 0.018105158730158832
0 0.4880952380952381 0.26351686507936506 0.02050264550264543 0.01810515873015872
0 0.5548941798941799 0.7356150793650793 0.02050264550264543 0.014384920634920695
0 0.5373677248677248 0.6666666666666666 0.023148148148148213 0.021825396825396748
0 0.2562830687830688 0.5747767857142857 0.020502645502645505 0.029017857142857206
0 0.353505291005291 0.4957837301587301 0.022486772486772555 0.017857142857142794
0 0.35978835978835977 0.6338045634920635 0.023809523809523874 0.018105158730158832
0 0.4341931216931217 0.47383432539682535 0.02050264550264543 0.015128968253968256
0 0.4318783068783068 0.5782490079365079 0.015211640211640157 0.010168650793650702
0 0.5613425925925926 0.6393849206349206 0.01752645502645504 0.02083333333333326
0 0.27579365079365076 0.8624751984126984 0.022486772486772482 0.018105158730158832
0 0.3311838624338624 0.285094246031746 0.040013227513227445 0.029017857142857095
0 0.4244378306878307 0.23251488095238093 0.019510582010582016 0.019593253968253954
0 0.259755291005291 0.7275545634920635 0.02414021164021163 0.01661706349206349
0 0.4551917989417989 0.7208581349206349 0.014219576719576743 0.014136904761904656
0 0.26471560846560843 0.23933531746031744 0.018849206349206355 0.018353174603174593
0 0.44477513227513227 0.9342757936507936 0.02116402116402109 0.014880952380952328
0 0.6216931216931216 0.6870039682539683 0.023148148148148213 0.01835317460317465
0 0.5026455026455027 0.6634424603174602 0.024470899470899532 0.018849206349206282
0 0.26901455026455023 0.5261656746031745 0.03339947089947093 0.02703373015873023
0 0.2448743386243386 0.4497767857142857 0.018849206349206355 0.01661706349206349
0 0.7025462962962963 0.3726438492063492 0.02347883597883597 0.01909722222222221
0 0.30803571428571425 0.35131448412698413 0.013558201058201083 0.009176587301587324
0 0.26620370370370366 0.261656746031746 0.011243386243386277 0.012896825396825351
0 0.5391865079365079 0.5004960317460317 0.010251322751322789 0.015376984126984183
0 0.33581349206349204 0.9222470238095237 0.02215608465608465 0.020585317460317443
0 0.3688822751322751 0.36954365079365076 0.014880952380952403 0.008928571428571397
0 0.6749338624338623 0.5812251984126984 0.015873015873015817 0.02356150793650791
0 0.29745370370370366 0.3792162698412698 0.009589947089947056 0.008928571428571397
0 0.6817129629629629 0.6292162698412698 0.020171957671957525 0.009920634920634885
0 0.7031580687830687 0.5623710317460318 0.013657407407407321 0.013154761904761836
0 0.6607142857142857 0.5629960317460317 0.022486772486772555 0.015873015873015817
0 0.38012566137566134 0.5052083333333333 0.010912698412698449 0.007440476190476275
0 0.2996031746031746 0.2439236111111111 0.012566137566137595 0.013640873015873023
0 0.2536375661375661 0.8061755952380952 0.021164021164021163 0.015128968253968145
0 0.49619708994708994 0.3160962301587301 0.016865079365079378 0.014632936507936511
0 0.23611111111111108 0.3485863095238095 0.008597883597883568 0.007688492063492092
0 0.42939814814814814 0.5518353174603174 0.012896825396825426 0.012400793650793718
0 0.5558862433862434 0.5069444444444444 0.010582010582010545 0.012896825396825351
0 0.7161044973544973 0.759796626984127 0.01752645502645489 0.01909722222222232
0 0.5376653439153439 0.22999503968253968 0.02581679894179893 0.01823660714285713
0 0.3842625661375661 0.2343849206349206 0.015009920634920645 0.011257440476190483
0 0.30575727513227513 0.2705208333333333 0.03152116402116404 0.01958829365079362
0 0.45180886243386237 0.36125744047619046 0.02341600529100522 0.024541170634920673
0 0.38335978835978834 0.4032490079365079 0.012007275132275138 0.013958333333333295
0 0.3718022486772486 0.3592311507936508 0.016511243386243397 0.01418402777777783
0 0.5136507936507936 0.36283482142857143 0.015611772486772443 0.01508432539682536
0 0.46051256613756614 0.42351438492063487 0.01801256613756615 0.012157738095238124
0 0.4096296296296296 0.45627232142857144 0.03872685185185191 0.01958829365079362
0 0.34028108465608464 0.25757440476190474 0.017113095238095195 0.012609126984126973
0 0.28534391534391534 0.2215500992063492 0.018912037037037033 0.009905753968253939
0 0.3543915343915344 0.30012896825396823 0.023716931216931265 0.010357142857142843
0 0.4139814814814815 0.33851686507936507 0.012007275132275138 0.01103174603174606
0 0.42013558201058204 0.33153769841269837 0.011107804232804183 0.013735119047619038
0 0.7020271164021162 0.578531746031746 0.03272156084656075 0.020488591269841372
0 0.6377843915343916 0.5158258928571429 0.12038359788359794 0.10131944444444452
0 0.63073082010582 0.613655753968254 0.017410714285714352 0.012383432539682548
0 0.6829662698412697 0.6655530753968254 0.01921296296296286 0.011708829365079332
0 0.3775066137566137 0.5211160714285714 0.021316137566137556 0.01598710317460328
0 0.3867261904761905 0.7004166666666666 0.02579695767195774 0.01799107142857137
0 0.6173115079365079 0.6695287698412697 0.03349206349206346 0.02342013888888883
0 0.2841765873015873 0.5112847222222222 0.017542989417989412 0.01896577380952391