0 0.439453125 0.4612630208333333 0.0341796875 0.04296875
0 0.4697265625 0.3538411458333333 0.02880859375 0.037760416666666664
0 0.3505859375 0.3414713541666667 0.0166015625 0.0234375
0 0.462890625 0.6311848958333334 0.017578125 0.022786458333333332
0 0.29443359375 0.5930989583333334 0.02001953125 0.026692708333333332
0 0.60986328125 0.4020182291666667 0.0224609375 0.035807291666666664
0 0.625244140625 0.3225911458333333 0.03466796875 0.026041666666666668
0 0.57275390625 0.6630859375 0.02734375 0.041015625
0 0.610107421875 0.6497395833333334 0.02099609375 0.037760416666666664
0 0.70556640625 0.6728515625 0.013671875 0.030598958333333332
0 0.646484375 0.5950520833333334 0.0146484375 0.024739583333333332
0 0.6845703125 0.5921223958333334 0.01513671875 0.020833333333333332
0 0.62158203125 0.6158854166666666 0.01904296875 0.032552083333333336
0 0.4267578125 0.2786458333333333 0.01708984375 0.020182291666666668
0 0.90966796875 0.6526692708333334 0.0205078125 0.02734375
0 0.603515625 0.5078125 0.0146484375 0.020833333333333332
0 0.86181640625 0.6754557291666666 0.02001953125 0.0234375
0 0.55419921875 0.6292317708333334 0.01904296875 0.024088541666666668
0 0.50732421875 0.5107421875 0.0107421875 0.014973958333333334
0 0.80517578125 0.6061197916666666 0.01806640625 0.024739583333333332
0 0.5673828125 0.2643229166666667 0.02099609375 0.0234375
0 0.685546875 0.4889322916666667 0.0166015625 0.0234375
0 0.9150390625 0.6204427083333334 0.015625 0.026041666666666668
0 0.712890625 0.6442057291666666 0.0224609375 0.026692708333333332
0 0.65966796875 0.3138020833333333 0.0126953125 0.015625
0 0.662109375 0.3356119791666667 0.017578125 0.025390625
0 0.3115234375 0.5559895833333334 0.02001953125 0.030598958333333332
0 0.63134765625 0.34765625 0.02001953125 0.029296875
0 0.655517578125 0.24544270833333334 0.0146484375 0.011067708333333334
0 0.54541015625 0.3473307291666667 0.0166015625 0.0234375
0 0.407958984375 0.2805989583333333 0.00732421875 0.01953125
0 0.80712890625 0.23307291666666666 0.02197265625 0.029947916666666668
0 0.78515625 0.6702473958333334 0.01025390625 0.016927083333333332
0 0.76220703125 0.4449869791666667 0.01708984375 0.0234375
0 0.9326171875 0.6341145833333334 0.0185546875 0.0234375
0 0.8828125 0.6813151041666666 0.01318359375 0.014973958333333334
0 0.74658203125 0.4876302083333333 0.01171875 0.01953125
0 0.8310546875 0.5797526041666666 0.01416015625 0.014322916666666666
0 0.853271484375 0.6090494791666666 0.01708984375 0.015625
0 0.7861328125 0.23372395833333334 0.01025390625 0.016927083333333332
0 0.97119140625 0.5784505208333334 0.00927734375 0.009765625
0 0.66064453125 0.4150390625 0.01025390625 0.010416666666666666
0 0.9189453125 0.4827473958333333 0.01318359375 0.022135416666666668
0 0.9462890625 0.5504557291666666 0.0107421875 0.009114583333333334
0 0.87939453125 0.2060546875 0.0205078125 0.0234375
0 0.81103515625 0.6409505208333334 0.0205078125 0.03515625
0 0.87548828125 0.423828125 0.01513671875 0.021484375
0 0.77392578125 0.6136067708333334 0.0107421875 0.014322916666666666
0 0.695556640625 0.31640625 0.0126953125 0.018880208333333332
0 0.5234375 0.2991536458333333 0.01904296875 0.016276041666666668
0 0.599853515625 0.23274739583333334 0.01123046875 0.018880208333333332
0 0.506591796875 0.2373046875 0.02001953125 0.016927083333333332
0 0.385009765625 0.6214192708333334 0.01123046875 0.015625
0 0.377197265625 0.626953125 0.01416015625 0.017578125
0 0.5849609375 0.2796223958333333 0.013671875 0.01171875
0 0.576416015625 0.2353515625 0.0087890625 0.011067708333333334
0 0.6005859375 0.2805989583333333 0.0068359375 0.01171875
0 0.633544921875 0.2649739583333333 0.00537109375 0.01171875
0 0.458984375 0.26953125 0.0068359375 0.024088541666666668
0 0.8466796875 0.384765625 0.04296875 0.0546875
0 0.798095703125 0.4807942708333333 0.03662109375 0.050130208333333336
0 0.78564453125 0.5794270833333334 0.00927734375 0.014322916666666666
0 0.796142578125 0.5791015625 0.0146484375 0.013020833333333334
0 0.9501953125 0.64453125 0.02099609375 0.018880208333333332
0 0.922607421875 0.3837890625 0.01220703125 0.01953125
0 0.944580078125 0.4143880208333333 0.0078125 0.011067708333333334
0 0.880859375 0.22819010416666666 0.02294921875 0.022135416666666668
0 0.792236328125 0.3483072916666667 0.00927734375 0.012369791666666666
0 0.309814453125 0.5934244791666666 0.00830078125 0.014322916666666666
0 0.215576171875 0.2392578125 0.0126953125 0.016927083333333332
0 0.572509765625 0.4820963541666667 0.0126953125 0.014973958333333334
0 0.750732421875 0.4130859375 0.01611328125 0.013671875
0 0.81298828125 0.2919921875 0.0126953125 0.016927083333333332
0 0.800537109375 0.2906901041666667 0.01953125 0.022135416666666668
0 0.843017578125 0.4182942708333333 0.0205078125 0.009765625
0 0.95166015625 0.3597005208333333 0.01123046875 0.015625
0 0.52490234375 0.6754557291666666 0.0126953125 0.016927083333333332
0 0.290283203125 0.3359375 0.0244140625 0.01953125
0 0.402099609375 0.431640625 0.00927734375 0.0078125
0 0.705322265625 0.3515625 0.01806640625 0.027994791666666668
0 0.7763671875 0.3671875 0.01220703125 0.016276041666666668