0 0.5481770833333334 0.6826171875 0.0234375 0.01953125
0 0.7132161458333334 0.549560546875 0.0234375 0.0205078125
0 0.6901041666666666 0.55712890625 0.020182291666666668 0.0185546875
0 0.4697265625 0.221923828125 0.029296875 0.017578125
0 0.658203125 0.637451171875 0.024739583333333332 0.0185546875
0 0.5813802083333334 0.579833984375 0.020833333333333332 0.0185546875
0 0.6552734375 0.163818359375 0.0234375 0.02294921875
0 0.5589192708333334 0.1982421875 0.026041666666666668 0.02490234375
0 0.4169921875 0.086669921875 0.0234375 0.0224609375
0 0.6731770833333334 0.717041015625 0.022135416666666668 0.01904296875
0 0.6341145833333334 0.6513671875 0.020833333333333332 0.01513671875
0 0.7418619791666666 0.09228515625 0.032552083333333336 0.0302734375
0 0.7119140625 0.435791015625 0.016276041666666668 0.01611328125
0 0.7561848958333334 0.15185546875 0.026692708333333332 0.0185546875
0 0.4384765625 0.7900390625 0.0234375 0.0224609375
0 0.7265625 0.15185546875 0.0234375 0.0185546875
0 0.6370442708333334 0.748291015625 0.018880208333333332 0.0205078125
0 0.6953125 0.47119140625 0.01953125 0.0224609375
0 0.5823567708333334 0.51953125 0.022786458333333332 0.01513671875
0 0.5260416666666666 0.49951171875 0.024088541666666668 0.01953125
0 0.3040364583333333 0.71630859375 0.01953125 0.01953125
0 0.7350260416666666 0.596923828125 0.0234375 0.0224609375
0 0.759765625 0.067138671875 0.0234375 0.02392578125
0 0.69140625 0.14013671875 0.02734375 0.025390625
0 0.7106119791666666 0.6474609375 0.017578125 0.017578125
0 0.5944010416666666 0.169189453125 0.047526041666666664 0.03857421875
0 0.5234375 0.329833984375 0.025390625 0.02099609375
0 0.6949869791666666 0.693115234375 0.026041666666666668 0.0166015625
0 0.6246744791666666 0.710205078125 0.0234375 0.0126953125
0 0.6419270833333334 0.6025390625 0.02734375 0.021484375
0 0.5807291666666666 0.806396484375 0.0234375 0.02197265625
0 0.6194661458333334 0.06201171875 0.020833333333333332 0.0185546875
0 0.611328125 0.34130859375 0.0234375 0.02001953125
0 0.5986328125 0.054931640625 0.014973958333333334 0.01171875
0 0.72265625 0.525146484375 0.016927083333333332 0.01806640625
0 0.6048177083333334 0.59228515625 0.0234375 0.01953125
0 0.509765625 0.1728515625 0.018880208333333332 0.01806640625
0 0.2744140625 0.15771484375 0.020833333333333332 0.017578125
0 0.3678385416666667 0.076904296875 0.04296875 0.03662109375
0 0.4612630208333333 0.620849609375 0.01953125 0.02099609375
0 0.2789713541666667 0.22509765625 0.029947916666666668 0.0234375
0 0.6116536458333334 0.778564453125 0.018229166666666668 0.013671875
0 0.5950520833333334 0.2783203125 0.022135416666666668 0.0224609375
0 0.5963541666666666 0.746826171875 0.026692708333333332 0.021484375
0 0.5263671875 0.641845703125 0.042317708333333336 0.04248046875
0 0.4029947916666667 0.63916015625 0.018229166666666668 0.01611328125
0 0.6057942708333334 0.64208984375 0.033854166666666664 0.02783203125
0 0.6559244791666666 0.392822265625 0.0234375 0.021484375
0 0.4671223958333333 0.558837890625 0.01953125 0.01708984375
0 0.7434895833333334 0.28369140625 0.014973958333333334 0.01220703125
0 0.7438151041666666 0.578125 0.016276041666666668 0.01611328125
0 0.7190755208333334 0.380126953125 0.022786458333333332 0.01953125
0 0.7008463541666666 0.36865234375 0.022135416666666668 0.01611328125
0 0.5888671875 0.362060546875 0.013671875 0.0126953125
0 0.5709635416666666 0.62646484375 0.024088541666666668 0.0224609375
0 0.7369791666666666 0.427978515625 0.013671875 0.013671875
0 0.720703125 0.76318359375 0.018229166666666668 0.02197265625
0 0.7242838541666666 0.62451171875 0.030598958333333332 0.02099609375
0 0.7141927083333334 0.603271484375 0.016927083333333332 0.01611328125
0 0.5387369791666666 0.101318359375 0.042317708333333336 0.033203125
0 0.4153645833333333 0.510986328125 0.024088541666666668 0.009765625
0 0.6569010416666666 0.0751953125 0.012369791666666666 0.01513671875
0 0.5348307291666666 0.464599609375 0.016927083333333332 0.01416015625
0 0.40234375 0.774169921875 0.026692708333333332 0.01416015625
0 0.3984375 0.740234375 0.018229166666666668 0.01416015625
0 0.6048177083333334 0.3212890625 0.018880208333333332 0.01513671875
0 0.5302734375 0.5693359375 0.022135416666666668 0.01611328125
0 0.7490234375 0.20703125 0.024088541666666668 0.0224609375
0 0.5654296875 0.36328125 0.015625 0.01171875
0 0.2955729166666667 0.7919921875 0.020182291666666668 0.0166015625
0 0.4993489583333333 0.7705078125 0.017578125 0.01708984375
0 0.5162760416666666 0.45263671875 0.016276041666666668 0.0126953125
0 0.4117838541666667 0.216796875 0.02734375 0.0126953125
0 0.6575520833333334 0.468994140625 0.025390625 0.02197265625
0 0.4938151041666667 0.702392578125 0.039713541666666664 0.02001953125
0 0.6702473958333334 0.589111328125 0.033203125 0.03173828125
0 0.5439453125 0.73388671875 0.018229166666666668 0.0107421875
0 0.2890625 0.1201171875 0.012369791666666666 0.01318359375
0 0.4091796875 0.387939453125 0.012369791666666666 0.01123046875
0 0.7125651041666666 0.56787109375 0.01953125 0.01416015625
0 0.6744791666666666 0.244384765625 0.014322916666666666 0.0107421875
0 0.5768229166666666 0.785400390625 0.022135416666666668 0.01416015625
0 0.6539713541666666 0.21337890625 0.014973958333333334 0.01025390625
0 0.5416666666666666 0.591552734375 0.021484375 0.01318359375
0 0.521484375 0.7763671875 0.021484375 0.0185546875
0 0.6012369791666666 0.484375 0.022135416666666668 0.01953125
0 0.3548177083333333 0.66796875 0.016276041666666668 0.0126953125
0 0.310546875 0.65771484375 0.01953125 0.0146484375
0 0.6800130208333334 0.286376953125 0.017578125 0.01611328125
0 0.5690104166666666 0.28173828125 0.013671875 0.01318359375
0 0.6233723958333334 0.377197265625 0.015625 0.0126953125
0 0.3294270833333333 0.767578125 0.029296875 0.01806640625
0 0.6959635416666666 0.30859375 0.018229166666666668 0.01611328125
0 0.6207682291666666 0.45654296875 0.018880208333333332 0.01611328125
0 0.5231119791666666 0.151611328125 0.012369791666666666 0.01220703125
0 0.5029296875 0.796142578125 0.017578125 0.01416015625
0 0.4778645833333333 0.6064453125 0.016927083333333332 0.0126953125
0 0.5709635416666666 0.077392578125 0.018229166666666668 0.013671875
0 0.3779296875 0.707763671875 0.014973958333333334 0.01513671875
0 0.4114583333333333 0.6826171875 0.014322916666666666 0.01025390625
0 0.337890625 0.746337890625 0.016276041666666668 0.01220703125
0 0.3395182291666667 0.419677734375 0.017578125 0.01123046875
0 0.6455078125 0.251708984375 0.018229166666666668 0.01708984375
0 0.3727213541666667 0.427734375 0.014322916666666666 0.01171875
0 0.62890625 0.47412109375 0.015625 0.0107421875
0 0.5458984375 0.175537109375 0.012369791666666666 0.0126953125
0 0.3385416666666667 0.802978515625 0.017578125 0.01025390625
0 0.7493489583333334 0.337158203125 0.016927083333333332 0.01611328125
0 0.3837890625 0.673583984375 0.018229166666666668 0.013671875
0 0.6953125 0.65478515625 0.014322916666666666 0.01171875
0 0.4554036458333333 0.46923828125 0.015625 0.01318359375
0 0.5169270833333334 0.759521484375 0.013671875 0.01171875
0 0.5725911458333334 0.11181640625 0.028645833333333332 0.0185546875
0 0.6279296875 0.80078125 0.011067708333333334 0.009765625
0 0.6070963541666666 0.7041015625 0.021484375 0.01171875
0 0.4192708333333333 0.707763671875 0.011067708333333334 0.0078125
0 0.5029296875 0.636474609375 0.022786458333333332 0.01904296875
0 0.4303385416666667 0.573486328125 0.013020833333333334 0.0068359375
0 0.3746744791666667 0.670654296875 0.0234375 0.01416015625
0 0.7063802083333334 0.760498046875 0.022135416666666668 0.0185546875
0 0.541015625 0.600341796875 0.018229166666666668 0.01171875
0 0.52734375 0.599365234375 0.016927083333333332 0.01513671875
0 0.7578125 0.445556640625 0.012369791666666666 0.0087890625
0 0.5309244791666666 0.291748046875 0.013020833333333334 0.0166015625
0 0.6956380208333334 0.294677734375 0.01171875 0.01025390625
0 0.7102864583333334 0.224853515625 0.009114583333333334 0.00830078125
0 0.6735026041666666 0.12451171875 0.029947916666666668 0.01318359375
0 0.6145833333333334 0.032958984375 0.012369791666666666 0.00927734375
0 0.619140625 0.0751953125 0.016927083333333332 0.01123046875
0 0.3440755208333333 0.05712890625 0.022135416666666668 0.02197265625
0 0.3981119791666667 0.02490234375 0.015625 0.0126953125
0 0.3805338541666667 0.14794921875 0.01171875 0.01123046875
0 0.4541015625 0.50048828125 0.015625 0.01318359375
0 0.6263020833333334 0.388671875 0.012369791666666666 0.00830078125
0 0.5924479166666666 0.49609375 0.013671875 0.01953125
0 0.4938151041666667 0.496826171875 0.013671875 0.015625
0 0.4847005208333333 0.6904296875 0.021484375 0.01220703125
0 0.5149739583333334 0.5166015625 0.016927083333333332 0.0146484375
0 0.5735677083333334 0.23876953125 0.012369791666666666 0.01513671875
0 0.4163411458333333 0.504638671875 0.018229166666666668 0.009765625
0 0.3841145833333333 0.53173828125 0.017578125 0.01318359375
0 0.443359375 0.766845703125 0.011067708333333334 0.0087890625