0 0.7149470899470899 0.7449156746031745 0.025132275132275044 0.02256944444444442
0 0.4110449735449735 0.4243551587301587 0.04695767195767194 0.04067460317460314
0 0.714781746031746 0.671875 0.01884920634920621 0.015873015873015817
0 0.5029761904761905 0.6592261904761905 0.05158730158730155 0.039682539682539764
0 0.5830026455026455 0.812375992063492 0.04034391534391535 0.03199404761904767
0 0.4064153439153439 0.8523065476190476 0.0330687830687831 0.028025793650793718
0 0.5676256613756613 0.5215773809523809 0.029431216931216902 0.026289682539682557
0 0.3215939153439153 0.7058531746031745 0.06183862433862434 0.0401785714285714
0 0.4846230158730158 0.36780753968253965 0.03207671957671954 0.029761904761904767
0 0.5939153439153438 0.4766865079365079 0.030423280423280463 0.03025793650793651
0 0.4593253968253968 0.4274553571428571 0.021825396825396748 0.017113095238095233
0 0.6851851851851851 0.8637152777777777 0.030423280423280314 0.029017857142857206
0 0.6752645502645502 0.7037450396825397 0.050925925925925895 0.039434523809523725
0 0.581845238095238 0.27827380952380953 0.031415343915343875 0.027281746031746046
0 0.29910714285714285 0.8327132936507936 0.025462962962962948 0.016121031746031855
0 0.5562169312169312 0.7077132936507936 0.04034391534391535 0.038442460317460236
0 0.31911375661375657 0.5691964285714285 0.019841269841269844 0.01388888888888884
0 0.4915674603174603 0.9077380952380952 0.027447089947089925 0.016369047619047672
0 0.34077380952380953 0.3492063492063492 0.0327380952380952 0.029761904761904767
0 0.4720568783068783 0.8637152777777777 0.01620370370370372 0.014136904761904656
0 0.45238095238095233 0.6106150793650793 0.023809523809523874 0.011904761904761862
0 0.39715608465608465 0.37549603174603174 0.023148148148148213 0.021329365079365115
0 0.7164351851851851 0.7118055555555555 0.027447089947089925 0.019345238095238138
0 0.4259259259259259 0.9525049603174602 0.02050264550264543 0.010664682539682557
0 0.2392526455026455 0.8074156746031745 0.01752645502645504 0.012152777777777679
0 0.611111111111111 0.36743551587301587 0.04365079365079364 0.030505952380952328
0 0.3819444444444444 0.3519345238095238 0.03174603174603178 0.029265873015873023
0 0.44576719576719576 0.6474454365079365 0.0145502645502645 0.010168650793650702
0 0.7142857142857143 0.8705357142857142 0.023809523809523725 0.02083333333333326
0 0.5200066137566137 0.6963045634920635 0.02414021164021163 0.014136904761904656
0 0.7028769841269841 0.441344246031746 0.03670634920634915 0.02604166666666663
0 0.43171296296296297 0.6734871031746031 0.01752645502645504 0.012648809523809534
0 0.32853835978835977 0.9639136904761905 0.018187830687830697 0.012648809523809534
0 0.6447552910052909 0.6450892857142857 0.01895833333333326 0.015778769841269913
0 0.2814153439153439 0.5432787698412698 0.02314814814814814 0.016121031746031633
0 0.5952380952380952 0.3411458333333333 0.01388888888888884 0.013640873015873023
0 0.6909722222222222 0.3727678571428571 0.026785714285714413 0.012896825396825351
0 0.2544642857142857 0.2743055555555555 0.01554232804232806 0.01835317460317465
0 0.4219576719576719 0.4636656746031746 0.03439153439153442 0.02356150793650791
0 0.6397189153439153 0.9666443452380953 0.03501653439153444 0.016135912698412636
0 0.4105489417989418 0.7409474206349206 0.014880952380952403 0.009176587301587213
0 0.24388227513227512 0.589905753968254 0.014219576719576743 0.013144841269841168
0 0.6780753968253967 0.43985615079365076 0.011574074074074106 0.013144841269841279
0 0.6291335978835978 0.279265873015873 0.012896825396825426 0.01041666666666663
0 0.25165343915343913 0.5462549603174602 0.013227513227513255 0.013640873015873023
0 0.7113095238095237 0.3395337301587301 0.0145502645502645 0.010912698412698374
0 0.25727513227513227 0.6168154761904762 0.021164021164021163 0.015376984126984183
0 0.701223544973545 0.7755456349206349 0.012896825396825426 0.011904761904761862
0 0.24785052910052907 0.769593253968254 0.014219576719576743 0.01388888888888884
0 0.646494708994709 0.296875 0.017195767195767136 0.008432539682539653
0 0.6674933862433862 0.9456845238095237 0.018187830687830697 0.012400793650793718
0 0.5325727513227513 0.3237847222222222 0.011574074074074106 0.012648809523809534
0 0.7331349206349206 0.8717757936507936 0.01256613756613767 0.015376984126984183
0 0.2526455026455026 0.5212053571428571 0.011904761904761937 0.016121031746031855
0 0.5636574074074073 0.841765873015873 0.014219576719576743 0.011904761904761862
0 0.37202380952380953 0.259796626984127 0.023148148148148213 0.014632936507936511
0 0.4731216931216931 0.3261681547619047 0.011947751322751277 0.009558531746031718
0 0.5183234126984128 0.3908333333333333 0.010753968253968202 0.015233134920634939
0 0.3193452380952381 0.3575297619047619 0.013035714285714262 0.009131944444444429
0 0.5482242063492063 0.420687003968254 0.02006613756613751 0.009905753968253994
0 0.6293452380952381 0.46917906746031746 0.012175925925925904 0.009389880952380913
0 0.681656746031746 0.5703472222222221 0.016636904761904898 0.011577380952380922
0 0.6598743386243385 0.6509350198412699 0.019722222222222197 0.014791666666666758
0 0.7112400793650794 0.6205778769841269 0.010975529100529199 0.008102678571428656
0 0.6962334656084656 0.7116493055555555 0.015949074074073977 0.008360615079365141
0 0.6521560846560847 0.7286284722222222 0.03310185185185185 0.015049603174603243
0 0.7237599206349206 0.7187872023809524 0.015092592592592583 0.005917658730158815
0 0.38631944444444444 0.8391220238095238 0.01526455026455024 0.010419146825396908
0 0.3245767195767196 0.7344791666666667 0.012863756613756605 0.00977678571428564
0 0.2991104497354497 0.7277926587301587 0.019894179894179926 0.010032242063491958
0 0.35201388888888885 0.6467609126984126 0.02048941798941802 0.010729166666666679
0 0.39686177248677246 0.6654637896825397 0.01584986772486774 0.010438988095238022
0 0.4208333333333332 0.6837326388888888 0.016623677248677193 0.01217757936507935
0 0.38592261904761904 0.6103422619047619 0.010833333333333398 0.008988095238095184
0 0.42544642857142856 0.4729241071428571 0.018439153439153404 0.008643353174603186
0 0.5353835978835978 0.47240575396825396 0.013829365079365127 0.010716765873015843
0 0.6222685185185185 0.4041294642857143 0.01751653439153437 0.011061507936507953
0 0.27267857142857144 0.33758680555555554 0.017119708994708976 0.0108010912698413