0 0.3333333333333333 0.65478515625 0.02734375 0.02099609375
0 0.4925130208333333 0.314697265625 0.033854166666666664 0.02197265625
0 0.3531901041666667 0.412109375 0.022135416666666668 0.0166015625
0 0.2594401041666667 0.525634765625 0.03125 0.02001953125
0 0.6279296875 0.476806640625 0.041015625 0.0283203125
0 0.447265625 0.59228515625 0.044921875 0.0322265625
0 0.11751302083333333 0.43359375 0.025390625 0.02392578125
0 0.619140625 0.302490234375 0.055338541666666664 0.03564453125
0 0.16080729166666666 0.367431640625 0.031901041666666664 0.02099609375
0 0.333984375 0.545654296875 0.024088541666666668 0.0166015625
0 0.3974609375 0.3740234375 0.020182291666666668 0.0146484375
0 0.5032552083333334 0.452392578125 0.036458333333333336 0.01708984375
0 0.26171875 0.380126953125 0.028645833333333332 0.01904296875
0 0.6995442708333334 0.3291015625 0.06640625 0.04052734375
0 0.1806640625 0.46044921875 0.04296875 0.0302734375
0 0.3258463541666667 0.454833984375 0.020182291666666668 0.0166015625
0 0.96484375 0.564208984375 0.042317708333333336 0.02783203125
0 0.9820963541666666 0.439208984375 0.035807291666666664 0.02001953125
0 0.978515625 0.452392578125 0.027994791666666668 0.015625
0 0.8502604166666666 0.38232421875 0.029947916666666668 0.01416015625
0 0.859375 0.402099609375 0.014322916666666666 0.01171875
0 0.8502604166666666 0.306640625 0.017578125 0.01220703125
0 0.8893229166666666 0.30419921875 0.022135416666666668 0.01904296875
0 0.8056640625 0.28857421875 0.032552083333333336 0.01220703125
0 0.5387369791666666 0.2939453125 0.036458333333333336 0.0302734375
0 0.5595703125 0.63330078125 0.03515625 0.0224609375
0 0.5146484375 0.599853515625 0.018229166666666668 0.0126953125
0 0.5244140625 0.62939453125 0.014973958333333334 0.0107421875
0 0.5397135416666666 0.547119140625 0.014322916666666666 0.009765625
0 0.5426432291666666 0.49658203125 0.017578125 0.01611328125
0 0.5553385416666666 0.552734375 0.011067708333333334 0.00732421875
0 0.90625 0.45849609375 0.08203125 0.04248046875
0 0.9479166666666666 0.47265625 0.031901041666666664 0.01513671875
0 0.9055989583333334 0.53125 0.018229166666666668 0.01220703125
0 0.791015625 0.552978515625 0.024088541666666668 0.02490234375
0 0.8509114583333334 0.58056640625 0.016927083333333332 0.01416015625
0 0.4055989583333333 0.319580078125 0.01953125 0.02001953125
0 0.2861328125 0.43701171875 0.016927083333333332 0.01513671875
0 0.2666015625 0.494384765625 0.013671875 0.0146484375
0 0.2685546875 0.4677734375 0.012369791666666666 0.01318359375
0 0.2552083333333333 0.46826171875 0.013671875 0.01513671875
0 0.21809895833333334 0.361328125 0.018880208333333332 0.013671875
0 0.169921875 0.326904296875 0.016276041666666668 0.0107421875
0 0.162109375 0.42333984375 0.020182291666666668 0.015625
0 0.1806640625 0.50537109375 0.020833333333333332 0.01220703125
0 0.17350260416666666 0.495361328125 0.016927083333333332 0.0078125
0 0.1337890625 0.505126953125 0.018229166666666668 0.01318359375
0 0.10872395833333333 0.6220703125 0.022786458333333332 0.0166015625
0 0.13411458333333334 0.33447265625 0.024739583333333332 0.0185546875
0 0.09440104166666667 0.43994140625 0.014322916666666666 0.01171875
0 0.13444010416666666 0.353759765625 0.020833333333333332 0.01123046875
0 0.361328125 0.39501953125 0.021484375 0.01953125
0 0.3600260416666667 0.33935546875 0.016276041666666668 0.0126953125
0 0.3235677083333333 0.615234375 0.016276041666666668 0.01416015625
0 0.3219401041666667 0.605224609375 0.013671875 0.01171875
0 0.3606770833333333 0.66015625 0.021484375 0.0224609375
0 0.6223958333333334 0.4404296875 0.016927083333333332 0.0146484375
0 0.5152994791666666 0.342529296875 0.014973958333333334 0.0107421875
0 0.4557291666666667 0.357177734375 0.015625 0.01318359375
0 0.9638671875 0.30029296875 0.016276041666666668 0.01318359375
0 0.9957682291666666 0.31298828125 0.008463541666666666 0.021484375
0 0.4514973958333333 0.472412109375 0.015625 0.0185546875
0 0.4365234375 0.44873046875 0.017578125 0.01416015625
0 0.3795572916666667 0.5263671875 0.01953125 0.01123046875
0 0.8395182291666666 0.28955078125 0.016927083333333332 0.01025390625
0 0.5009765625 0.32568359375 0.020182291666666668 0.015625
0 0.34375 0.374267578125 0.009114583333333334 0.01123046875
0 0.3824869791666667 0.322265625 0.015625 0.01513671875
0 0.375 0.305419921875 0.014322916666666666 0.009765625
0 0.5862630208333334 0.406005859375 0.013020833333333334 0.0087890625
0 0.9892578125 0.57568359375 0.021484375 0.021484375
0 0.9765625 0.632568359375 0.015625 0.01318359375
0 0.9033203125 0.632080078125 0.021484375 0.0087890625
0 0.7649739583333334 0.34326171875 0.018229166666666668 0.00830078125
0 0.68359375 0.6103515625 0.0234375 0.0166015625
0 0.4576822916666667 0.674072265625 0.015625 0.01171875
0 0.18619791666666666 0.60205078125 0.029947916666666668 0.0185546875