0 0.17415364583333334 0.56396484375 0.032552083333333336 0.017578125
0 0.6360677083333334 0.6435546875 0.03125 0.0185546875
0 0.4485677083333333 0.34716796875 0.03125 0.01806640625
0 0.6031901041666666 0.484375 0.026041666666666668 0.02099609375
0 0.6787109375 0.676513671875 0.04296875 0.02490234375
0 0.6598307291666666 0.54248046875 0.0390625 0.03564453125
0 0.8971354166666666 0.513427734375 0.02734375 0.02001953125
0 0.8115234375 0.571044921875 0.037109375 0.02099609375
0 0.052083333333333336 0.634521484375 0.018880208333333332 0.01318359375
0 0.3831380208333333 0.392333984375 0.028645833333333332 0.013671875
0 0.69921875 0.437255859375 0.022135416666666668 0.01904296875
0 0.7955729166666666 0.6943359375 0.033854166666666664 0.02490234375
0 0.4375 0.3837890625 0.030598958333333332 0.01953125
0 0.7571614583333334 0.613525390625 0.031901041666666664 0.021484375
0 0.8466796875 0.679443359375 0.03515625 0.02685546875
0 0.6009114583333334 0.395751953125 0.029947916666666668 0.01708984375
0 0.7298177083333334 0.63037109375 0.031901041666666664 0.017578125
0 0.5709635416666666 0.524658203125 0.026692708333333332 0.02001953125
0 0.55859375 0.582763671875 0.013020833333333334 0.01318359375
0 0.6500651041666666 0.660400390625 0.0234375 0.0146484375
0 0.5426432291666666 0.59521484375 0.048828125 0.025390625
0 0.3701171875 0.338623046875 0.017578125 0.01513671875
0 0.20442708333333334 0.666748046875 0.016276041666666668 0.0166015625
0 0.8697916666666666 0.3935546875 0.021484375 0.013671875
0 0.5071614583333334 0.503662109375 0.014973958333333334 0.013671875
0 0.09049479166666667 0.64208984375 0.014973958333333334 0.0185546875
0 0.8033854166666666 0.42431640625 0.021484375 0.01708984375
0 0.8450520833333334 0.48876953125 0.014322916666666666 0.0107421875
0 0.6705729166666666 0.653076171875 0.018229166666666668 0.01171875
0 0.18131510416666666 0.666748046875 0.016927083333333332 0.009765625
0 0.8160807291666666 0.587158203125 0.024739583333333332 0.01123046875
0 0.22428385416666666 0.63623046875 0.020182291666666668 0.01806640625
0 0.7200520833333334 0.365966796875 0.015625 0.01318359375
0 0.3883463541666667 0.36962890625 0.026041666666666668 0.01806640625
0 0.11686197916666667 0.343017578125 0.014973958333333334 0.0146484375
0 0.49609375 0.634521484375 0.01953125 0.02001953125
0 0.12272135416666667 0.61181640625 0.022135416666666668 0.0087890625
0 0.17024739583333334 0.449951171875 0.015625 0.01025390625
0 0.22298177083333334 0.556640625 0.024088541666666668 0.00830078125
0 0.6741536458333334 0.488037109375 0.012369791666666666 0.0146484375
0 0.5944010416666666 0.658447265625 0.016927083333333332 0.0087890625
0 0.6471354166666666 0.684326171875 0.015625 0.01171875
0 0.876953125 0.354736328125 0.020833333333333332 0.01416015625
0 0.572265625 0.61279296875 0.013671875 0.0146484375
0 0.23860677083333334 0.724609375 0.017578125 0.0087890625
0 0.8619791666666666 0.52294921875 0.01953125 0.00927734375
0 0.076171875 0.428955078125 0.014322916666666666 0.009765625
0 0.3984375 0.69580078125 0.014973958333333334 0.01171875
0 0.7337239583333334 0.43115234375 0.01171875 0.0078125
0 0.6285807291666666 0.671142578125 0.018880208333333332 0.0146484375
0 0.4677734375 0.509521484375 0.014973958333333334 0.00927734375
0 0.5260416666666666 0.57568359375 0.026041666666666668 0.01220703125
0 0.7626953125 0.416015625 0.017578125 0.0126953125
0 0.578125 0.387451171875 0.016276041666666668 0.00927734375
0 0.6360677083333334 0.407470703125 0.016276041666666668 0.0068359375
0 0.7610677083333334 0.71533203125 0.016276041666666668 0.0087890625
0 0.677734375 0.405517578125 0.014973958333333334 0.0078125
0 0.7451171875 0.589111328125 0.01171875 0.005859375
0 0.6969401041666666 0.49365234375 0.014322916666666666 0.009765625
0 0.6276041666666666 0.6240234375 0.013020833333333334 0.00732421875
0 0.849609375 0.54931640625 0.012369791666666666 0.005859375
0 0.8824869791666666 0.668212890625 0.032552083333333336 0.02880859375
0 0.8268229166666666 0.477294921875 0.018880208333333332 0.01171875
0 0.8147786458333334 0.457275390625 0.012369791666666666 0.01025390625
0 0.5677083333333334 0.48388671875 0.015625 0.00732421875
0 0.71484375 0.64599609375 0.01953125 0.02001953125
0 0.7565104166666666 0.598388671875 0.030598958333333332 0.01708984375
0 0.7421875 0.6416015625 0.02734375 0.0224609375
0 0.767578125 0.68603515625 0.010416666666666666 0.0078125
0 0.5891927083333334 0.62451171875 0.016927083333333332 0.01416015625
0 0.7307942708333334 0.719482421875 0.011067708333333334 0.00927734375
0 0.7145182291666666 0.45556640625 0.009765625 0.0078125
0 0.5055338541666666 0.38623046875 0.0234375 0.01416015625
0 0.4127604166666667 0.50927734375 0.018229166666666668 0.0126953125
0 0.4020182291666667 0.46630859375 0.009114583333333334 0.00927734375
0 0.3118489583333333 0.584228515625 0.01171875 0.0087890625
0 0.3763020833333333 0.558349609375 0.011067708333333334 0.0107421875
0 0.4632161458333333 0.637939453125 0.014322916666666666 0.0146484375
0 0.24055989583333334 0.64013671875 0.011067708333333334 0.01171875
0 0.5244140625 0.390380859375 0.01171875 0.00927734375
0 0.78125 0.572509765625 0.01171875 0.009765625
0 0.73046875 0.548828125 0.009114583333333334 0.00634765625
0 0.4186197916666667 0.63330078125 0.013671875 0.0126953125
0 0.4645182291666667 0.61474609375 0.021484375 0.01416015625
0 0.529296875 0.6572265625 0.010416666666666666 0.0068359375
0 0.13802083333333334 0.43505859375 0.010416666666666666 0.0068359375
0 0.1728515625 0.499267578125 0.014322916666666666 0.0107421875
0 0.7731119791666666 0.533447265625 0.011067708333333334 0.00830078125
0 0.4459635416666667 0.606689453125 0.009765625 0.00634765625
0 0.3128255208333333 0.403564453125 0.009114583333333334 0.00830078125
0 0.4059244791666667 0.3466796875 0.009114583333333334 0.00830078125