0 0.4703776041666667 0.538330078125 0.022135416666666668 0.0166015625
0 0.5377604166666666 0.545654296875 0.018880208333333332 0.0205078125
0 0.24479166666666666 0.516357421875 0.045572916666666664 0.03466796875
0 0.3479817708333333 0.641845703125 0.048828125 0.03564453125
0 0.4436848958333333 0.25927734375 0.060546875 0.04052734375
0 0.3912760416666667 0.8115234375 0.020182291666666668 0.02099609375
0 0.2991536458333333 0.4296875 0.05078125 0.0390625
0 0.4554036458333333 0.406494140625 0.042317708333333336 0.03857421875
0 0.3170572916666667 0.19140625 0.016927083333333332 0.01513671875
0 0.6653645833333334 0.539306640625 0.01953125 0.01708984375
0 0.4654947916666667 0.469970703125 0.051432291666666664 0.03564453125
0 0.3001302083333333 0.386962890625 0.047526041666666664 0.03271484375
0 0.3408203125 0.553466796875 0.051432291666666664 0.04833984375
0 0.4606119791666667 0.963134765625 0.014973958333333334 0.01953125
0 0.4020182291666667 0.626220703125 0.029947916666666668 0.02392578125
0 0.5218098958333334 0.510986328125 0.024739583333333332 0.02099609375
0 0.283203125 0.5869140625 0.048177083333333336 0.03515625
0 0.58984375 0.4931640625 0.0390625 0.0283203125
0 0.5006510416666666 0.394287109375 0.024088541666666668 0.01953125
0 0.3111979166666667 0.845703125 0.027994791666666668 0.02294921875
0 0.490234375 0.693115234375 0.024739583333333332 0.02197265625
0 0.3743489583333333 0.95263671875 0.028645833333333332 0.02490234375
0 0.4973958333333333 0.8193359375 0.020182291666666668 0.0185546875
0 0.6380208333333334 0.8154296875 0.020833333333333332 0.03369140625
0 0.5149739583333334 0.745361328125 0.014322916666666666 0.0146484375
0 0.6077473958333334 0.59912109375 0.037109375 0.03271484375
0 0.6774088541666666 0.488525390625 0.020182291666666668 0.01708984375
0 0.431640625 0.757568359375 0.044921875 0.0419921875
0 0.3714192708333333 0.2080078125 0.020182291666666668 0.01806640625
0 0.650390625 0.40478515625 0.02734375 0.0244140625
0 0.3756510416666667 0.74169921875 0.018880208333333332 0.0126953125
0 0.578125 0.310791015625 0.016276041666666668 0.01513671875
0 0.3141276041666667 0.472900390625 0.020182291666666668 0.0185546875
0 0.6360677083333334 0.455322265625 0.020182291666666668 0.01953125
0 0.4850260416666667 0.62451171875 0.015625 0.017578125
0 0.4251302083333333 0.498291015625 0.033854166666666664 0.03662109375
0 0.662109375 0.85205078125 0.015625 0.0185546875
0 0.4348958333333333 0.543701171875 0.014322916666666666 0.01416015625
0 0.6927083333333334 0.447998046875 0.018229166666666668 0.013671875
0 0.5205078125 0.6650390625 0.022786458333333332 0.0205078125
0 0.6119791666666666 0.89111328125 0.021484375 0.01953125
0 0.5123697916666666 0.620849609375 0.014973958333333334 0.01318359375
0 0.2659505208333333 0.74609375 0.041666666666666664 0.02978515625
0 0.6624348958333334 0.604736328125 0.022786458333333332 0.01953125
0 0.3590494791666667 0.4580078125 0.016927083333333332 0.01708984375
0 0.6884765625 0.891845703125 0.017578125 0.01708984375
0 0.2900390625 0.502197265625 0.018229166666666668 0.01220703125
0 0.4677734375 0.641357421875 0.018880208333333332 0.01416015625
0 0.4358723958333333 0.805419921875 0.029947916666666668 0.03271484375
0 0.22395833333333334 0.267578125 0.02734375 0.01953125
0 0.5328776041666666 0.60498046875 0.017578125 0.01171875
0 0.2952473958333333 0.483642578125 0.018880208333333332 0.01806640625
0 0.197265625 0.9443359375 0.024739583333333332 0.01904296875
0 0.2314453125 0.6806640625 0.011067708333333334 0.01123046875
0 0.57421875 0.519287109375 0.015625 0.01953125
0 0.6077473958333334 0.404052734375 0.024088541666666668 0.0185546875
0 0.5771484375 0.94287109375 0.024088541666666668 0.0166015625
0 0.4964192708333333 0.656982421875 0.024739583333333332 0.0205078125
0 0.20768229166666666 0.221435546875 0.016927083333333332 0.0126953125
0 0.4697265625 0.566162109375 0.015625 0.013671875
0 0.5875651041666666 0.43310546875 0.018229166666666668 0.01416015625
0 0.7132161458333334 0.73095703125 0.016927083333333332 0.01123046875
0 0.19303385416666666 0.740478515625 0.01953125 0.02001953125
0 0.6673177083333334 0.323486328125 0.018880208333333332 0.01708984375
0 0.658203125 0.383056640625 0.014973958333333334 0.01611328125
0 0.2630208333333333 0.235107421875 0.022135416666666668 0.0185546875
0 0.474609375 0.74951171875 0.016927083333333332 0.01611328125
0 0.5589192708333334 0.954833984375 0.013671875 0.013671875
0 0.3951822916666667 0.427734375 0.020182291666666668 0.01611328125
0 0.22688802083333334 0.57666015625 0.016276041666666668 0.01513671875
0 0.4166666666666667 0.374755859375 0.01953125 0.01708984375
0 0.5319010416666666 0.64501953125 0.024739583333333332 0.02392578125
0 0.22981770833333334 0.6279296875 0.037109375 0.0244140625
0 0.5185546875 0.57177734375 0.018229166666666668 0.0205078125
0 0.5559895833333334 0.932373046875 0.013671875 0.01171875
0 0.5911458333333334 0.926513671875 0.01953125 0.02587890625
0 0.3095703125 0.35498046875 0.022786458333333332 0.01513671875
0 0.6630859375 0.56298828125 0.026692708333333332 0.01953125
0 0.5481770833333334 0.3486328125 0.0234375 0.021484375
0 0.3277994791666667 0.69677734375 0.01953125 0.01708984375
0 0.5638020833333334 0.46484375 0.010416666666666666 0.013671875
0 0.6555989583333334 0.4521484375 0.017578125 0.013671875
0 0.3746744791666667 0.666015625 0.016276041666666668 0.01806640625
0 0.2138671875 0.540771484375 0.013020833333333334 0.0234375
0 0.2565104166666667 0.20166015625 0.014322916666666666 0.009765625
0 0.2727864583333333 0.906494140625 0.017578125 0.01513671875
0 0.5234375 0.703369140625 0.03125 0.02099609375
0 0.666015625 0.437744140625 0.024739583333333332 0.017578125
0 0.314453125 0.92919921875 0.020182291666666668 0.01953125
0 0.6305338541666666 0.70849609375 0.016276041666666668 0.01513671875
0 0.2854817708333333 0.275634765625 0.014973958333333334 0.0126953125
0 0.18001302083333334 0.699951171875 0.016276041666666668 0.01513671875
0 0.2711588541666667 0.710205078125 0.0234375 0.01708984375
0 0.4733072916666667 0.43310546875 0.009765625 0.01318359375
0 0.2998046875 0.76171875 0.018880208333333332 0.01416015625
0 0.23795572916666666 0.830322265625 0.021484375 0.01513671875
0 0.6878255208333334 0.794921875 0.014973958333333334 0.0146484375
0 0.5712890625 0.899169921875 0.009765625 0.01171875
0 0.21028645833333334 0.925048828125 0.022135416666666668 0.01806640625
0 0.6158854166666666 0.92919921875 0.025390625 0.02587890625
0 0.654296875 0.90283203125 0.033854166666666664 0.0185546875
0 0.5169270833333334 0.861572265625 0.017578125 0.0224609375
0 0.6002604166666666 0.5263671875 0.018229166666666668 0.01171875
0 0.6263020833333334 0.768310546875 0.015625 0.009765625
0 0.6803385416666666 0.50537109375 0.014973958333333334 0.01171875
0 0.6468098958333334 0.644287109375 0.017578125 0.01513671875
0 0.6162109375 0.291259765625 0.046223958333333336 0.02880859375
0 0.5029296875 0.32373046875 0.01953125 0.013671875
0 0.3636067708333333 0.42138671875 0.017578125 0.013671875
0 0.6181640625 0.51171875 0.038411458333333336 0.021484375
0 0.6451822916666666 0.530517578125 0.014322916666666666 0.015625
0 0.6357421875 0.595458984375 0.024088541666666668 0.02685546875
0 0.646484375 0.423583984375 0.024088541666666668 0.01708984375
0 0.5973307291666666 0.580078125 0.022786458333333332 0.013671875
0 0.4521484375 0.728759765625 0.036458333333333336 0.0205078125
0 0.4469401041666667 0.766845703125 0.016276041666666668 0.00927734375
0 0.6305338541666666 0.913818359375 0.025390625 0.0419921875
0 0.3147786458333333 0.674560546875 0.022135416666666668 0.0146484375
0 0.2431640625 0.471923828125 0.016927083333333332 0.0126953125
0 0.28515625 0.487060546875 0.011067708333333334 0.01416015625