0 0.453369140625 0.5354817708333334 0.02001953125 0.0234375
0 0.38427734375 0.5139973958333334 0.0234375 0.029947916666666668
0 0.62548828125 0.5618489583333334 0.05712890625 0.048177083333333336
0 0.5869140625 0.61328125 0.0234375 0.027994791666666668
0 0.54931640625 0.5517578125 0.0244140625 0.0390625
0 0.890869140625 0.3076171875 0.044921875 0.06705729166666667
0 0.69970703125 0.4153645833333333 0.0439453125 0.038411458333333336
0 0.303955078125 0.552734375 0.01953125 0.029947916666666668
0 0.958984375 0.3850911458333333 0.05224609375 0.06380208333333333
0 0.268798828125 0.662109375 0.01904296875 0.024088541666666668
0 0.63330078125 0.296875 0.0283203125 0.032552083333333336
0 0.39990234375 0.4368489583333333 0.0380859375 0.036458333333333336
0 0.394287109375 0.4847005208333333 0.01611328125 0.01953125
0 0.7998046875 0.396484375 0.02294921875 0.022786458333333332
0 0.201171875 0.6051432291666666 0.01513671875 0.015625
0 0.71484375 0.5406901041666666 0.0185546875 0.0234375
0 0.87890625 0.572265625 0.025390625 0.031901041666666664
0 0.50927734375 0.400390625 0.02880859375 0.035807291666666664
0 0.550048828125 0.4153645833333333 0.03759765625 0.044270833333333336
0 0.64501953125 0.466796875 0.041015625 0.052083333333333336
0 0.831298828125 0.4127604166666667 0.02685546875 0.029947916666666668
0 0.920654296875 0.76953125 0.02685546875 0.022786458333333332
0 0.82666015625 0.23990885416666666 0.033203125 0.044921875
0 0.8955078125 0.5211588541666666 0.021484375 0.029296875
0 0.61279296875 0.3857421875 0.0185546875 0.021484375
0 0.19482421875 0.4016927083333333 0.02197265625 0.034505208333333336
0 0.6767578125 0.3274739583333333 0.0263671875 0.03125
0 0.43115234375 0.3388671875 0.02783203125 0.03515625
0 0.31201171875 0.48828125 0.02978515625 0.029296875
0 0.912841796875 0.4723307291666667 0.03076171875 0.030598958333333332
0 0.88525390625 0.23404947916666666 0.02490234375 0.024088541666666668
0 0.713134765625 0.2809244791666667 0.02587890625 0.033854166666666664
0 0.890625 0.6243489583333334 0.0185546875 0.01953125
0 0.856689453125 0.2978515625 0.02392578125 0.022135416666666668
0 0.441650390625 0.4166666666666667 0.01513671875 0.015625
0 0.96337890625 0.7639973958333334 0.02587890625 0.030598958333333332
0 0.9560546875 0.2620442708333333 0.021484375 0.029947916666666668
0 0.314697265625 0.6741536458333334 0.017578125 0.016276041666666668
0 0.7666015625 0.34765625 0.02880859375 0.037760416666666664
0 0.77734375 0.24837239583333334 0.01318359375 0.015625
0 0.3583984375 0.5074869791666666 0.025390625 0.022786458333333332
0 0.52880859375 0.306640625 0.01904296875 0.021484375
0 0.430419921875 0.6715494791666666 0.01318359375 0.014973958333333334
0 0.977294921875 0.2513020833333333 0.025390625 0.034505208333333336
0 0.665771484375 0.5472005208333334 0.01513671875 0.022135416666666668
0 0.583740234375 0.3453776041666667 0.0166015625 0.024739583333333332
0 0.84033203125 0.7386067708333334 0.0380859375 0.044270833333333336
0 0.650634765625 0.6796875 0.02685546875 0.031901041666666664
0 0.97607421875 0.6578776041666666 0.02685546875 0.04296875
0 0.39501953125 0.5885416666666666 0.0390625 0.037109375
0 0.47509765625 0.22688802083333334 0.01611328125 0.01953125
0 0.79443359375 0.28515625 0.0390625 0.04296875
0 0.4306640625 0.576171875 0.01953125 0.029296875
0 0.3994140625 0.5550130208333334 0.0146484375 0.020182291666666668
0 0.199462890625 0.25 0.01220703125 0.014322916666666666
0 0.44970703125 0.3766276041666667 0.01416015625 0.0234375
0 0.322021484375 0.4322916666666667 0.01416015625 0.022135416666666668
0 0.569091796875 0.6637369791666666 0.01171875 0.012369791666666666
0 0.2548828125 0.5764973958333334 0.0146484375 0.014973958333333334
0 0.849853515625 0.6624348958333334 0.0146484375 0.014322916666666666
0 0.700927734375 0.3518880208333333 0.03857421875 0.029296875
0 0.951904296875 0.7369791666666666 0.02734375 0.030598958333333332
0 0.9287109375 0.22265625 0.01708984375 0.017578125
0 0.983154296875 0.3180338541666667 0.0322265625 0.029296875
0 0.221435546875 0.669921875 0.01318359375 0.011067708333333334
0 0.40478515625 0.5182291666666666 0.01318359375 0.013020833333333334
0 0.41552734375 0.560546875 0.01171875 0.013020833333333334
0 0.89794921875 0.5895182291666666 0.0126953125 0.014322916666666666
0 0.857177734375 0.21940104166666666 0.015625 0.013671875
0 0.545654296875 0.2600911458333333 0.01171875 0.015625
0 0.280517578125 0.2727864583333333 0.01953125 0.022135416666666668
0 0.928955078125 0.53515625 0.01953125 0.0234375
0 0.97412109375 0.2158203125 0.0166015625 0.018880208333333332
0 0.482177734375 0.4016927083333333 0.01220703125 0.01171875
0 0.4306640625 0.4319661458333333 0.01123046875 0.013020833333333334
0 0.904296875 0.3649088541666667 0.01953125 0.032552083333333336
0 0.883056640625 0.2581380208333333 0.0146484375 0.017578125
0 0.238037109375 0.2981770833333333 0.0166015625 0.015625
0 0.9501953125 0.7034505208333334 0.02001953125 0.022786458333333332
0 0.57080078125 0.365234375 0.0146484375 0.013671875
0 0.21728515625 0.21419270833333334 0.01416015625 0.014322916666666666
0 0.95556640625 0.494140625 0.03564453125 0.038411458333333336
0 0.23779296875 0.1982421875 0.0146484375 0.013671875
0 0.836181640625 0.630859375 0.02783203125 0.03515625
0 0.853271484375 0.6002604166666666 0.01904296875 0.026692708333333332
0 0.628662109375 0.6389973958333334 0.01416015625 0.01171875
0 0.713134765625 0.5107421875 0.02783203125 0.021484375
0 0.255126953125 0.6409505208333334 0.01025390625 0.014973958333333334
0 0.904296875 0.4319661458333333 0.01513671875 0.018880208333333332
0 0.3408203125 0.2718098958333333 0.01123046875 0.014322916666666666
0 0.241455078125 0.6097005208333334 0.01171875 0.014322916666666666
0 0.570068359375 0.2874348958333333 0.01416015625 0.014322916666666666
0 0.20751953125 0.3515625 0.0126953125 0.011067708333333334
0 0.56396484375 0.24055989583333334 0.0146484375 0.015625
0 0.40869140625 0.22981770833333334 0.015625 0.013020833333333334
0 0.590576171875 0.6412760416666666 0.0166015625 0.01953125
0 0.297607421875 0.6692708333333334 0.01025390625 0.008463541666666666
0 0.32666015625 0.23763020833333334 0.01025390625 0.009114583333333334
0 0.484130859375 0.4947916666666667 0.01025390625 0.011067708333333334
0 0.85205078125 0.703125 0.01171875 0.014973958333333334
0 0.342041015625 0.400390625 0.01220703125 0.01171875
0 0.329345703125 0.4124348958333333 0.00927734375 0.015625
0 0.821533203125 0.279296875 0.009765625 0.010416666666666666
0 0.89453125 0.5511067708333334 0.01123046875 0.011067708333333334
0 0.535400390625 0.5862630208333334 0.0107421875 0.016276041666666668
0 0.79052734375 0.3440755208333333 0.01708984375 0.0234375
0 0.298095703125 0.3450520833333333 0.00927734375 0.013020833333333334
0 0.93212890625 0.6692708333333334 0.0107421875 0.011067708333333334
0 0.397216796875 0.2581380208333333 0.01171875 0.016276041666666668
0 0.631591796875 0.3414713541666667 0.009765625 0.009765625
0 0.767822265625 0.4046223958333333 0.0087890625 0.011067708333333334
0 0.240234375 0.4456380208333333 0.01806640625 0.029296875
0 0.377197265625 0.2535807291666667 0.0146484375 0.022786458333333332
0 0.426025390625 0.3684895833333333 0.0146484375 0.018880208333333332
0 0.2646484375 0.2887369791666667 0.00732421875 0.01171875
0 0.23828125 0.2841796875 0.013671875 0.011067708333333334
0 0.187744140625 0.20540364583333334 0.0078125 0.012369791666666666
0 0.260009765625 0.5198567708333334 0.0234375 0.026041666666666668
0 0.27880859375 0.6764322916666666 0.0126953125 0.015625
0 0.260009765625 0.4322916666666667 0.0078125 0.013020833333333334
0 0.391845703125 0.228515625 0.01025390625 0.014322916666666666
0 0.4404296875 0.2965494791666667 0.009765625 0.013671875
0 0.59521484375 0.25390625 0.017578125 0.02734375
0 0.59521484375 0.2718098958333333 0.01025390625 0.013020833333333334
0 0.656005859375 0.2877604166666667 0.0126953125 0.01953125
0 0.611572265625 0.40625 0.009765625 0.013671875
0 0.607666015625 0.4534505208333333 0.00927734375 0.014322916666666666
0 0.6123046875 0.4690755208333333 0.01171875 0.015625
0 0.26904296875 0.6389973958333334 0.00927734375 0.011067708333333334
0 0.92578125 0.6276041666666666 0.037109375 0.050130208333333336
0 0.787353515625 0.5696614583333334 0.03857421875 0.054036458333333336
0 0.68701171875 0.4563802083333333 0.013671875 0.014973958333333334
0 0.684814453125 0.3678385416666667 0.009765625 0.013671875
0 0.674560546875 0.3512369791666667 0.013671875 0.013671875
0 0.76708984375 0.279296875 0.01318359375 0.018229166666666668
0 0.91015625 0.3177083333333333 0.021484375 0.022786458333333332
0 0.922607421875 0.3736979166666667 0.0283203125 0.029947916666666668
0 0.675048828125 0.5751953125 0.01123046875 0.013020833333333334
0 0.62646484375 0.673828125 0.01220703125 0.018229166666666668
0 0.6083984375 0.3427734375 0.0107421875 0.013020833333333334
0 0.83935546875 0.3151041666666667 0.00927734375 0.010416666666666666
0 0.20166015625 0.4462890625 0.01171875 0.016927083333333332
0 0.315185546875 0.3411458333333333 0.01025390625 0.01171875
0 0.278076171875 0.3889973958333333 0.0205078125 0.036458333333333336
0 0.334228515625 0.5045572916666666 0.00830078125 0.011067708333333334
0 0.221435546875 0.6412760416666666 0.0068359375 0.010416666666666666
0 0.377197265625 0.5501302083333334 0.01171875 0.018229166666666668
0 0.34765625 0.4788411458333333 0.00830078125 0.01171875