0 0.498779296875 0.6640625 0.02001953125 0.022135416666666668
0 0.3974609375 0.4638671875 0.02490234375 0.033203125
0 0.906005859375 0.2421875 0.01171875 0.027994791666666668
0 0.46435546875 0.4905598958333333 0.01904296875 0.020833333333333332
0 0.447265625 0.6181640625 0.01611328125 0.025390625
0 0.427978515625 0.3600260416666667 0.01806640625 0.031901041666666664
0 0.635986328125 0.615234375 0.0205078125 0.024739583333333332
0 0.59375 0.3430989583333333 0.017578125 0.018880208333333332
0 0.39501953125 0.6204427083333334 0.0126953125 0.008463541666666666
0 0.308837890625 0.4651692708333333 0.01806640625 0.026692708333333332
0 0.625732421875 0.4749348958333333 0.0126953125 0.021484375
0 0.451416015625 0.6627604166666666 0.02001953125 0.020833333333333332
0 0.567138671875 0.5152994791666666 0.01806640625 0.020182291666666668
0 0.56640625 0.3313802083333333 0.01318359375 0.014973958333333334
0 0.5126953125 0.3255208333333333 0.02685546875 0.027994791666666668
0 0.8486328125 0.4664713541666667 0.02001953125 0.018880208333333332
0 0.8544921875 0.6943359375 0.02294921875 0.020182291666666668
0 0.23974609375 0.6282552083333334 0.0107421875 0.024088541666666668
0 0.261474609375 0.5891927083333334 0.0078125 0.018229166666666668
0 0.349609375 0.6263020833333334 0.00927734375 0.016927083333333332
0 0.723388671875 0.7034505208333334 0.01806640625 0.026041666666666668
0 0.716552734375 0.6806640625 0.01611328125 0.026041666666666668
0 0.60595703125 0.69140625 0.0107421875 0.011067708333333334
0 0.629638671875 0.7073567708333334 0.0087890625 0.01171875
0 0.2705078125 0.6422526041666666 0.00634765625 0.010416666666666666
0 0.3115234375 0.4928385416666667 0.01123046875 0.015625
0 0.206298828125 0.4384765625 0.00927734375 0.012369791666666666
0 0.281982421875 0.3665364583333333 0.01318359375 0.016927083333333332
0 0.4111328125 0.2750651041666667 0.0107421875 0.013671875
0 0.377197265625 0.3388671875 0.0107421875 0.012369791666666666
0 0.37451171875 0.3841145833333333 0.0126953125 0.02734375
0 0.338134765625 0.37890625 0.00927734375 0.006510416666666667
0 0.3408203125 0.4485677083333333 0.0166015625 0.01171875
0 0.434814453125 0.4075520833333333 0.0078125 0.013020833333333334
0 0.4248046875 0.4182942708333333 0.01123046875 0.013671875
0 0.553466796875 0.2294921875 0.01171875 0.015625
0 0.550048828125 0.2574869791666667 0.01025390625 0.01171875
0 0.528076171875 0.30859375 0.0068359375 0.008463541666666666
0 0.5859375 0.2760416666666667 0.0146484375 0.020833333333333332
0 0.57861328125 0.3056640625 0.009765625 0.01953125
0 0.63037109375 0.3333333333333333 0.00830078125 0.014322916666666666
0 0.605712890625 0.2991536458333333 0.02734375 0.029947916666666668
0 0.62890625 0.2887369791666667 0.01025390625 0.016927083333333332
0 0.7822265625 0.2724609375 0.01611328125 0.029947916666666668
0 0.782470703125 0.2962239583333333 0.01513671875 0.01953125
0 0.86767578125 0.24088541666666666 0.0107421875 0.017578125
0 0.791748046875 0.6246744791666666 0.0068359375 0.012369791666666666
0 0.756103515625 0.6949869791666666 0.021484375 0.021484375
0 0.66259765625 0.5830078125 0.01123046875 0.009114583333333334
0 0.59765625 0.5348307291666666 0.0126953125 0.013020833333333334
0 0.611328125 0.5081380208333334 0.0078125 0.006510416666666667
0 0.3828125 0.5387369791666666 0.009765625 0.013671875
0 0.36474609375 0.5149739583333334 0.0087890625 0.020182291666666668
0 0.56494140625 0.34765625 0.00439453125 0.009114583333333334
0 0.536865234375 0.4931640625 0.015625 0.028645833333333332
0 0.6552734375 0.4430338541666667 0.01220703125 0.013020833333333334