0 0.572021484375 0.3502604166666667 0.03564453125 0.054036458333333336
0 0.658203125 0.3225911458333333 0.02734375 0.032552083333333336
0 0.6123046875 0.380859375 0.01708984375 0.0234375
0 0.597900390625 0.14680989583333334 0.01904296875 0.024739583333333332
0 0.65087890625 0.22916666666666666 0.0185546875 0.0234375
0 0.4873046875 0.4869791666666667 0.0205078125 0.020833333333333332
0 0.5390625 0.6136067708333334 0.01904296875 0.020833333333333332
0 0.459228515625 0.5279947916666666 0.02099609375 0.032552083333333336
0 0.36328125 0.7008463541666666 0.01953125 0.032552083333333336
0 0.36181640625 0.7486979166666666 0.0263671875 0.028645833333333332
0 0.468994140625 0.6751302083333334 0.0166015625 0.027994791666666668
0 0.422119140625 0.6751302083333334 0.0205078125 0.024739583333333332
0 0.467529296875 0.8079427083333334 0.02099609375 0.018880208333333332
0 0.612548828125 0.51953125 0.0146484375 0.024088541666666668
0 0.51611328125 0.7545572916666666 0.01806640625 0.018880208333333332
0 0.6337890625 0.3037109375 0.01318359375 0.016927083333333332
0 0.435546875 0.78515625 0.0126953125 0.022786458333333332
0 0.421142578125 0.6432291666666666 0.0166015625 0.026692708333333332
0 0.498779296875 0.5423177083333334 0.01513671875 0.024088541666666668
0 0.407470703125 0.4986979166666667 0.02099609375 0.027994791666666668
0 0.44775390625 0.8255208333333334 0.021484375 0.034505208333333336
0 0.361572265625 0.5625 0.01611328125 0.018880208333333332
0 0.34814453125 0.4876302083333333 0.0107421875 0.020182291666666668
0 0.372802734375 0.3645833333333333 0.01806640625 0.025390625
0 0.549072265625 0.4456380208333333 0.01513671875 0.014973958333333334
0 0.625 0.6276041666666666 0.0107421875 0.018880208333333332
0 0.61669921875 0.2815755208333333 0.01318359375 0.018229166666666668
0 0.4609375 0.4345703125 0.01123046875 0.012369791666666666
0 0.3671875 0.9446614583333334 0.0146484375 0.024739583333333332
0 0.337890625 0.9524739583333334 0.01708984375 0.02734375
0 0.520751953125 0.978515625 0.01513671875 0.020182291666666668
0 0.6279296875 0.57421875 0.01611328125 0.016276041666666668
0 0.49462890625 0.4651692708333333 0.01220703125 0.020182291666666668
0 0.350341796875 0.720703125 0.025390625 0.01953125
0 0.38720703125 0.22591145833333334 0.015625 0.018880208333333332
0 0.345947265625 0.2646484375 0.0146484375 0.021484375
0 0.44189453125 0.9837239583333334 0.00927734375 0.016927083333333332
0 0.609375 0.7408854166666666 0.0244140625 0.041666666666666664
0 0.601806640625 0.8372395833333334 0.02587890625 0.021484375
0 0.359130859375 0.302734375 0.021484375 0.022786458333333332
0 0.439697265625 0.2906901041666667 0.02392578125 0.028645833333333332
0 0.615234375 0.9108072916666666 0.029296875 0.047526041666666664
0 0.4931640625 0.818359375 0.01416015625 0.022135416666666668
0 0.4453125 0.2682291666666667 0.01123046875 0.011067708333333334
0 0.46435546875 0.29296875 0.01123046875 0.014322916666666666
0 0.65673828125 0.6634114583333334 0.0107421875 0.013671875
0 0.4423828125 0.4970703125 0.00927734375 0.014322916666666666
0 0.571533203125 0.744140625 0.01123046875 0.010416666666666666
0 0.40380859375 0.3811848958333333 0.0107421875 0.013020833333333334
0 0.620361328125 0.8307291666666666 0.02001953125 0.028645833333333332
0 0.403076171875 0.6399739583333334 0.009765625 0.01171875
0 0.477783203125 0.19466145833333334 0.0126953125 0.021484375
0 0.404052734375 0.541015625 0.01416015625 0.020182291666666668
0 0.35107421875 0.9749348958333334 0.0166015625 0.018229166666666668
0 0.579345703125 0.9459635416666666 0.02001953125 0.046223958333333336
0 0.582763671875 0.9833984375 0.01611328125 0.033203125
0 0.65283203125 0.9456380208333334 0.017578125 0.02734375
0 0.599609375 0.9720052083333334 0.02197265625 0.015625
0 0.42041015625 0.8997395833333334 0.03076171875 0.040364583333333336
0 0.338623046875 0.9921875 0.009765625 0.013020833333333334
0 0.5595703125 0.12076822916666667 0.00732421875 0.007161458333333333
0 0.550537109375 0.13932291666666666 0.00830078125 0.013020833333333334
0 0.555908203125 0.15625 0.0078125 0.008463541666666666
0 0.458984375 0.2770182291666667 0.0126953125 0.01171875
0 0.42333984375 0.3225911458333333 0.00927734375 0.009114583333333334
0 0.416015625 0.17805989583333334 0.0205078125 0.024739583333333332
0 0.415283203125 0.15625 0.005859375 0.012369791666666666
0 0.3720703125 0.1640625 0.00634765625 0.011067708333333334
0 0.361572265625 0.15950520833333334 0.0068359375 0.012369791666666666
0 0.35302734375 0.2532552083333333 0.0087890625 0.009114583333333334
0 0.35693359375 0.359375 0.00732421875 0.007161458333333333
0 0.364013671875 0.3948567708333333 0.00732421875 0.008463541666666666
0 0.349853515625 0.4108072916666667 0.01416015625 0.017578125
0 0.374267578125 0.4436848958333333 0.00634765625 0.007161458333333333
0 0.340087890625 0.4947916666666667 0.00732421875 0.020182291666666668
0 0.364501953125 0.5257161458333334 0.00927734375 0.01171875
0 0.3408203125 0.5843098958333334 0.0078125 0.006510416666666667
0 0.3935546875 0.5520833333333334 0.0126953125 0.015625
0 0.4306640625 0.568359375 0.00830078125 0.012369791666666666
0 0.440673828125 0.5231119791666666 0.0107421875 0.008463541666666666
0 0.34375 0.6764322916666666 0.01123046875 0.01171875
0 0.3935546875 0.8229166666666666 0.01123046875 0.016927083333333332
0 0.4912109375 0.8772786458333334 0.01513671875 0.018229166666666668
0 0.512939453125 0.7796223958333334 0.0078125 0.012369791666666666
0 0.5205078125 0.86328125 0.00732421875 0.006510416666666667
0 0.546630859375 0.3753255208333333 0.0078125 0.017578125
0 0.543701171875 0.4069010416666667 0.0068359375 0.01171875
0 0.62548828125 0.482421875 0.0068359375 0.008463541666666666
0 0.520751953125 0.6419270833333334 0.0107421875 0.013671875