0 0.466064453125 0.2552083333333333 0.0361328125 0.033854166666666664
0 0.86279296875 0.3720703125 0.0322265625 0.03515625
0 0.07470703125 0.6705729166666666 0.02587890625 0.024088541666666668
0 0.0810546875 0.2757161458333333 0.02392578125 0.025390625
0 0.343505859375 0.7630208333333334 0.03515625 0.03125
0 0.1748046875 0.2216796875 0.015625 0.021484375
0 0.733642578125 0.4967447916666667 0.021484375 0.028645833333333332
0 0.10986328125 0.3427734375 0.01171875 0.013020833333333334
0 0.15283203125 0.5009765625 0.037109375 0.034505208333333336
0 0.33837890625 0.4475911458333333 0.02099609375 0.022786458333333332
0 0.301513671875 0.4661458333333333 0.01806640625 0.01953125
0 0.09716796875 0.6477864583333334 0.01953125 0.0234375
0 0.1591796875 0.2884114583333333 0.01318359375 0.016927083333333332
0 0.7685546875 0.4733072916666667 0.0244140625 0.036458333333333336
0 0.210693359375 0.7477213541666666 0.0546875 0.059244791666666664
0 0.063232421875 0.61328125 0.02978515625 0.044270833333333336
0 0.44775390625 0.8014322916666666 0.03173828125 0.029947916666666668
0 0.434326171875 0.5706380208333334 0.0244140625 0.016927083333333332
0 0.497802734375 0.3264973958333333 0.0166015625 0.021484375
0 0.557373046875 0.32421875 0.04736328125 0.045572916666666664
0 0.02978515625 0.634765625 0.015625 0.01953125
0 0.2841796875 0.3479817708333333 0.013671875 0.01953125
0 0.111572265625 0.3603515625 0.01513671875 0.015625
0 0.32666015625 0.8046875 0.01904296875 0.017578125
0 0.294189453125 0.7298177083333334 0.04248046875 0.048177083333333336
0 0.784912109375 0.2955729166666667 0.05029296875 0.05859375
0 0.632568359375 0.236328125 0.0498046875 0.052734375
0 0.666015625 0.5768229166666666 0.05322265625 0.061197916666666664
0 0.59033203125 0.7737630208333334 0.017578125 0.027994791666666668
0 0.263671875 0.6555989583333334 0.0400390625 0.059244791666666664
0 0.205810546875 0.3115234375 0.03125 0.037760416666666664
0 0.507080078125 0.7076822916666666 0.0439453125 0.04296875
0 0.88525390625 0.5989583333333334 0.04150390625 0.061197916666666664
0 0.104736328125 0.7392578125 0.041015625 0.040364583333333336
0 0.433837890625 0.2682291666666667 0.04150390625 0.055989583333333336
0 0.46630859375 0.220703125 0.046875 0.06510416666666667
0 0.32080078125 0.3821614583333333 0.013671875 0.018880208333333332
0 0.292724609375 0.23990885416666666 0.06005859375 0.07942708333333333
0 0.821533203125 0.6494140625 0.04833984375 0.046875
0 0.7158203125 0.4134114583333333 0.06201171875 0.08723958333333333
0 0.83251953125 0.5345052083333334 0.03662109375 0.052083333333333336
0 0.576171875 0.2607421875 0.08056640625 0.0859375
0 0.571044921875 0.6904296875 0.041015625 0.048177083333333336
0 0.811279296875 0.7815755208333334 0.0576171875 0.059244791666666664
0 0.602783203125 0.5048828125 0.05126953125 0.064453125
0 0.177490234375 0.2643229166666667 0.01171875 0.013020833333333334
0 0.1572265625 0.19791666666666666 0.01708984375 0.013671875
0 0.63037109375 0.7705078125 0.025390625 0.027994791666666668
0 0.119140625 0.2574869791666667 0.0341796875 0.05078125
0 0.525634765625 0.6077473958333334 0.03369140625 0.052083333333333336
0 0.211669921875 0.4996744791666667 0.064453125 0.07161458333333333
0 0.522705078125 0.5615234375 0.04736328125 0.064453125
0 0.561279296875 0.20735677083333334 0.0078125 0.015625
0 0.52734375 0.21744791666666666 0.01220703125 0.022786458333333332
0 0.5361328125 0.19986979166666666 0.01708984375 0.01953125
0 0.39306640625 0.3603515625 0.048828125 0.05859375
0 0.264404296875 0.3154296875 0.0146484375 0.021484375
0 0.1669921875 0.361328125 0.01220703125 0.017578125
0 0.349365234375 0.2669270833333333 0.0146484375 0.018880208333333332
0 0.3515625 0.23502604166666666 0.01513671875 0.020182291666666668
0 0.3349609375 0.20442708333333334 0.01904296875 0.018880208333333332
0 0.278564453125 0.4147135416666667 0.013671875 0.026041666666666668
0 0.317626953125 0.4583333333333333 0.0205078125 0.024088541666666668
0 0.287109375 0.4973958333333333 0.01513671875 0.014973958333333334
0 0.267822265625 0.4856770833333333 0.0234375 0.024088541666666668
0 0.15576171875 0.544921875 0.01416015625 0.018229166666666668
0 0.044921875 0.5631510416666666 0.01708984375 0.015625
0 0.080078125 0.3404947916666667 0.01513671875 0.01953125
0 0.0625 0.7451171875 0.0439453125 0.047526041666666664
0 0.02734375 0.7291666666666666 0.0087890625 0.008463541666666666
0 0.166015625 0.7415364583333334 0.0205078125 0.014973958333333334
0 0.118408203125 0.7789713541666666 0.01513671875 0.016276041666666668
0 0.26708984375 0.7877604166666666 0.017578125 0.014322916666666666
0 0.251953125 0.7786458333333334 0.01318359375 0.021484375
0 0.42626953125 0.7262369791666666 0.00830078125 0.016276041666666668
0 0.33203125 0.7171223958333334 0.0185546875 0.018880208333333332
0 0.2734375 0.7086588541666666 0.00927734375 0.012369791666666666
0 0.25634765625 0.693359375 0.01904296875 0.013020833333333334
0 0.287353515625 0.6806640625 0.0107421875 0.01171875
0 0.425048828125 0.6175130208333334 0.01416015625 0.020833333333333332
0 0.460693359375 0.662109375 0.017578125 0.011067708333333334
0 0.46728515625 0.708984375 0.0146484375 0.014322916666666666
0 0.45458984375 0.7786458333333334 0.01123046875 0.020182291666666668
0 0.513671875 0.8111979166666666 0.02734375 0.049479166666666664
0 0.61474609375 0.6868489583333334 0.046875 0.055338541666666664
0 0.613525390625 0.6018880208333334 0.01318359375 0.016276041666666668
0 0.5673828125 0.5755208333333334 0.01025390625 0.016276041666666668
0 0.763427734375 0.6090494791666666 0.04150390625 0.0546875
0 0.89013671875 0.7099609375 0.11376953125 0.09895833333333333
0 0.9013671875 0.3030598958333333 0.04248046875 0.05859375
0 0.908447265625 0.2587890625 0.046875 0.056640625
0 0.7412109375 0.24381510416666666 0.017578125 0.028645833333333332
0 0.599609375 0.322265625 0.01025390625 0.024088541666666668
0 0.65283203125 0.3395182291666667 0.0185546875 0.018880208333333332
0 0.528076171875 0.3121744791666667 0.013671875 0.021484375
0 0.370361328125 0.2451171875 0.0107421875 0.013671875
0 0.38916015625 0.2548828125 0.0126953125 0.024739583333333332
0 0.365966796875 0.7861328125 0.01416015625 0.01171875
0 0.381103515625 0.794921875 0.015625 0.009765625
0 0.135986328125 0.7705078125 0.01416015625 0.024739583333333332
0 0.112548828125 0.7978515625 0.01806640625 0.017578125
0 0.564208984375 0.4166666666666667 0.11376953125 0.08854166666666667
0 0.248291015625 0.23177083333333334 0.0126953125 0.020833333333333332
0 0.087158203125 0.4983723958333333 0.01513671875 0.035807291666666664
0 0.67431640625 0.54296875 0.01123046875 0.015625
0 0.228515625 0.24348958333333334 0.01220703125 0.020833333333333332
0 0.20947265625 0.2802734375 0.01220703125 0.020833333333333332
0 0.115966796875 0.5237630208333334 0.0126953125 0.01953125
0 0.148193359375 0.5266927083333334 0.01123046875 0.018229166666666668
0 0.18408203125 0.5589192708333334 0.01611328125 0.022786458333333332
0 0.972412109375 0.3212890625 0.01220703125 0.025390625
0 0.94970703125 0.3323567708333333 0.017578125 0.026692708333333332
0 0.845703125 0.2275390625 0.015625 0.018880208333333332
0 0.7744140625 0.21158854166666666 0.015625 0.025390625
0 0.630615234375 0.3193359375 0.01123046875 0.017578125
0 0.48291015625 0.4638671875 0.00927734375 0.016276041666666668
0 0.418701171875 0.5244140625 0.01953125 0.015625
0 0.412109375 0.4140625 0.03369140625 0.059895833333333336
0 0.443603515625 0.4300130208333333 0.04638671875 0.059244791666666664
0 0.419677734375 0.4733072916666667 0.0234375 0.055338541666666664
0 0.232666015625 0.208984375 0.01904296875 0.017578125
0 0.316650390625 0.6207682291666666 0.0107421875 0.015625
0 0.326171875 0.6682942708333334 0.0087890625 0.014322916666666666
0 0.382080078125 0.6985677083333334 0.01416015625 0.013671875
0 0.752685546875 0.564453125 0.01318359375 0.025390625
0 0.71435546875 0.51171875 0.009765625 0.014973958333333334
0 0.900634765625 0.3893229166666667 0.0146484375 0.018229166666666668
0 0.82568359375 0.3583984375 0.01708984375 0.022135416666666668
0 0.901611328125 0.22786458333333334 0.01171875 0.021484375
0 0.504150390625 0.259765625 0.01220703125 0.016276041666666668
0 0.52294921875 0.2887369791666667 0.0146484375 0.01171875
0 0.402587890625 0.21451822916666666 0.01220703125 0.01953125
0 0.38916015625 0.21516927083333334 0.0185546875 0.018229166666666668
0 0.250732421875 0.3388671875 0.01220703125 0.017578125
0 0.31640625 0.4270833333333333 0.0146484375 0.018229166666666668
0 0.35693359375 0.3844401041666667 0.00830078125 0.01171875
0 0.314453125 0.5055338541666666 0.0126953125 0.013671875
0 0.324951171875 0.5934244791666666 0.017578125 0.018880208333333332