0 0.2884114583333333 0.411865234375 0.016276041666666668 0.0126953125
0 0.54296875 0.475830078125 0.022135416666666668 0.01025390625
0 0.533203125 0.332275390625 0.024088541666666668 0.02099609375
0 0.8681640625 0.640869140625 0.030598958333333332 0.01708984375
0 0.9339192708333334 0.685791015625 0.0234375 0.01416015625
0 0.6181640625 0.325927734375 0.015625 0.013671875
0 0.3583984375 0.659423828125 0.025390625 0.01513671875
0 0.7825520833333334 0.468994140625 0.021484375 0.0107421875
0 0.62890625 0.337158203125 0.016927083333333332 0.01318359375
0 0.5963541666666666 0.390625 0.01953125 0.01123046875
0 0.6396484375 0.371826171875 0.020833333333333332 0.0126953125
0 0.8317057291666666 0.569580078125 0.020833333333333332 0.015625
0 0.87890625 0.45654296875 0.013671875 0.0166015625
0 0.9462890625 0.620361328125 0.022135416666666668 0.01025390625
0 0.904296875 0.518310546875 0.014973958333333334 0.01416015625
0 0.4869791666666667 0.330078125 0.025390625 0.0185546875