0 0.53759765625 0.337890625 0.0224609375 0.03125
0 0.628173828125 0.8424479166666666 0.02783203125 0.033854166666666664
0 0.5107421875 0.3470052083333333 0.02197265625 0.027994791666666668
0 0.891357421875 0.4661458333333333 0.017578125 0.026041666666666668
0 0.57568359375 0.3727213541666667 0.0224609375 0.020182291666666668
0 0.218017578125 0.5257161458333334 0.0283203125 0.030598958333333332
0 0.384765625 0.5703125 0.02734375 0.02734375
0 0.474853515625 0.2998046875 0.021484375 0.024088541666666668
0 0.577392578125 0.3509114583333333 0.0205078125 0.020182291666666668
0 0.88232421875 0.7623697916666666 0.0263671875 0.022135416666666668
0 0.5712890625 0.6985677083333334 0.02099609375 0.037760416666666664
0 0.886962890625 0.6119791666666666 0.02001953125 0.014973958333333334
0 0.392333984375 0.7561848958333334 0.04638671875 0.047526041666666664
0 0.728759765625 0.8274739583333334 0.037109375 0.041015625
0 0.576904296875 0.4606119791666667 0.0439453125 0.061197916666666664
0 0.89208984375 0.6748046875 0.0166015625 0.022786458333333332
0 0.044921875 0.7581380208333334 0.02099609375 0.024088541666666668
0 0.75732421875 0.3971354166666667 0.03564453125 0.039713541666666664
0 0.912841796875 0.7861328125 0.01171875 0.015625
0 0.18115234375 0.3255208333333333 0.01806640625 0.018229166666666668
0 0.08056640625 0.5322265625 0.037109375 0.037109375
0 0.491943359375 0.736328125 0.0361328125 0.041015625
0 0.23095703125 0.8248697916666666 0.0263671875 0.030598958333333332
0 0.857666015625 0.3401692708333333 0.0419921875 0.045572916666666664
0 0.963134765625 0.4892578125 0.01708984375 0.017578125
0 0.112060546875 0.3834635416666667 0.06298828125 0.08203125
0 0.689208984375 0.3961588541666667 0.029296875 0.036458333333333336
0 0.092041015625 0.4869791666666667 0.0625 0.06510416666666667
0 0.38671875 0.32421875 0.0146484375 0.016927083333333332
0 0.5751953125 0.8414713541666666 0.0107421875 0.009765625
0 0.075927734375 0.7301432291666666 0.06884765625 0.07682291666666667
0 0.412109375 0.298828125 0.0390625 0.049479166666666664
0 0.853271484375 0.7848307291666666 0.01416015625 0.01953125
0 0.832275390625 0.83984375 0.0126953125 0.014973958333333334
0 0.781982421875 0.7916666666666666 0.01416015625 0.020833333333333332
0 0.6962890625 0.8001302083333334 0.01611328125 0.016927083333333332
0 0.673095703125 0.8528645833333334 0.02392578125 0.022135416666666668
0 0.671875 0.6848958333333334 0.02197265625 0.025390625
0 0.543212890625 0.81640625 0.017578125 0.016927083333333332
0 0.5302734375 0.826171875 0.01025390625 0.013671875
0 0.419677734375 0.7561848958333334 0.01708984375 0.024739583333333332
0 0.3544921875 0.771484375 0.01953125 0.01953125
0 0.345947265625 0.7555338541666666 0.0087890625 0.016276041666666668
0 0.550537109375 0.3678385416666667 0.01123046875 0.012369791666666666
0 0.64501953125 0.3277994791666667 0.0107421875 0.012369791666666666
0 0.720703125 0.3001302083333333 0.01416015625 0.0234375
0 0.92041015625 0.5843098958333334 0.01171875 0.017578125
0 0.93408203125 0.45703125 0.009765625 0.013020833333333334
0 0.963623046875 0.3427734375 0.015625 0.028645833333333332
0 0.658935546875 0.4986979166666667 0.0234375 0.029296875
0 0.630126953125 0.5641276041666666 0.02001953125 0.022786458333333332
0 0.373046875 0.6194661458333334 0.015625 0.032552083333333336
0 0.483642578125 0.6735026041666666 0.0166015625 0.016927083333333332
0 0.253173828125 0.5319010416666666 0.015625 0.022786458333333332
0 0.35107421875 0.6051432291666666 0.0234375 0.024739583333333332
0 0.192626953125 0.6767578125 0.013671875 0.018880208333333332
0 0.42724609375 0.4733072916666667 0.01123046875 0.0234375
0 0.455322265625 0.318359375 0.0166015625 0.035807291666666664
0 0.51806640625 0.3209635416666667 0.01416015625 0.020833333333333332
0 0.723876953125 0.4440104166666667 0.02001953125 0.034505208333333336
0 0.891357421875 0.7278645833333334 0.0107421875 0.01171875
0 0.6005859375 0.6214192708333334 0.01416015625 0.015625
0 0.3076171875 0.8125 0.0244140625 0.018229166666666668
0 0.23828125 0.6936848958333334 0.013671875 0.020182291666666668
0 0.078857421875 0.5784505208333334 0.0205078125 0.017578125
0 0.067626953125 0.3723958333333333 0.01806640625 0.022135416666666668
0 0.415283203125 0.5084635416666666 0.0087890625 0.012369791666666666
0 0.49072265625 0.5400390625 0.01171875 0.018229166666666668
0 0.434326171875 0.3193359375 0.0146484375 0.020833333333333332
0 0.2841796875 0.3841145833333333 0.015625 0.02734375
0 0.151123046875 0.4720052083333333 0.0185546875 0.022786458333333332
0 0.125732421875 0.5224609375 0.01318359375 0.014973958333333334
0 0.480712890625 0.3186848958333333 0.02001953125 0.026692708333333332
0 0.948486328125 0.6936848958333334 0.02587890625 0.020833333333333332
0 0.88134765625 0.72265625 0.00830078125 0.015625
0 0.748779296875 0.4680989583333333 0.013671875 0.0234375
0 0.71142578125 0.3294270833333333 0.0078125 0.022786458333333332
0 0.341064453125 0.5514322916666666 0.013671875 0.015625