0 0.7890625 0.46142578125 0.030598958333333332 0.02490234375
0 0.515625 0.306884765625 0.03515625 0.01904296875
0 0.080078125 0.486572265625 0.025390625 0.01611328125
0 0.7376302083333334 0.35107421875 0.029947916666666668 0.0185546875
0 0.8821614583333334 0.415283203125 0.031901041666666664 0.0205078125
0 0.17220052083333334 0.398193359375 0.045572916666666664 0.02197265625
0 0.7682291666666666 0.2568359375 0.038411458333333336 0.01904296875
0 0.9423828125 0.565673828125 0.032552083333333336 0.0166015625
0 0.24251302083333334 0.355712890625 0.02734375 0.01611328125
0 0.6744791666666666 0.675537109375 0.03125 0.017578125
0 0.3190104166666667 0.4775390625 0.024088541666666668 0.01416015625
0 0.3102213541666667 0.611328125 0.038411458333333336 0.02783203125
0 0.3489583333333333 0.55029296875 0.037760416666666664 0.02294921875
0 0.9069010416666666 0.309814453125 0.022786458333333332 0.02001953125
0 0.7138671875 0.28857421875 0.027994791666666668 0.01220703125
0 0.1767578125 0.425048828125 0.037760416666666664 0.0341796875
0 0.2604166666666667 0.3818359375 0.033854166666666664 0.0224609375
0 0.7099609375 0.478759765625 0.029947916666666668 0.0234375
0 0.9280598958333334 0.63134765625 0.022786458333333332 0.01904296875
0 0.9391276041666666 0.51171875 0.020182291666666668 0.01318359375
0 0.15787760416666666 0.44482421875 0.018880208333333332 0.01806640625
0 0.6796875 0.315673828125 0.057291666666666664 0.03125
0 0.83984375 0.308349609375 0.047526041666666664 0.03369140625
0 0.9811197916666666 0.317626953125 0.025390625 0.0146484375
0 0.9720052083333334 0.53759765625 0.055989583333333336 0.037109375
0 0.5709635416666666 0.306640625 0.024739583333333332 0.0146484375
0 0.4156901041666667 0.3134765625 0.02734375 0.01611328125
0 0.15006510416666666 0.463623046875 0.0234375 0.01318359375
0 0.9459635416666666 0.229736328125 0.056640625 0.02197265625
0 0.8030598958333334 0.26513671875 0.041015625 0.0361328125
0 0.9114583333333334 0.439453125 0.061848958333333336 0.03955078125
0 0.3792317708333333 0.332763671875 0.016927083333333332 0.0107421875
0 0.6471354166666666 0.3505859375 0.01953125 0.0126953125
0 0.032552083333333336 0.611328125 0.04296875 0.0244140625
0 0.486328125 0.287353515625 0.020182291666666668 0.015625
0 0.7981770833333334 0.64013671875 0.03515625 0.017578125
0 0.5104166666666666 0.24365234375 0.059244791666666664 0.04345703125
0 0.8792317708333334 0.6640625 0.01953125 0.01123046875
0 0.21842447916666666 0.422119140625 0.029296875 0.02783203125
0 0.6979166666666666 0.63671875 0.029296875 0.01708984375
0 0.095703125 0.43896484375 0.029947916666666668 0.02197265625
0 0.09733072916666667 0.404052734375 0.021484375 0.01611328125
0 0.16145833333333334 0.645751953125 0.06966145833333333 0.0712890625
0 0.19303385416666666 0.55419921875 0.022135416666666668 0.01416015625
0 0.1787109375 0.54638671875 0.022786458333333332 0.013671875
0 0.17936197916666666 0.53515625 0.017578125 0.01318359375
0 0.17936197916666666 0.51953125 0.022786458333333332 0.01611328125
0 0.162109375 0.538330078125 0.01171875 0.015625
0 0.4762369791666667 0.511474609375 0.059895833333333336 0.04931640625
0 0.607421875 0.57666015625 0.07682291666666667 0.0341796875
0 0.9267578125 0.547607421875 0.02734375 0.02197265625
0 0.9371744791666666 0.4736328125 0.025390625 0.02099609375
0 0.970703125 0.626953125 0.020182291666666668 0.01416015625
0 0.9466145833333334 0.635009765625 0.018229166666666668 0.01611328125
0 0.8876953125 0.577880859375 0.06380208333333333 0.037109375
0 0.5543619791666666 0.380126953125 0.016276041666666668 0.01318359375
0 0.5185546875 0.319091796875 0.027994791666666668 0.01513671875
0 0.5169270833333334 0.329833984375 0.020182291666666668 0.01416015625
0 0.4117838541666667 0.487548828125 0.017578125 0.02197265625
0 0.390625 0.41015625 0.010416666666666666 0.0166015625
0 0.4192708333333333 0.425537109375 0.025390625 0.0146484375
0 0.349609375 0.415771484375 0.028645833333333332 0.0146484375
0 0.5234375 0.579345703125 0.027994791666666668 0.01953125
0 0.1201171875 0.6005859375 0.022135416666666668 0.01904296875
0 0.1103515625 0.232666015625 0.014973958333333334 0.01123046875
0 0.5966796875 0.364990234375 0.022135416666666668 0.013671875
0 0.6181640625 0.2490234375 0.014973958333333334 0.01611328125
0 0.8720703125 0.695068359375 0.024739583333333332 0.0283203125
0 0.8942057291666666 0.689208984375 0.021484375 0.013671875
0 0.7483723958333334 0.626220703125 0.020182291666666668 0.01611328125
0 0.6162109375 0.663330078125 0.016927083333333332 0.01171875
0 0.4684244791666667 0.44580078125 0.020833333333333332 0.017578125
0 0.19661458333333334 0.6533203125 0.026041666666666668 0.01025390625
0 0.19368489583333334 0.26171875 0.016927083333333332 0.01318359375
0 0.2942708333333333 0.332275390625 0.013671875 0.01171875
0 0.427734375 0.40478515625 0.016276041666666668 0.013671875
0 0.5152994791666666 0.47607421875 0.020182291666666668 0.0146484375
0 0.5537109375 0.459228515625 0.020833333333333332 0.01708984375
0 0.5953776041666666 0.52099609375 0.017578125 0.01416015625
0 0.904296875 0.387451171875 0.0234375 0.0107421875
0 0.953125 0.246826171875 0.026692708333333332 0.01123046875
0 0.6923828125 0.6103515625 0.020182291666666668 0.0146484375
0 0.7060546875 0.666015625 0.01953125 0.009765625
0 0.7291666666666666 0.63720703125 0.029296875 0.03564453125
0 0.7265625 0.668701171875 0.0234375 0.01904296875
0 0.5530598958333334 0.592041015625 0.013020833333333334 0.01220703125
0 0.46875 0.621826171875 0.026692708333333332 0.01025390625
0 0.4348958333333333 0.5068359375 0.020833333333333332 0.015625
0 0.3229166666666667 0.624267578125 0.01953125 0.015625
0 0.3486328125 0.5341796875 0.0234375 0.009765625
0 0.2119140625 0.665283203125 0.0234375 0.01025390625
0 0.3564453125 0.63818359375 0.014973958333333334 0.01025390625
0 0.4957682291666667 0.57421875 0.016276041666666668 0.01220703125
0 0.5393880208333334 0.51220703125 0.016927083333333332 0.01123046875
0 0.3098958333333333 0.421142578125 0.014973958333333334 0.013671875
0 0.029947916666666668 0.4580078125 0.011067708333333334 0.0087890625
0 0.006510416666666667 0.6455078125 0.013020833333333334 0.0146484375
0 0.06477864583333333 0.658203125 0.030598958333333332 0.01318359375
0 0.0026041666666666665 0.318359375 0.005208333333333333 0.009765625
0 0.19303385416666666 0.234375 0.0234375 0.0146484375
0 0.20084635416666666 0.225830078125 0.022135416666666668 0.009765625
0 0.21354166666666666 0.31640625 0.021484375 0.01220703125
0 0.23014322916666666 0.2783203125 0.014322916666666666 0.01171875
0 0.3486328125 0.230224609375 0.016276041666666668 0.0185546875
0 0.3805338541666667 0.35302734375 0.020182291666666668 0.0107421875
0 0.4674479166666667 0.299072265625 0.020182291666666668 0.0107421875
0 0.5729166666666666 0.326416015625 0.027994791666666668 0.017578125
0 0.6442057291666666 0.242431640625 0.020833333333333332 0.015625
0 0.5690104166666666 0.279052734375 0.02734375 0.01513671875
0 0.7972005208333334 0.316162109375 0.027994791666666668 0.01708984375
0 0.6575520833333334 0.414794921875 0.021484375 0.01220703125
0 0.9954427083333334 0.341796875 0.009114583333333334 0.015625
0 0.8538411458333334 0.289794921875 0.024739583333333332 0.0166015625
0 0.9124348958333334 0.468017578125 0.024739583333333332 0.01611328125
0 0.9886067708333334 0.6748046875 0.022786458333333332 0.0146484375
0 0.9114583333333334 0.61474609375 0.025390625 0.01513671875
0 0.6520182291666666 0.59765625 0.025390625 0.01904296875
0 0.2470703125 0.518310546875 0.021484375 0.0185546875
0 0.14095052083333334 0.578369140625 0.013671875 0.01220703125
0 0.1923828125 0.392333984375 0.020833333333333332 0.0185546875
0 0.2877604166666667 0.500732421875 0.024088541666666668 0.01171875
0 0.7747395833333334 0.529541015625 0.022135416666666668 0.0126953125