0 0.9059244791666666 0.653076171875 0.018880208333333332 0.01806640625
0 0.9407552083333334 0.510009765625 0.03125 0.01513671875
0 0.7848307291666666 0.645263671875 0.037109375 0.02294921875
0 0.6917317708333334 0.510009765625 0.029947916666666668 0.025390625
0 0.7027994791666666 0.475830078125 0.033854166666666664 0.02392578125
0 0.7001953125 0.442626953125 0.03515625 0.021484375
0 0.54296875 0.31201171875 0.035807291666666664 0.01953125
0 0.5400390625 0.398681640625 0.037760416666666664 0.02001953125
0 0.5026041666666666 0.4453125 0.03515625 0.0224609375
0 0.5960286458333334 0.46826171875 0.022786458333333332 0.0166015625
0 0.623046875 0.468994140625 0.026692708333333332 0.0166015625
0 0.4332682291666667 0.655029296875 0.03515625 0.0322265625
0 0.3209635416666667 0.5263671875 0.044921875 0.03564453125
0 0.21354166666666666 0.474365234375 0.029296875 0.02685546875
0 0.2431640625 0.45947265625 0.031901041666666664 0.0224609375
0 0.18880208333333334 0.50830078125 0.04296875 0.03662109375
0 0.6175130208333334 0.337646484375 0.024088541666666668 0.01416015625
0 0.6373697916666666 0.40771484375 0.014322916666666666 0.00830078125
0 0.630859375 0.392333984375 0.016927083333333332 0.01025390625
0 0.7027994791666666 0.386474609375 0.020182291666666668 0.01513671875
0 0.6949869791666666 0.616455078125 0.024088541666666668 0.01318359375
0 0.7158203125 0.577392578125 0.014322916666666666 0.0185546875
0 0.4635416666666667 0.570068359375 0.016276041666666668 0.01708984375
0 0.4869791666666667 0.570068359375 0.018880208333333332 0.0185546875
0 0.4456380208333333 0.560302734375 0.018229166666666668 0.01416015625
0 0.31640625 0.68798828125 0.026041666666666668 0.02099609375
0 0.3603515625 0.69287109375 0.027994791666666668 0.0185546875
0 0.341796875 0.670166015625 0.020833333333333332 0.01318359375
0 0.359375 0.67529296875 0.018229166666666668 0.01318359375
0 0.361328125 0.65380859375 0.024088541666666668 0.01806640625
0 0.2799479166666667 0.67919921875 0.018229166666666668 0.01513671875
0 0.21712239583333334 0.599365234375 0.026041666666666668 0.01318359375
0 0.23860677083333334 0.59423828125 0.016927083333333332 0.0166015625
0 0.13020833333333334 0.490966796875 0.03515625 0.0244140625
0 0.16666666666666666 0.46728515625 0.039713541666666664 0.0244140625
0 0.13118489583333334 0.431396484375 0.016927083333333332 0.0185546875
0 0.046875 0.351806640625 0.05078125 0.03369140625
0 0.055989583333333336 0.690673828125 0.03515625 0.0322265625
0 0.0517578125 0.443115234375 0.0234375 0.0166015625
0 0.055338541666666664 0.40625 0.031901041666666664 0.02001953125
0 0.12044270833333333 0.687255859375 0.029296875 0.01806640625
0 0.1103515625 0.63037109375 0.025390625 0.02294921875
0 0.181640625 0.673828125 0.026041666666666668 0.01806640625
0 0.2565104166666667 0.329833984375 0.028645833333333332 0.0224609375
0 0.2698567708333333 0.417724609375 0.029947916666666668 0.01953125
0 0.3538411458333333 0.42919921875 0.030598958333333332 0.02001953125
0 0.814453125 0.319580078125 0.018229166666666668 0.02294921875
0 0.9140625 0.483154296875 0.016927083333333332 0.0146484375
0 0.8951822916666666 0.61376953125 0.013020833333333334 0.01123046875
0 0.8056640625 0.665771484375 0.014322916666666666 0.013671875
0 0.7425130208333334 0.62646484375 0.01953125 0.01025390625
0 0.7360026041666666 0.64599609375 0.01171875 0.009765625
0 0.7568359375 0.664794921875 0.010416666666666666 0.01318359375
0 0.744140625 0.658203125 0.013020833333333334 0.0078125
0 0.7643229166666666 0.567626953125 0.013020833333333334 0.01123046875
0 0.7890625 0.626953125 0.015625 0.00927734375
0 0.7887369791666666 0.5654296875 0.014322916666666666 0.01123046875
0 0.7838541666666666 0.509765625 0.016927083333333332 0.01025390625
0 0.7633463541666666 0.494140625 0.018229166666666668 0.009765625
0 0.7887369791666666 0.45556640625 0.0234375 0.025390625
0 0.8141276041666666 0.50537109375 0.008463541666666666 0.01416015625
0 0.8154296875 0.532958984375 0.013020833333333334 0.0078125
0 0.8499348958333334 0.47412109375 0.012369791666666666 0.009765625
0 0.8802083333333334 0.3701171875 0.015625 0.0107421875
0 0.9378255208333334 0.49560546875 0.01171875 0.01025390625
0 0.8929036458333334 0.64599609375 0.013671875 0.01025390625
0 0.7330729166666666 0.43798828125 0.014322916666666666 0.0185546875
0 0.7659505208333334 0.395751953125 0.013020833333333334 0.0146484375
0 0.6930338541666666 0.336181640625 0.015625 0.0107421875
0 0.6832682291666666 0.37353515625 0.016927083333333332 0.0166015625
0 0.5703125 0.420166015625 0.016276041666666668 0.01318359375
0 0.5231119791666666 0.420654296875 0.016276041666666668 0.01953125
0 0.5296223958333334 0.46044921875 0.016276041666666668 0.013671875
0 0.5631510416666666 0.49072265625 0.013671875 0.013671875
0 0.5162760416666666 0.581298828125 0.016276041666666668 0.0107421875
0 0.5589192708333334 0.561279296875 0.022786458333333332 0.037109375
0 0.6012369791666666 0.603515625 0.021484375 0.01318359375
0 0.6761067708333334 0.584716796875 0.012369791666666666 0.01220703125
0 0.6438802083333334 0.610595703125 0.009765625 0.015625
0 0.6533203125 0.663330078125 0.036458333333333336 0.033203125
0 0.6959635416666666 0.637451171875 0.013020833333333334 0.01025390625
0 0.6959635416666666 0.66796875 0.012369791666666666 0.009765625
0 0.720703125 0.6630859375 0.012369791666666666 0.01123046875
0 0.537109375 0.6787109375 0.01953125 0.01318359375
0 0.4729817708333333 0.65283203125 0.013020833333333334 0.0107421875
0 0.474609375 0.67041015625 0.013020833333333334 0.00830078125
0 0.4384765625 0.685546875 0.011067708333333334 0.0126953125
0 0.4573567708333333 0.695068359375 0.024088541666666668 0.0087890625
0 0.41015625 0.614501953125 0.018880208333333332 0.0146484375
0 0.3850911458333333 0.664794921875 0.01171875 0.01171875
0 0.392578125 0.58056640625 0.013671875 0.01025390625
0 0.3759765625 0.548828125 0.014973958333333334 0.00830078125
0 0.365234375 0.5380859375 0.01953125 0.0166015625
0 0.490234375 0.491455078125 0.013020833333333334 0.0087890625
0 0.5735677083333334 0.3671875 0.013020833333333334 0.0146484375
0 0.556640625 0.40869140625 0.01171875 0.0078125
0 0.5107421875 0.465087890625 0.010416666666666666 0.01416015625
0 0.3583984375 0.473876953125 0.014973958333333334 0.0166015625
0 0.2958984375 0.342529296875 0.018229166666666668 0.01806640625
0 0.240234375 0.447021484375 0.032552083333333336 0.0185546875
0 0.1796875 0.323486328125 0.021484375 0.01171875
0 0.22916666666666666 0.3505859375 0.01953125 0.009765625
0 0.14453125 0.343994140625 0.025390625 0.015625
0 0.13346354166666666 0.35009765625 0.011067708333333334 0.015625
0 0.10709635416666667 0.355224609375 0.013671875 0.017578125
0 0.12044270833333333 0.370849609375 0.014973958333333334 0.0107421875
0 0.1650390625 0.384765625 0.013020833333333334 0.01220703125
0 0.087890625 0.425048828125 0.009765625 0.009765625
0 0.0703125 0.43310546875 0.017578125 0.0126953125
0 0.023763020833333332 0.419921875 0.016927083333333332 0.0107421875
0 0.0029296875 0.510498046875 0.005859375 0.01123046875
0 0.005859375 0.458251953125 0.01171875 0.01025390625
0 0.011393229166666666 0.588134765625 0.022786458333333332 0.02294921875
0 0.005533854166666667 0.689453125 0.011067708333333334 0.0087890625
0 0.07486979166666667 0.667236328125 0.01953125 0.01806640625
0 0.06380208333333333 0.64501953125 0.013020833333333334 0.01171875
0 0.08854166666666667 0.56982421875 0.022135416666666668 0.01904296875
0 0.09375 0.541259765625 0.021484375 0.01806640625
0 0.07845052083333333 0.53759765625 0.01953125 0.0205078125
0 0.4563802083333333 0.40673828125 0.018229166666666668 0.01708984375
0 0.45703125 0.534423828125 0.014322916666666666 0.0126953125
0 0.7259114583333334 0.394775390625 0.016276041666666668 0.00927734375
0 0.2822265625 0.53515625 0.014322916666666666 0.01220703125
0 0.24153645833333334 0.530029296875 0.016276041666666668 0.01171875
0 0.142578125 0.643310546875 0.013020833333333334 0.0078125
0 0.240234375 0.651611328125 0.013671875 0.0078125
0 0.22493489583333334 0.56396484375 0.015625 0.01220703125
0 0.22786458333333334 0.60791015625 0.01171875 0.0068359375
0 0.8717447916666666 0.662841796875 0.009765625 0.00830078125
0 0.7350260416666666 0.53759765625 0.016927083333333332 0.009765625
0 0.8082682291666666 0.521728515625 0.022786458333333332 0.01416015625
0 0.7389322916666666 0.343994140625 0.015625 0.01416015625
0 0.5826822916666666 0.431396484375 0.016276041666666668 0.0146484375
0 0.4749348958333333 0.31591796875 0.015625 0.0146484375
0 0.4300130208333333 0.353271484375 0.022786458333333332 0.0185546875
0 0.4713541666666667 0.453125 0.010416666666666666 0.0087890625
0 0.4798177083333333 0.458740234375 0.011067708333333334 0.0068359375
0 0.4889322916666667 0.327880859375 0.012369791666666666 0.00830078125
0 0.2633463541666667 0.44677734375 0.013020833333333334 0.013671875
0 0.13541666666666666 0.48388671875 0.014322916666666666 0.0126953125
0 0.060872395833333336 0.517333984375 0.015625 0.01123046875
0 0.1884765625 0.64306640625 0.016276041666666668 0.015625
0 0.5198567708333334 0.515869140625 0.020833333333333332 0.01904296875
0 0.8723958333333334 0.54248046875 0.010416666666666666 0.00927734375