0 0.3479817708333333 0.299072265625 0.044270833333333336 0.03369140625
0 0.654296875 0.220458984375 0.037109375 0.03076171875
0 0.3317057291666667 0.6416015625 0.052734375 0.03515625
0 0.4694010416666667 0.11279296875 0.048828125 0.0341796875
0 0.6783854166666666 0.320556640625 0.03515625 0.02685546875
0 0.5094401041666666 0.489990234375 0.038411458333333336 0.041015625
0 0.2766927083333333 0.222900390625 0.030598958333333332 0.02783203125
0 0.6416015625 0.419189453125 0.021484375 0.0244140625
0 0.705078125 0.2509765625 0.041015625 0.03076171875
0 0.3291015625 0.1005859375 0.031901041666666664 0.03076171875
0 0.5771484375 0.262939453125 0.039713541666666664 0.0322265625
0 0.6276041666666666 0.080322265625 0.0234375 0.02099609375
0 0.4518229166666667 0.35107421875 0.04296875 0.037109375
0 0.6064453125 0.497802734375 0.025390625 0.017578125
0 0.3883463541666667 0.7822265625 0.026041666666666668 0.0244140625
0 0.2903645833333333 0.57666015625 0.037760416666666664 0.02734375
0 0.6536458333333334 0.490966796875 0.022786458333333332 0.02099609375
0 0.4091796875 0.348388671875 0.037109375 0.03662109375
0 0.404296875 0.5068359375 0.048828125 0.0361328125
0 0.2613932291666667 0.55810546875 0.027994791666666668 0.02099609375
0 0.6227213541666666 0.31298828125 0.0546875 0.0341796875
0 0.4189453125 0.652587890625 0.04296875 0.03125
0 0.3232421875 0.51806640625 0.048828125 0.03955078125
0 0.3310546875 0.79443359375 0.016276041666666668 0.01318359375
0 0.3277994791666667 0.0732421875 0.022135416666666668 0.015625
0 0.484375 0.21533203125 0.055338541666666664 0.0439453125
0 0.5934244791666666 0.70361328125 0.028645833333333332 0.02587890625
0 0.5377604166666666 0.23681640625 0.033203125 0.03466796875
0 0.3704427083333333 0.604736328125 0.018229166666666668 0.0126953125
0 0.69921875 0.176025390625 0.031901041666666664 0.0283203125
0 0.4485677083333333 0.215576171875 0.024088541666666668 0.02978515625
0 0.5719401041666666 0.33154296875 0.020833333333333332 0.01806640625
0 0.56640625 0.666259765625 0.021484375 0.01806640625
0 0.7366536458333334 0.26611328125 0.030598958333333332 0.0244140625
0 0.4798177083333333 0.51953125 0.064453125 0.03369140625
0 0.5950520833333334 0.51318359375 0.015625 0.01318359375
0 0.4905598958333333 0.406005859375 0.016276041666666668 0.01953125
0 0.4892578125 0.625 0.028645833333333332 0.02099609375
0 0.4091796875 0.558837890625 0.017578125 0.0126953125
0 0.23665364583333334 0.17529296875 0.01953125 0.01904296875
0 0.41015625 0.461181640625 0.017578125 0.01904296875
0 0.23502604166666666 0.04931640625 0.014322916666666666 0.01171875
0 0.4007161458333333 0.76171875 0.014322916666666666 0.01220703125
0 0.3707682291666667 0.11572265625 0.022786458333333332 0.0205078125
0 0.2916666666666667 0.66796875 0.03515625 0.02978515625
0 0.5081380208333334 0.113037109375 0.024739583333333332 0.0205078125
0 0.22884114583333334 0.13232421875 0.016276041666666668 0.015625
0 0.3304036458333333 0.128173828125 0.018229166666666668 0.013671875
0 0.5520833333333334 0.09326171875 0.013671875 0.0107421875
0 0.6175130208333334 0.107666015625 0.041666666666666664 0.029296875
0 0.6770833333333334 0.09130859375 0.018229166666666668 0.01416015625
0 0.6995442708333334 0.066650390625 0.022135416666666668 0.01708984375
0 0.6741536458333334 0.13037109375 0.013671875 0.0146484375
0 0.7223307291666666 0.2119140625 0.025390625 0.015625
0 0.6901041666666666 0.199951171875 0.014322916666666666 0.01025390625
0 0.4931640625 0.170654296875 0.038411458333333336 0.03076171875
0 0.5423177083333334 0.161376953125 0.035807291666666664 0.029296875
0 0.6015625 0.16015625 0.010416666666666666 0.01123046875
0 0.4625651041666667 0.18798828125 0.01953125 0.01318359375
0 0.3069661458333333 0.197265625 0.009114583333333334 0.00927734375
0 0.5133463541666666 0.248291015625 0.021484375 0.01806640625
0 0.5826822916666666 0.239013671875 0.022786458333333332 0.013671875
0 0.7259114583333334 0.4072265625 0.018880208333333332 0.01708984375
0 0.7337239583333334 0.434814453125 0.022786458333333332 0.01611328125
0 0.7301432291666666 0.458984375 0.029296875 0.02587890625
0 0.4645182291666667 0.38671875 0.018880208333333332 0.009765625
0 0.4231770833333333 0.379150390625 0.012369791666666666 0.01171875
0 0.23502604166666666 0.30322265625 0.024739583333333332 0.01806640625
0 0.2731119791666667 0.30029296875 0.017578125 0.01220703125
0 0.2568359375 0.333984375 0.010416666666666666 0.0087890625
0 0.2955729166666667 0.401611328125 0.013020833333333334 0.00732421875
0 0.2858072916666667 0.40771484375 0.014322916666666666 0.0068359375
0 0.4534505208333333 0.411865234375 0.016276041666666668 0.01318359375
0 0.4443359375 0.449462890625 0.013671875 0.009765625
0 0.3307291666666667 0.447021484375 0.014322916666666666 0.0078125
0 0.3209635416666667 0.458251953125 0.015625 0.009765625
0 0.23307291666666666 0.483154296875 0.009765625 0.01611328125
0 0.2890625 0.50390625 0.022135416666666668 0.0146484375
0 0.271484375 0.50390625 0.01171875 0.0126953125
0 0.3733723958333333 0.4951171875 0.014322916666666666 0.0146484375
0 0.4527994791666667 0.46875 0.020833333333333332 0.01318359375
0 0.4420572916666667 0.478271484375 0.014322916666666666 0.013671875
0 0.4606119791666667 0.48095703125 0.013020833333333334 0.009765625
0 0.4505208333333333 0.5478515625 0.016276041666666668 0.009765625
0 0.400390625 0.6005859375 0.018229166666666668 0.00830078125
0 0.3372395833333333 0.5927734375 0.015625 0.0068359375
0 0.3382161458333333 0.6064453125 0.015625 0.01123046875
0 0.541015625 0.516845703125 0.014973958333333334 0.01171875
0 0.5882161458333334 0.546875 0.012369791666666666 0.01220703125
0 0.6946614583333334 0.4912109375 0.015625 0.0146484375
0 0.68359375 0.50439453125 0.01171875 0.0107421875
0 0.6962890625 0.521728515625 0.012369791666666666 0.0078125
0 0.6630859375 0.557373046875 0.012369791666666666 0.0087890625
0 0.6031901041666666 0.58154296875 0.013671875 0.01171875
0 0.4453125 0.59326171875 0.010416666666666666 0.01171875
0 0.3610026041666667 0.6552734375 0.01953125 0.01513671875
0 0.2685546875 0.73046875 0.013671875 0.01806640625
0 0.24348958333333334 0.792236328125 0.014322916666666666 0.01025390625
0 0.3369140625 0.771484375 0.016927083333333332 0.0107421875
0 0.4456380208333333 0.799560546875 0.015625 0.01171875
0 0.5498046875 0.677490234375 0.012369791666666666 0.00927734375
0 0.6998697916666666 0.699462890625 0.016276041666666668 0.01416015625
0 0.4622395833333333 0.740234375 0.018229166666666668 0.01123046875
0 0.4495442708333333 0.760986328125 0.017578125 0.0126953125
0 0.26171875 0.780517578125 0.012369791666666666 0.009765625
0 0.6090494791666666 0.7734375 0.013020833333333334 0.009765625
0 0.5341796875 0.701171875 0.018880208333333332 0.01318359375
0 0.484375 0.43212890625 0.012369791666666666 0.01513671875
0 0.2490234375 0.477294921875 0.014973958333333334 0.01171875
0 0.4651692708333333 0.29150390625 0.017578125 0.01416015625
0 0.494140625 0.33642578125 0.02734375 0.02392578125
0 0.4189453125 0.329345703125 0.026692708333333332 0.015625
0 0.23828125 0.439208984375 0.009765625 0.009765625
0 0.3984375 0.42578125 0.01171875 0.01025390625
0 0.3134765625 0.463623046875 0.014322916666666666 0.0107421875
0 0.4876302083333333 0.552490234375 0.012369791666666666 0.01123046875
0 0.3899739583333333 0.5986328125 0.015625 0.0107421875
0 0.453125 0.052734375 0.020182291666666668 0.0146484375
0 0.5670572916666666 0.148193359375 0.012369791666666666 0.0126953125
0 0.6429036458333334 0.26171875 0.017578125 0.0126953125
0 0.5559895833333334 0.245849609375 0.020833333333333332 0.0146484375
0 0.6305338541666666 0.32958984375 0.013671875 0.0146484375
0 0.6634114583333334 0.3046875 0.021484375 0.01416015625
0 0.6673177083333334 0.3779296875 0.017578125 0.01220703125
0 0.607421875 0.443359375 0.013671875 0.01025390625
0 0.6588541666666666 0.65576171875 0.017578125 0.009765625
0 0.376953125 0.054931640625 0.01171875 0.0068359375
0 0.2451171875 0.25390625 0.01953125 0.0146484375
0 0.6949869791666666 0.024658203125 0.021484375 0.01025390625
0 0.6643880208333334 0.0234375 0.026041666666666668 0.01123046875