0 0.493408203125 0.572265625 0.02685546875 0.028645833333333332
0 0.482177734375 0.6800130208333334 0.03173828125 0.034505208333333336
0 0.646240234375 0.6930338541666666 0.02880859375 0.029947916666666668
0 0.2880859375 0.3831380208333333 0.0361328125 0.046223958333333336
0 0.4541015625 0.6598307291666666 0.0244140625 0.029296875
0 0.710205078125 0.6839192708333334 0.02587890625 0.037760416666666664
0 0.652099609375 0.4541015625 0.0390625 0.037109375
0 0.634765625 0.24641927083333334 0.03369140625 0.044921875
0 0.3408203125 0.23046875 0.04052734375 0.035807291666666664
0 0.345947265625 0.5618489583333334 0.017578125 0.013020833333333334
0 0.357666015625 0.3968098958333333 0.02197265625 0.0234375
0 0.444091796875 0.5784505208333334 0.0146484375 0.014322916666666666
0 0.390380859375 0.5563151041666666 0.01513671875 0.016276041666666668
0 0.786376953125 0.3111979166666667 0.015625 0.021484375
0 0.09326171875 0.4108072916666667 0.01611328125 0.016927083333333332
0 0.732666015625 0.5813802083333334 0.01708984375 0.01953125
0 0.70703125 0.24576822916666666 0.033203125 0.039713541666666664
0 0.202392578125 0.423828125 0.013671875 0.01171875
0 0.406494140625 0.4322916666666667 0.01806640625 0.013671875
0 0.62109375 0.7373046875 0.05078125 0.053385416666666664
0 0.493408203125 0.3388671875 0.033203125 0.032552083333333336
0 0.748779296875 0.6119791666666666 0.013671875 0.016276041666666668
0 0.186767578125 0.3981119791666667 0.01318359375 0.015625
0 0.636962890625 0.6009114583333334 0.01513671875 0.022135416666666668
0 0.77392578125 0.5924479166666666 0.01220703125 0.014973958333333334
0 0.306396484375 0.57421875 0.015625 0.01953125
0 0.2001953125 0.4554036458333333 0.015625 0.015625
0 0.802490234375 0.4729817708333333 0.017578125 0.017578125
0 0.09033203125 0.6878255208333334 0.01123046875 0.014322916666666666
0 0.38525390625 0.5188802083333334 0.0224609375 0.03515625
0 0.35400390625 0.7060546875 0.01611328125 0.013671875
0 0.764404296875 0.642578125 0.01416015625 0.015625
0 0.65234375 0.3330078125 0.02783203125 0.044921875
0 0.6064453125 0.6803385416666666 0.01123046875 0.016927083333333332
0 0.691650390625 0.6881510416666666 0.0166015625 0.032552083333333336
0 0.708984375 0.6533203125 0.01171875 0.014322916666666666
0 0.62939453125 0.6341145833333334 0.0166015625 0.018880208333333332
0 0.6767578125 0.6048177083333334 0.01611328125 0.016927083333333332
0 0.7783203125 0.5263671875 0.01416015625 0.017578125
0 0.694091796875 0.4645182291666667 0.021484375 0.025390625
0 0.7138671875 0.4449869791666667 0.01513671875 0.018880208333333332
0 0.724365234375 0.3434244791666667 0.01513671875 0.020182291666666668
0 0.810302734375 0.4554036458333333 0.0166015625 0.020833333333333332
0 0.79443359375 0.5647786458333334 0.0146484375 0.015625
0 0.701171875 0.5618489583333334 0.017578125 0.012369791666666666
0 0.694580078125 0.5696614583333334 0.0107421875 0.01171875
0 0.48974609375 0.4541015625 0.01904296875 0.026041666666666668
0 0.492919921875 0.6272786458333334 0.01318359375 0.014973958333333334
0 0.401123046875 0.6715494791666666 0.0107421875 0.018229166666666668
0 0.4912109375 0.708984375 0.01025390625 0.013020833333333334
0 0.397216796875 0.5126953125 0.01513671875 0.015625
0 0.539794921875 0.3092447916666667 0.0087890625 0.016927083333333332
0 0.471435546875 0.2880859375 0.01220703125 0.015625
0 0.46484375 0.24837239583333334 0.015625 0.02734375
0 0.51220703125 0.2255859375 0.0126953125 0.018229166666666668
0 0.4775390625 0.22298177083333334 0.01318359375 0.014322916666666666
0 0.76611328125 0.2939453125 0.02734375 0.033854166666666664
0 0.74853515625 0.3190104166666667 0.01171875 0.016927083333333332
0 0.734375 0.2522786458333333 0.025390625 0.03125
0 0.17333984375 0.2158203125 0.03369140625 0.020182291666666668
0 0.103271484375 0.275390625 0.0146484375 0.020833333333333332
0 0.15478515625 0.2718098958333333 0.00927734375 0.012369791666666666
0 0.269775390625 0.3785807291666667 0.00927734375 0.024739583333333332
0 0.311767578125 0.2688802083333333 0.0107421875 0.014973958333333334
0 0.3720703125 0.248046875 0.0166015625 0.020833333333333332
0 0.389892578125 0.4638671875 0.0146484375 0.014322916666666666
0 0.431884765625 0.4117838541666667 0.01416015625 0.013020833333333334
0 0.20166015625 0.4716796875 0.0205078125 0.016276041666666668
0 0.37548828125 0.6689453125 0.02099609375 0.0234375
0 0.35205078125 0.5882161458333334 0.01123046875 0.016276041666666668
0 0.46923828125 0.7063802083333334 0.01416015625 0.010416666666666666
0 0.700439453125 0.4150390625 0.013671875 0.016276041666666668
0 0.80517578125 0.2630208333333333 0.01025390625 0.013020833333333334
0 0.655517578125 0.2294921875 0.01318359375 0.01171875
0 0.669921875 0.23502604166666666 0.0107421875 0.01171875
0 0.3544921875 0.2623697916666667 0.0126953125 0.021484375
0 0.48388671875 0.529296875 0.0087890625 0.014973958333333334
0 0.57421875 0.6650390625 0.0126953125 0.014973958333333334
0 0.71337890625 0.3440755208333333 0.01171875 0.013020833333333334
0 0.51611328125 0.2555338541666667 0.0087890625 0.011067708333333334
0 0.283203125 0.21614583333333334 0.00927734375 0.010416666666666666