0 0.302978515625 0.462890625 0.03173828125 0.035807291666666664
0 0.233154296875 0.3024088541666667 0.02734375 0.026692708333333332
0 0.587158203125 0.2913411458333333 0.02587890625 0.026041666666666668
0 0.27392578125 0.3382161458333333 0.03369140625 0.037760416666666664
0 0.44091796875 0.3313802083333333 0.02392578125 0.025390625
0 0.617431640625 0.3037109375 0.01953125 0.02734375
0 0.592041015625 0.533203125 0.0205078125 0.026692708333333332
0 0.3291015625 0.3024088541666667 0.0224609375 0.024739583333333332
0 0.152587890625 0.2841796875 0.0205078125 0.035807291666666664
0 0.122802734375 0.3942057291666667 0.0205078125 0.020833333333333332
0 0.283447265625 0.4967447916666667 0.01611328125 0.018880208333333332
0 0.295166015625 0.3160807291666667 0.01904296875 0.01953125
0 0.570556640625 0.697265625 0.025390625 0.033854166666666664
0 0.675048828125 0.7470703125 0.01513671875 0.020182291666666668
0 0.171142578125 0.638671875 0.029296875 0.036458333333333336
0 0.518798828125 0.3466796875 0.013671875 0.013671875
0 0.40478515625 0.3219401041666667 0.013671875 0.014322916666666666
0 0.64794921875 0.6422526041666666 0.01611328125 0.021484375
0 0.406982421875 0.6018880208333334 0.01513671875 0.01953125
0 0.558349609375 0.5003255208333334 0.01904296875 0.035807291666666664
0 0.457275390625 0.5367838541666666 0.01611328125 0.01953125
0 0.420654296875 0.654296875 0.013671875 0.016276041666666668
0 0.6259765625 0.6399739583333334 0.02001953125 0.027994791666666668
0 0.334228515625 0.3916015625 0.0419921875 0.033854166666666664
0 0.1201171875 0.3408203125 0.0126953125 0.0234375
0 0.503173828125 0.7327473958333334 0.01318359375 0.016927083333333332
0 0.346435546875 0.4222005208333333 0.0205078125 0.024088541666666668
0 0.7626953125 0.3375651041666667 0.009765625 0.012369791666666666
0 0.312744140625 0.4111328125 0.013671875 0.0234375
0 0.07763671875 0.6744791666666666 0.01708984375 0.029947916666666668
0 0.07568359375 0.5966796875 0.02197265625 0.047526041666666664
0 0.09033203125 0.4153645833333333 0.03466796875 0.04296875
0 0.10546875 0.4274088541666667 0.01025390625 0.0234375
0 0.06689453125 0.4410807291666667 0.01513671875 0.026041666666666668
0 0.124267578125 0.28515625 0.01318359375 0.015625
0 0.187744140625 0.4466145833333333 0.0126953125 0.017578125
0 0.249755859375 0.3984375 0.0107421875 0.01171875
0 0.369873046875 0.3001302083333333 0.00634765625 0.014322916666666666
0 0.374267578125 0.2932942708333333 0.013671875 0.016927083333333332
0 0.4228515625 0.2994791666666667 0.0234375 0.018880208333333332
0 0.41162109375 0.2802734375 0.0126953125 0.016927083333333332
0 0.435546875 0.2802734375 0.00927734375 0.011067708333333334
0 0.586181640625 0.328125 0.01171875 0.012369791666666666
0 0.593505859375 0.3160807291666667 0.00830078125 0.014322916666666666
0 0.569091796875 0.3844401041666667 0.0068359375 0.020833333333333332
0 0.639404296875 0.3043619791666667 0.009765625 0.018229166666666668
0 0.65380859375 0.2903645833333333 0.0078125 0.010416666666666666
0 0.66259765625 0.3206380208333333 0.0078125 0.006510416666666667
0 0.737060546875 0.3004557291666667 0.0068359375 0.011067708333333334
0 0.66015625 0.3863932291666667 0.01416015625 0.029947916666666668
0 0.73291015625 0.4020182291666667 0.013671875 0.026692708333333332
0 0.75439453125 0.3831380208333333 0.0078125 0.013671875
0 0.738037109375 0.3763020833333333 0.00537109375 0.008463541666666666
0 0.752197265625 0.4879557291666667 0.00634765625 0.01171875
0 0.7470703125 0.4827473958333333 0.00537109375 0.009765625
0 0.744873046875 0.5289713541666666 0.0078125 0.009765625
0 0.610595703125 0.4934895833333333 0.01513671875 0.013020833333333334
0 0.549072265625 0.4296875 0.009765625 0.014973958333333334
0 0.60498046875 0.6129557291666666 0.01220703125 0.015625
0 0.6298828125 0.6643880208333334 0.0087890625 0.014322916666666666
0 0.64208984375 0.7418619791666666 0.01220703125 0.016927083333333332
0 0.663330078125 0.71484375 0.0087890625 0.01171875
0 0.618896484375 0.71875 0.0107421875 0.015625
0 0.592529296875 0.7311197916666666 0.0078125 0.011067708333333334
0 0.560302734375 0.7265625 0.017578125 0.0234375
0 0.54150390625 0.7506510416666666 0.00927734375 0.013020833333333334
0 0.478759765625 0.6888020833333334 0.00830078125 0.01171875
0 0.518310546875 0.6861979166666666 0.0078125 0.01171875
0 0.5146484375 0.6767578125 0.0107421875 0.015625
0 0.548583984375 0.6357421875 0.0068359375 0.01953125
0 0.564697265625 0.623046875 0.01025390625 0.011067708333333334
0 0.559814453125 0.5953776041666666 0.01123046875 0.014973958333333334
0 0.48681640625 0.5325520833333334 0.01220703125 0.020182291666666668
0 0.5224609375 0.5709635416666666 0.0068359375 0.009114583333333334
0 0.523193359375 0.5139973958333334 0.009765625 0.013020833333333334
0 0.49072265625 0.4703776041666667 0.013671875 0.017578125
0 0.421630859375 0.373046875 0.01806640625 0.014322916666666666
0 0.761962890625 0.6565755208333334 0.01318359375 0.032552083333333336
0 0.7529296875 0.7490234375 0.01318359375 0.018880208333333332
0 0.772216796875 0.7054036458333334 0.009765625 0.026692708333333332
0 0.373046875 0.3444010416666667 0.01611328125 0.024088541666666668
0 0.689208984375 0.3639322916666667 0.02587890625 0.032552083333333336
0 0.699462890625 0.3883463541666667 0.01513671875 0.020833333333333332
0 0.416015625 0.673828125 0.01123046875 0.018229166666666668
0 0.095458984375 0.7093098958333334 0.02783203125 0.018880208333333332
0 0.425048828125 0.5511067708333334 0.0126953125 0.01953125
0 0.53955078125 0.5009765625 0.013671875 0.01953125
0 0.6826171875 0.5882161458333334 0.01318359375 0.018880208333333332
0 0.497802734375 0.6477864583333334 0.01416015625 0.013020833333333334
0 0.342529296875 0.7203776041666666 0.0126953125 0.010416666666666666
0 0.46728515625 0.4407552083333333 0.0126953125 0.016276041666666668
0 0.179931640625 0.3753255208333333 0.0166015625 0.010416666666666666
0 0.221435546875 0.59375 0.01025390625 0.011067708333333334
0 0.104736328125 0.5221354166666666 0.0087890625 0.020833333333333332
0 0.05615234375 0.3518880208333333 0.0107421875 0.022786458333333332