0 0.3458994708994709 0.45473710317460314 0.023809523809523874 0.02256944444444442
0 0.2838955026455026 0.43204365079365076 0.020171957671957674 0.01835317460317465
0 0.6117724867724867 0.7405753968253967 0.03571428571428573 0.03323412698412698
0 0.47222222222222215 0.5416666666666666 0.04629629629629628 0.028273809523809534
0 0.23660714285714282 0.31212797619047616 0.019510582010582016 0.017609126984126977
0 0.6807208994708994 0.6938244047619048 0.027447089947089925 0.02703373015873023
0 0.2509920634920635 0.3934771825396825 0.018518518518518528 0.019593253968253954
0 0.25578703703703703 0.7808779761904762 0.028108465608465583 0.019593253968253954
0 0.39285714285714285 0.5651041666666666 0.017195767195767136 0.015128968253968145
0 0.29662698412698413 0.21515376984126983 0.03769841269841271 0.027529761904761918
0 0.3802910052910053 0.35726686507936506 0.015211640211640157 0.013144841269841279
0 0.29497354497354494 0.6499255952380952 0.022486772486772482 0.01661706349206349
0 0.21610449735449733 0.5905257936507936 0.019510582010582016 0.013392857142857206
0 0.2349537037037037 0.8322172619047619 0.026785714285714263 0.025545634920634885
0 0.44675925925925924 0.3587549603174603 0.019179894179894113 0.01661706349206349
0 0.548611111111111 0.781125992063492 0.01388888888888884 0.013144841269841168
0 0.20436507936507933 0.25334821428571425 0.023809523809523798 0.014136904761904767
0 0.2458664021164021 0.6051587301587301 0.014880952380952403 0.012400793650793718
0 0.2508267195767196 0.328125 0.013558201058201083 0.011408730158730118
0 0.2101521164021164 0.2136656746031746 0.011574074074074106 0.010664682539682557
0 0.45188492063492064 0.4339037698412698 0.020833333333333332 0.024057539682539653
0 0.23131613756613756 0.5456349206349206 0.014219576719576743 0.009920634920634885
0 0.3225859788359788 0.40947420634920634 0.013558201058201083 0.01041666666666663
0 0.33730158730158727 0.8167162698412698 0.01322751322751318 0.010912698412698374
0 0.6511243386243386 0.44481646825396826 0.02050264550264543 0.011160714285714302
0 0.44262566137566134 0.550843253968254 0.012896825396825426 0.01736111111111116
0 0.5667989417989417 0.2157738095238095 0.010582010582010545 0.009920634920634941
0 0.6798941798941799 0.2777777777777778 0.008597883597883715 0.007936507936507908
0 0.2061838624338624 0.8229166666666666 0.014219576719576743 0.013392857142857206
0 0.2002612433862434 0.36960565476190477 0.016322751322751294 0.009417162698412751
0 0.2250595238095238 0.23082589285714286 0.01380952380952379 0.009652777777777788
0 0.6266798941798941 0.41398065476190476 0.028564814814814838 0.012948908730158748
0 0.33688161375661374 0.8029017857142857 0.026474867724867696 0.014893353174603163
0 0.32690476190476186 0.2961507936507936 0.01188822751322749 0.011242559523809481
0 0.4123115079365079 0.268531746031746 0.012146164021164049 0.019188988095238058
0 0.2324503968253968 0.20156994047619048 0.011111111111111146 0.011629464285714264
0 0.49164682539682536 0.3279365079365079 0.014728835978835933 0.008526785714285667
0 0.6910185185185185 0.24595238095238092 0.01705687830687837 0.012792658730158779
0 0.638558201058201 0.28306795634920634 0.0098214285714285 0.008722718253968198
0 0.6840310846560848 0.2881398809523809 0.008617724867724755 0.009047619047619082
0 0.24838624338624338 0.5787251984126984 0.015793650793650766 0.00884424603174594