0 0.7242063492063492 0.546875 0.013888888888888987 0.015873015873015817
0 0.5289351851851851 0.9222470238095237 0.024801587301587286 0.024057539682539764
0 0.439484126984127 0.652405753968254 0.01322751322751318 0.013144841269841168
0 0.4267526455026455 0.9363839285714285 0.026785714285714263 0.02256944444444442
0 0.4819775132275132 0.7239583333333333 0.039351851851851784 0.027281746031746046
0 0.3470568783068783 0.2027529761904762 0.027447089947089925 0.017609126984126977
0 0.7351190476190476 0.5973462301587301 0.03306878306878295 0.020585317460317443
0 0.5638227513227513 0.888516865079365 0.021825396825396897 0.02157738095238093
0 0.6461640211640212 0.511656746031746 0.02513227513227519 0.012400793650793718
0 0.44411375661375657 0.8386656746031745 0.01984126984126977 0.014632936507936511
0 0.28786375661375657 0.39806547619047616 0.016865079365079378 0.014384920634920584
0 0.45469576719576715 0.1796875 0.01388888888888884 0.013640873015873023
0 0.7405753968253967 0.4361359126984127 0.027447089947089925 0.01909722222222221
0 0.31663359788359785 0.7155257936507936 0.024801587301587286 0.021825396825396748
0 0.706845238095238 0.8794642857142857 0.02215608465608465 0.027281746031746046
0 0.6400462962962963 0.41976686507936506 0.01752645502645504 0.010168650793650813
0 0.34027777777777773 0.292906746031746 0.016534391534391474 0.015376984126984072
0 0.5178571428571428 0.3777281746031746 0.023809523809523874 0.02876984126984128
0 0.28505291005291006 0.5419146825396826 0.023809523809523798 0.015376984126984183
0 0.6023478835978836 0.8854166666666666 0.02414021164021163 0.02678571428571419
0 0.7109788359788359 0.4558531746031746 0.01851851851851845 0.01388888888888884
0 0.35747354497354494 0.8653273809523809 0.02050264550264543 0.017857142857142794
0 0.4212962962962963 0.4079861111111111 0.02579365079365085 0.019345238095238138
0 0.4525462962962963 0.6202876984126984 0.014219576719576743 0.01041666666666674
0 0.2700066137566138 0.5969742063492063 0.020171957671957674 0.014880952380952328
0 0.5873015873015873 0.48127480158730157 0.03240740740740744 0.013144841269841279
0 0.47883597883597884 0.21341765873015872 0.023148148148148213 0.015128968253968256
0 0.7318121693121693 0.4110863095238095 0.020502645502645578 0.019593253968253954
0 0.41021825396825395 0.5859375 0.014880952380952403 0.010168650793650702
0 0.25033068783068785 0.5567956349206349 0.019841269841269844 0.021825396825396748
0 0.3282076719576719 0.27901785714285715 0.012235449735449766 0.012400793650793607
0 0.5122354497354497 0.39967757936507936 0.01984126984126977 0.012648809523809534
0 0.6013558201058201 0.21986607142857142 0.01620370370370372 0.011656746031746046
0 0.5715939153439153 0.833953373015873 0.014880952380952403 0.013640873015873023
0 0.5777116402116401 0.7173859126984127 0.01322751322751318 0.013640873015873023
0 0.7681878306878307 0.5861855158730158 0.017857142857142943 0.018105158730158832
0 0.3442460317460317 0.40612599206349204 0.015211640211640157 0.014136904761904767
0 0.624834656084656 0.39037698412698413 0.013558201058201083 0.013392857142857095
0 0.7470238095238094 0.7084573412698413 0.04497354497354511 0.0637400793650793
0 0.4234457671957672 0.3736359126984127 0.03736772486772481 0.03149801587301582
0 0.4036044973544974 0.3247767857142857 0.010251322751322789 0.014632936507936511
0 0.3133267195767196 0.25235615079365076 0.012896825396825426 0.009672619047619069
0 0.7266865079365079 0.8547867063492063 0.01620370370370357 0.01116071428571419
0 0.7298280423280423 0.8235367063492063 0.010582010582010545 0.015625
0 0.7652116402116401 0.3036954365079365 0.017857142857142943 0.010664682539682557
0 0.6230158730158729 0.17472718253968253 0.0145502645502645 0.011160714285714302
0 0.6681547619047619 0.8111359126984127 0.03802910052910047 0.033482142857142794
0 0.5071097883597883 0.6416170634920635 0.00958994708994713 0.007936507936507908
0 0.3594576719576719 0.5509672619047619 0.02050264550264543 0.019593253968253954
0 0.36871693121693117 0.7641369047619048 0.012566137566137522 0.009920634920634885
0 0.7630621693121693 0.3795882936507936 0.0109126984126983 0.009672619047619069
0 0.4323743386243386 0.8692956349206349 0.01554232804232806 0.009424603174603252
0 0.3449074074074074 0.7873263888888888 0.03835978835978837 0.02703373015873023
0 0.320271164021164 0.566344246031746 0.01554232804232806 0.017113095238095344
0 0.5796957671957671 0.38417658730158727 0.01322751322751318 0.015873015873015928
0 0.3465608465608465 0.6227678571428571 0.015873015873015817 0.015376984126984183
0 0.32622354497354494 0.6447172619047619 0.01554232804232806 0.012648809523809534
0 0.6412037037037036 0.7452876984126984 0.009259259259259226 0.007936507936507908
0 0.5264550264550264 0.45634920634920634 0.01388888888888884 0.011408730158730118
0 0.4239417989417989 0.17435515873015872 0.009920634920634885 0.007936507936507908
0 0.6149140211640212 0.6617063492063492 0.010912698412698449 0.009920634920634885
0 0.33515211640211634 0.35751488095238093 0.011574074074074106 0.007192460317460347
0 0.5300925925925926 0.21924603174603174 0.022486772486772555 0.01438492063492064
0 0.5360449735449735 0.4946676587301587 0.009920634920634885 0.005704365079365115
0 0.5413359788359788 0.33469742063492064 0.011904761904761862 0.010664682539682557
0 0.3771494708994709 0.5450148809523809 0.00958994708994713 0.009176587301587213
0 0.47713624338624333 0.35964781746031743 0.019947089947089935 0.013164682539682504
0 0.31137566137566136 0.4494097222222222 0.015558862433862434 0.011969246031745984
0 0.5174305555555555 0.48501736111111104 0.014361772486772542 0.013762400793650764
0 0.5040674603174603 0.542016369047619 0.013961640211640258 0.014660218253968349
0 0.6514748677248677 0.5511408730158729 0.015958994708994645 0.013762400793650764
0 0.7081249999999999 0.544109623015873 0.016755952380952326 0.016455853174603075
0 0.4139054232804233 0.19448660714285712 0.011570767195767218 0.01376240079365082
0 0.7340575396825396 0.3011532738095238 0.019150132275132254 0.015260416666666665
0 0.5557308201058201 0.24953869047619046 0.010373677248677252 0.01914930555555555
0 0.4093154761904762 0.4351984126984127 0.016755952380952326 0.009873511904761934
0 0.7346560846560846 0.46706349206349207 0.012367724867724897 0.011969246031745984
0 0.7392427248677248 0.4521031746031746 0.012767857142857034 0.011969246031745984
0 0.6215542328042327 0.7640277777777778 0.015158730158730224 0.012867063492063568
0 0.6628472222222223 0.7445808531746032 0.01635582010582004 0.018251488095238022
0 0.4982804232804232 0.7436830357142857 0.016755952380952326 0.015260416666666776
0 0.3917625661375661 0.6349206349206349 0.024735449735449794 0.010173611111111036
0 0.3945568783068783 0.5014732142857142 0.023935185185185226 0.019747023809523867
0 0.34089947089947087 0.5690947420634921 0.014761904761904828 0.011369047619047556
0 0.541167328042328 0.6681324404761904 0.01874999999999997 0.013762400793650764
0 0.7655753968253968 0.39435763888888886 0.015958994708994645 0.013762400793650764
0 0.6440972222222222 0.40318204365079363 0.0211441798941799 0.011071428571428621
0 0.588640873015873 0.17279265873015873 0.013164682539682579 0.011071428571428565
0 0.6235515873015872 0.3345138888888889 0.018349867724867686 0.011969246031745984
0 0.4143022486772486 0.3212003968253968 0.01635582010582004 0.01226686507936503
0 0.6863822751322751 0.43444940476190474 0.014761904761904828 0.007180059523809512
0 0.5022718253968254 0.8771279761904761 0.022341269841269867 0.013464781746031829