0 0.17057291666666666 0.43798828125 0.07421875 0.0400390625
0 0.6142578125 0.465576171875 0.045572916666666664 0.0322265625
0 0.4625651041666667 0.3232421875 0.046223958333333336 0.03173828125
0 0.15104166666666666 0.54931640625 0.027994791666666668 0.01611328125
0 0.6852213541666666 0.619873046875 0.032552083333333336 0.01708984375
0 0.4775390625 0.587158203125 0.034505208333333336 0.0166015625
0 0.0966796875 0.34619140625 0.029296875 0.02001953125
0 0.7893880208333334 0.496826171875 0.05078125 0.021484375
0 0.10904947916666667 0.67724609375 0.060546875 0.033203125
0 0.728515625 0.41162109375 0.041015625 0.02490234375
0 0.5345052083333334 0.450439453125 0.036458333333333336 0.029296875
0 0.2779947916666667 0.46240234375 0.035807291666666664 0.03369140625
0 0.5602213541666666 0.372802734375 0.016276041666666668 0.01318359375
0 0.18522135416666666 0.310302734375 0.020833333333333332 0.00830078125
0 0.1689453125 0.355224609375 0.022135416666666668 0.01708984375
0 0.4417317708333333 0.64013671875 0.024088541666666668 0.01318359375
0 0.60546875 0.57275390625 0.016927083333333332 0.0087890625
0 0.7431640625 0.61962890625 0.017578125 0.00927734375
0 0.8668619791666666 0.534423828125 0.027994791666666668 0.01904296875
0 0.4013671875 0.504638671875 0.022135416666666668 0.01806640625
0 0.21419270833333334 0.3134765625 0.015625 0.0126953125
0 0.13671875 0.34716796875 0.0234375 0.01025390625
0 0.05078125 0.64306640625 0.015625 0.00830078125
0 0.4052734375 0.6357421875 0.020833333333333332 0.01416015625
0 0.19075520833333334 0.548095703125 0.018880208333333332 0.0126953125
0 0.529296875 0.56591796875 0.017578125 0.0107421875
0 0.4420572916666667 0.6123046875 0.013020833333333334 0.0087890625
0 0.4944661458333333 0.5107421875 0.015625 0.01220703125
0 0.006184895833333333 0.41845703125 0.012369791666666666 0.009765625
0 0.4934895833333333 0.3095703125 0.013020833333333334 0.01025390625
0 0.3444010416666667 0.457275390625 0.020182291666666668 0.01318359375
0 0.8642578125 0.31689453125 0.013020833333333334 0.0107421875
0 0.63671875 0.648193359375 0.014322916666666666 0.01123046875
0 0.5498046875 0.524169921875 0.016927083333333332 0.0146484375
0 0.3326822916666667 0.30078125 0.0234375 0.01513671875
0 0.392578125 0.415283203125 0.016927083333333332 0.00927734375
0 0.318359375 0.34228515625 0.013671875 0.00830078125
0 0.5146484375 0.3251953125 0.034505208333333336 0.02392578125
0 0.4606119791666667 0.480224609375 0.012369791666666666 0.0068359375
0 0.6878255208333334 0.64501953125 0.017578125 0.00927734375
0 0.4235026041666667 0.42626953125 0.02734375 0.01171875
0 0.07845052083333333 0.373046875 0.022786458333333332 0.01171875
0 0.058268229166666664 0.662841796875 0.016276041666666668 0.01025390625
0 0.2421875 0.325927734375 0.015625 0.00927734375
0 0.580078125 0.6533203125 0.032552083333333336 0.01416015625
0 0.014322916666666666 0.6064453125 0.017578125 0.00830078125
0 0.880859375 0.557861328125 0.020182291666666668 0.025390625
0 0.7542317708333334 0.332275390625 0.014322916666666666 0.01025390625
0 0.3697916666666667 0.41064453125 0.015625 0.01025390625
0 0.7320963541666666 0.603271484375 0.012369791666666666 0.0107421875
0 0.07389322916666667 0.602783203125 0.018880208333333332 0.01220703125
0 0.006510416666666667 0.287109375 0.013020833333333334 0.009765625
0 0.6009114583333334 0.326416015625 0.012369791666666666 0.00830078125
0 0.6324869791666666 0.513427734375 0.03125 0.01904296875
0 0.2952473958333333 0.605224609375 0.012369791666666666 0.0107421875
0 0.1982421875 0.630126953125 0.014973958333333334 0.0068359375
0 0.3287760416666667 0.511474609375 0.013671875 0.00927734375
0 0.032877604166666664 0.373046875 0.016927083333333332 0.00830078125
0 0.5602213541666666 0.399658203125 0.014322916666666666 0.009765625
0 0.055338541666666664 0.32763671875 0.028645833333333332 0.01953125
0 0.453125 0.56787109375 0.011067708333333334 0.00830078125
0 0.0732421875 0.41845703125 0.013020833333333334 0.0107421875
0 0.8343098958333334 0.477783203125 0.016927083333333332 0.009765625
0 0.3772786458333333 0.39892578125 0.012369791666666666 0.00732421875
0 0.2861328125 0.66650390625 0.016927083333333332 0.009765625
0 0.6689453125 0.44189453125 0.012369791666666666 0.01025390625
0 0.3427734375 0.63330078125 0.011067708333333334 0.00927734375
0 0.58984375 0.30859375 0.009765625 0.0068359375
0 0.4928385416666667 0.3525390625 0.013671875 0.00830078125
0 0.380859375 0.636474609375 0.013671875 0.00732421875
0 0.9173177083333334 0.6015625 0.010416666666666666 0.0078125
0 0.8844401041666666 0.32861328125 0.015625 0.0078125
0 0.7356770833333334 0.517822265625 0.016276041666666668 0.01171875
0 0.7819010416666666 0.318603515625 0.014322916666666666 0.01416015625
0 0.32421875 0.310302734375 0.013671875 0.00927734375
0 0.265625 0.487060546875 0.049479166666666664 0.03125
0 0.08854166666666667 0.451171875 0.014322916666666666 0.009765625
0 0.045247395833333336 0.331787109375 0.016276041666666668 0.01416015625
0 0.013346354166666666 0.61572265625 0.026692708333333332 0.013671875
0 0.08821614583333333 0.67333984375 0.015625 0.009765625
0 0.361328125 0.547119140625 0.018880208333333332 0.01318359375
0 0.5563151041666666 0.497314453125 0.01171875 0.0107421875
0 0.556640625 0.473388671875 0.014973958333333334 0.01318359375
0 0.5712890625 0.644287109375 0.020182291666666668 0.0166015625
0 0.6598307291666666 0.306884765625 0.016927083333333332 0.01416015625
0 0.6705729166666666 0.336181640625 0.013671875 0.0078125
0 0.6337890625 0.3125 0.014973958333333334 0.00927734375
0 0.16861979166666666 0.397216796875 0.013020833333333334 0.009765625
0 0.21354166666666666 0.29541015625 0.011067708333333334 0.00927734375
0 0.6103515625 0.39697265625 0.012369791666666666 0.0107421875
0 0.5833333333333334 0.39501953125 0.013020833333333334 0.00732421875
0 0.4964192708333333 0.385498046875 0.011067708333333334 0.0087890625
0 0.4544270833333333 0.509521484375 0.009765625 0.01123046875
0 0.6162109375 0.630615234375 0.01171875 0.0078125
0 0.4733072916666667 0.38720703125 0.018880208333333332 0.01025390625
0 0.705078125 0.40673828125 0.012369791666666666 0.0146484375
0 0.7890625 0.426025390625 0.014973958333333334 0.01025390625