0 0.7044270833333334 0.462646484375 0.024739583333333332 0.01611328125
0 0.15885416666666666 0.381103515625 0.03515625 0.02783203125
0 0.8424479166666666 0.656982421875 0.036458333333333336 0.0185546875
0 0.34765625 0.50146484375 0.027994791666666668 0.02099609375
0 0.3258463541666667 0.408447265625 0.041666666666666664 0.0244140625
0 0.044596354166666664 0.325439453125 0.033203125 0.03271484375
0 0.012044270833333334 0.62353515625 0.024088541666666668 0.0283203125
0 0.7086588541666666 0.412841796875 0.013671875 0.01416015625
0 0.5305989583333334 0.380126953125 0.026692708333333332 0.025390625
0 0.3548177083333333 0.331787109375 0.051432291666666664 0.03564453125
0 0.12858072916666666 0.673828125 0.042317708333333336 0.03369140625
0 0.3922526041666667 0.650390625 0.040364583333333336 0.0302734375
0 0.4267578125 0.57177734375 0.037109375 0.02001953125
0 0.4134114583333333 0.62255859375 0.02734375 0.0234375
0 0.0517578125 0.6640625 0.022786458333333332 0.01611328125
0 0.06705729166666667 0.483642578125 0.039713541666666664 0.0224609375
0 0.390625 0.38916015625 0.026041666666666668 0.01806640625
0 0.6630859375 0.56103515625 0.022786458333333332 0.0126953125
0 0.740234375 0.357666015625 0.020833333333333332 0.01513671875
0 0.4065755208333333 0.44677734375 0.018229166666666668 0.01171875
0 0.24186197916666666 0.52734375 0.045572916666666664 0.025390625
0 0.3453776041666667 0.60107421875 0.020182291666666668 0.01220703125
0 0.2900390625 0.533203125 0.037109375 0.02294921875
0 0.2776692708333333 0.350341796875 0.036458333333333336 0.0234375
0 0.23111979166666666 0.455322265625 0.0234375 0.01220703125
0 0.6025390625 0.547607421875 0.020182291666666668 0.0126953125
0 0.6585286458333334 0.667236328125 0.025390625 0.0126953125
0 0.12532552083333334 0.473876953125 0.018229166666666668 0.01416015625
0 0.6897786458333334 0.5029296875 0.021484375 0.01171875
0 0.8264973958333334 0.67529296875 0.027994791666666668 0.017578125
0 0.6009114583333334 0.40576171875 0.020833333333333332 0.015625
0 0.6136067708333334 0.5283203125 0.036458333333333336 0.02294921875
0 0.15755208333333334 0.42333984375 0.0234375 0.01318359375
0 0.54296875 0.5673828125 0.017578125 0.01171875
0 0.564453125 0.51123046875 0.018880208333333332 0.00927734375
0 0.5810546875 0.410888671875 0.027994791666666668 0.02880859375
0 0.8792317708333334 0.58984375 0.014973958333333334 0.009765625
0 0.6529947916666666 0.5224609375 0.018229166666666668 0.01123046875
0 0.8505859375 0.3486328125 0.035807291666666664 0.02099609375
0 0.6295572916666666 0.4697265625 0.015625 0.01171875
0 0.287109375 0.601318359375 0.016276041666666668 0.01416015625
0 0.6943359375 0.6806640625 0.032552083333333336 0.015625
0 0.8369140625 0.628173828125 0.01953125 0.0146484375
0 0.026692708333333332 0.67431640625 0.03125 0.02197265625
0 0.09537760416666667 0.572998046875 0.060546875 0.03515625
0 0.07259114583333333 0.40673828125 0.018229166666666668 0.01025390625
0 0.0849609375 0.39013671875 0.012369791666666666 0.009765625
0 0.07389322916666667 0.359130859375 0.013020833333333334 0.009765625
0 0.08626302083333333 0.33544921875 0.029296875 0.01806640625
0 0.18001302083333334 0.66162109375 0.035807291666666664 0.0390625
0 0.22200520833333334 0.5673828125 0.060546875 0.048828125
0 0.2552083333333333 0.562744140625 0.021484375 0.017578125
0 0.3151041666666667 0.52880859375 0.014322916666666666 0.017578125
0 0.3430989583333333 0.547607421875 0.015625 0.0126953125
0 0.3723958333333333 0.53955078125 0.020833333333333332 0.02001953125
0 0.4078776041666667 0.677978515625 0.043619791666666664 0.0234375
0 0.4508463541666667 0.611328125 0.01953125 0.0126953125
0 0.4908854166666667 0.59765625 0.028645833333333332 0.02392578125
0 0.4837239583333333 0.562255859375 0.041015625 0.03076171875
0 0.5016276041666666 0.551025390625 0.0390625 0.02880859375
0 0.4645182291666667 0.48193359375 0.018229166666666668 0.013671875
0 0.4703776041666667 0.51025390625 0.021484375 0.0146484375
0 0.4345703125 0.43212890625 0.029296875 0.02197265625
0 0.4534505208333333 0.42919921875 0.018880208333333332 0.01318359375
0 0.466796875 0.4267578125 0.013020833333333334 0.013671875
0 0.4869791666666667 0.503173828125 0.016276041666666668 0.0185546875
0 0.5094401041666666 0.481689453125 0.0234375 0.0126953125
0 0.458984375 0.536865234375 0.014973958333333334 0.0126953125
0 0.5091145833333334 0.525390625 0.01953125 0.01318359375
0 0.5345052083333334 0.51220703125 0.016927083333333332 0.0107421875
0 0.5530598958333334 0.46142578125 0.013671875 0.01416015625
0 0.6617838541666666 0.532958984375 0.016927083333333332 0.01416015625
0 0.7119140625 0.435546875 0.021484375 0.01171875
0 0.7415364583333334 0.4345703125 0.026692708333333332 0.013671875
0 0.748046875 0.45361328125 0.025390625 0.0234375
0 0.7626953125 0.431884765625 0.044921875 0.02294921875
0 0.8662109375 0.46142578125 0.016927083333333332 0.01171875
0 0.8349609375 0.442138671875 0.014973958333333334 0.013671875
0 0.822265625 0.513427734375 0.03515625 0.02978515625
0 0.8515625 0.540283203125 0.022135416666666668 0.01611328125
0 0.8844401041666666 0.500244140625 0.017578125 0.0166015625
0 0.9169921875 0.44873046875 0.014322916666666666 0.01416015625
0 0.9016927083333334 0.45068359375 0.010416666666666666 0.00927734375
0 0.4482421875 0.382568359375 0.016927083333333332 0.0126953125
0 0.4755859375 0.357421875 0.024088541666666668 0.0224609375
0 0.4420572916666667 0.339599609375 0.012369791666666666 0.01318359375
0 0.4547526041666667 0.34130859375 0.013671875 0.0107421875
0 0.3307291666666667 0.349609375 0.028645833333333332 0.0107421875
0 0.33203125 0.430419921875 0.012369791666666666 0.0087890625
0 0.23014322916666666 0.484375 0.024739583333333332 0.013671875
0 0.18098958333333334 0.4892578125 0.013671875 0.01220703125
0 0.0185546875 0.644287109375 0.017578125 0.0146484375
0 0.6533203125 0.677490234375 0.016276041666666668 0.0126953125
0 0.724609375 0.645751953125 0.017578125 0.013671875
0 0.7877604166666666 0.6318359375 0.016927083333333332 0.0126953125
0 0.7177734375 0.5615234375 0.01171875 0.00830078125
0 0.23763020833333334 0.343994140625 0.011067708333333334 0.0068359375
0 0.07975260416666667 0.664794921875 0.011067708333333334 0.0107421875
0 0.5240885416666666 0.625 0.024739583333333332 0.01318359375
0 0.0439453125 0.514404296875 0.030598958333333332 0.0166015625
0 0.8518880208333334 0.61474609375 0.018229166666666668 0.01123046875
0 0.4166666666666667 0.458740234375 0.014322916666666666 0.0107421875
0 0.048828125 0.49365234375 0.015625 0.0078125
0 0.064453125 0.369140625 0.011067708333333334 0.00927734375
0 0.07584635416666667 0.6298828125 0.025390625 0.0146484375
0 0.007161458333333333 0.64404296875 0.014322916666666666 0.0126953125
0 0.3440755208333333 0.640869140625 0.017578125 0.0166015625
0 0.458984375 0.589111328125 0.021484375 0.01806640625