0 0.5600198412698413 0.4874751984126984 0.0479497354497355 0.03447420634920628
0 0.5715939153439153 0.933655753968254 0.043981481481481545 0.032490079365079305
0 0.42956349206349204 0.4756944444444444 0.042328042328042326 0.030753968253968256
0 0.48776455026455023 0.8053075396825397 0.04828042328042326 0.0401785714285714
0 0.44262566137566134 0.3937251984126984 0.04662698412698418 0.03199404761904767
0 0.445271164021164 0.17782738095238093 0.05390211640211643 0.04315476190476192
0 0.5534060846560847 0.24305555555555552 0.029431216931216902 0.025793650793650813
0 0.3318452380952381 0.17373511904761904 0.03207671957671954 0.02157738095238093
0 0.615079365079365 0.2279265873015873 0.01984126984126977 0.019345238095238082
0 0.48677248677248675 0.306547619047619 0.05952380952380946 0.04265873015873012
0 0.6536044973544973 0.2405753968253968 0.025462962962962948 0.026289682539682557
0 0.5264550264550264 0.3820684523809524 0.03968253968253969 0.03844246031746035
0 0.4333664021164021 0.287078373015873 0.0512566137566138 0.03893849206349209
0 0.7465277777777777 0.6827876984126984 0.03670634920634915 0.03472222222222232
0 0.35019841269841273 0.7242063492063492 0.03769841269841271 0.02678571428571419
0 0.4723875661375661 0.6546378968253967 0.024801587301587286 0.03149801587301582
0 0.6332671957671957 0.33742559523809523 0.05952380952380946 0.050843253968253954
0 0.7266865079365079 0.41840277777777773 0.043981481481481545 0.03373015873015872
0 0.63260582010582 0.4887152777777778 0.07804232804232807 0.06076388888888884
0 0.5715939153439153 0.7689732142857142 0.03207671957671954 0.021081349206349298
0 0.5441468253968254 0.2718253968253968 0.019510582010582016 0.01636904761904756
0 0.5755621693121693 0.2755456349206349 0.0479497354497355 0.03670634920634919
0 0.4236111111111111 0.4481646825396825 0.03902116402116403 0.028273809523809534
0 0.5701058201058201 0.6377728174603174 0.016534391534391474 0.017609126984126977
0 0.5761210317460318 0.5667385912698413 0.044371693121693166 0.039139384920634956
0 0.5849867724867724 0.39558531746031744 0.015211640211640157 0.01388888888888884
0 0.36689814814814814 0.5286458333333333 0.012896825396825426 0.012152777777777679
0 0.5282738095238094 0.45808531746031744 0.044642857142857206 0.04265873015873012
0 0.4775132275132275 0.8415178571428571 0.02579365079365085 0.022817460317460236
0 0.6898148148148148 0.16480654761904762 0.013888888888888987 0.009176587301587324
0 0.4234887566137566 0.19797123015873017 0.01861111111111106 0.018390376984126988
0 0.5310251322751323 0.21536458333333333 0.01388558201058195 0.009305555555555567
0 0.6088690476190476 0.17116071428571428 0.011815476190476145 0.005538194444444422
0 0.5357506613756613 0.35195932539682534 0.021567460317460263 0.012628968253968309
0 0.6333895502645502 0.3941691468253968 0.012999338624338552 0.010190972222222205
0 0.30029761904761904 0.6553968253968253 0.016838624338624337 0.009305555555555456
0 0.28715277777777776 0.6784399801587301 0.01831679894179894 0.012408234126984219
0 0.39468584656084654 0.6033283730158729 0.01890873015873022 0.013293650793650746
0 0.5023677248677249 0.5895907738095237 0.016246693121693134 0.01551091269841276
0 0.33412367724867725 0.8531473214285713 0.033677248677248674 0.02459325396825407
0 0.46573412698412703 0.9069866071428571 0.013293650793650821 0.01174355158730167
0 0.4099007936507936 0.8593501984126984 0.047562830687830626 0.037886904761904816
0 0.6215707671957672 0.884719742063492 0.01772486772486766 0.011078869047619122
0 0.7082771164021163 0.8462772817460317 0.012701719576719542 0.012628968253968198
0 0.7704828042328042 0.8323859126984127 0.014169973544973402 0.009603174603174613
0 0.6897949735449735 0.4128000992063492 0.019543650793650908 0.015344742063492012