0 0.4715608465608465 0.3117559523809524 0.033730158730158756 0.029265873015873023
0 0.6984126984126983 0.41666666666666663 0.029761904761904805 0.03025793650793651
0 0.6309523809523809 0.42249503968253965 0.023148148148148213 0.02356150793650791
0 0.33300264550264547 0.3689236111111111 0.025132275132275117 0.02256944444444442
0 0.6058201058201058 0.28261408730158727 0.033730158730158756 0.027529761904761862
0 0.376984126984127 0.316344246031746 0.04894179894179892 0.03546626984126988
0 0.39715608465608465 0.25235615079365076 0.022486772486772555 0.020585317460317443
0 0.4533730158730158 0.5218253968253967 0.04828042328042326 0.039682539682539764
0 0.7071759259259259 0.5348462301587301 0.03009259259259256 0.02703373015873023
0 0.2518187830687831 0.4247271825396825 0.013558201058201083 0.011656746031746046
0 0.6876653439153438 0.38330853174603174 0.025462962962963093 0.018601190476190466
0 0.35846560846560843 0.8061755952380952 0.01984126984126977 0.017113095238095344
0 0.478505291005291 0.44692460317460314 0.019179894179894113 0.02529761904761907
0 0.2564484126984127 0.27120535714285715 0.029431216931216902 0.023065476190476164
0 0.5444775132275131 0.33407738095238093 0.03009259259259256 0.023809523809523836
0 0.675595238095238 0.9425843253968254 0.03240740740740744 0.030505952380952328
0 0.6031746031746031 0.5267857142857143 0.03505291005291008 0.028273809523809534
0 0.6145833333333334 0.8531746031746031 0.0625 0.034226190476190466
0 0.6109457671957671 0.5824652777777778 0.03009259259259256 0.02852182539682535
0 0.6089616402116401 0.4497767857142857 0.03207671957671954 0.023065476190476164
0 0.525297619047619 0.20845734126984125 0.02347883597883597 0.01661706349206349
0 0.617063492063492 0.3363095238095238 0.036375661375661394 0.026289682539682557
0 0.6638558201058201 0.2805059523809524 0.03736772486772481 0.03373015873015872
0 0.6306216931216931 0.919766865079365 0.015873015873015817 0.015128968253968145
0 0.277281746031746 0.29662698412698413 0.03207671957671961 0.024801587301587324
0 0.6139219576719577 0.7473958333333333 0.03339947089947085 0.02951388888888884
0 0.6926256613756614 0.2802579365079365 0.01554232804232806 0.012896825396825351
0 0.2751322751322751 0.8361855158730158 0.011904761904761937 0.015128968253968145
0 0.35978835978835977 0.2891865079365079 0.01984126984126977 0.015873015873015817
0 0.5500992063492063 0.9441964285714285 0.014219576719576743 0.01835317460317465
0 0.24553571428571427 0.2105654761904762 0.01620370370370372 0.01438492063492064
0 0.5706018518518517 0.4837549603174603 0.012896825396825426 0.012648809523809534
0 0.24570105820105817 0.6202876984126984 0.017857142857142867 0.020337301587301626
0 0.5458002645502645 0.6019345238095237 0.03339947089947085 0.032738095238095344
0 0.23991402116402116 0.46924603174603174 0.014880952380952403 0.014384920634920584
0 0.7139550264550264 0.9011656746031745 0.02645502645502636 0.021081349206349298
0 0.7559523809523809 0.8738839285714285 0.017857142857142943 0.02256944444444442
0 0.6883267195767195 0.19506448412698413 0.019510582010582016 0.01661706349206349
0 0.5570436507936508 0.8607390873015872 0.011574074074074106 0.01116071428571419
0 0.6904761904761904 0.628968253968254 0.009259259259259226 0.012896825396825351
0 0.6334325396825397 0.9494047619047619 0.01752645502645504 0.014384920634920695
0 0.2933201058201058 0.2517361111111111 0.009920634920634885 0.01041666666666663
0 0.7301587301587301 0.8686755952380952 0.01322751322751318 0.01661706349206349
0 0.714616402116402 0.9398561507936507 0.01256613756613767 0.010664682539682557
0 0.6749338624338623 0.8204365079365079 0.015211640211640306 0.015376984126984183
0 0.35036375661375657 0.519345238095238 0.018187830687830697 0.010912698412698374
0 0.25049603174603174 0.45721726190476186 0.018187830687830697 0.013144841269841279
0 0.568994708994709 0.5330679563492063 0.022724867724867703 0.01174355158730167
0 0.7260251322751322 0.8438740079365079 0.01884920634920621 0.019593253968253954
0 0.5052910052910052 0.3550347222222222 0.01984126984126977 0.013144841269841279
0 0.6891534391534391 0.49181547619047616 0.011243386243386352 0.012896825396825351
0 0.5140542328042328 0.3368055555555555 0.02215608465608465 0.012896825396825351
0 0.49090608465608465 0.9812748015873015 0.01752645502645504 0.014136904761904656
0 0.720734126984127 0.8844246031746031 0.01752645502645489 0.012400793650793718
0 0.4561838624338624 0.9243551587301587 0.010251322751322789 0.011904761904761862
0 0.7131283068783069 0.7554563492063492 0.014880952380952253 0.010912698412698374
0 0.6838624338624338 0.2535962301587301 0.016534391534391624 0.013144841269841279
0 0.2556216931216931 0.4959077380952381 0.009259259259259226 0.009176587301587324
0 0.5907738095238094 0.8785962301587301 0.020171957671957674 0.010168650793650702
0 0.6374007936507936 0.3723958333333333 0.014880952380952403 0.007688492063492092
0 0.4931679894179894 0.19878968253968252 0.025257936507936545 0.012549603174603186
0 0.26631613756613753 0.2221155753968254 0.014837962962962989 0.007103174603174611
0 0.5882010582010582 0.24046626984126981 0.013260582010582075 0.012075892857142834
0 0.6156712962962962 0.35637896825396825 0.01831349206349205 0.012313988095238093
0 0.6088822751322751 0.4788020833333333 0.02746693121693126 0.01610119047619052
0 0.6398247354497354 0.8767385912698413 0.026207010582010543 0.018234126984127075
0 0.7047156084656084 0.6150545634920634 0.012182539682539684 0.009136904761904763
0 0.6521031746031746 0.23502480158730157 0.012007275132275138 0.006971726190476202
0 0.6034887566137566 0.23023065476190474 0.02014219576719582 0.013072916666666656
0 0.7139351851851852 0.23991071428571425 0.034768518518518476 0.04085317460317461
0 0.6040509259259259 0.3613888888888888 0.011802248677248736 0.010414186507936463