0 0.2451171875 0.51171875 0.020182291666666668 0.013671875
0 0.6461588541666666 0.4541015625 0.026692708333333332 0.02294921875
0 0.3922526041666667 0.360595703125 0.056640625 0.03955078125
0 0.5192057291666666 0.3974609375 0.016927083333333332 0.01171875
0 0.1630859375 0.437255859375 0.02734375 0.017578125
0 0.22591145833333334 0.668701171875 0.024088541666666668 0.01318359375
0 0.9016927083333334 0.419921875 0.01953125 0.0126953125
0 0.22916666666666666 0.6181640625 0.045572916666666664 0.02783203125
0 0.006510416666666667 0.62060546875 0.013020833333333334 0.041015625
0 0.43359375 0.565185546875 0.0546875 0.03564453125
0 0.8704427083333334 0.33349609375 0.015625 0.01318359375
0 0.4876302083333333 0.57470703125 0.0390625 0.0205078125
0 0.6175130208333334 0.613037109375 0.0234375 0.01123046875
0 0.291015625 0.5078125 0.0234375 0.0146484375
0 0.5784505208333334 0.37548828125 0.01953125 0.01708984375
0 0.022786458333333332 0.389892578125 0.041015625 0.02685546875
0 0.2942708333333333 0.443115234375 0.046223958333333336 0.029296875
0 0.7135416666666666 0.451171875 0.026041666666666668 0.0107421875
0 0.4518229166666667 0.402587890625 0.039713541666666664 0.0263671875
0 0.7291666666666666 0.399169921875 0.024739583333333332 0.01513671875
0 0.3098958333333333 0.660888671875 0.013020833333333334 0.0078125
0 0.8792317708333334 0.60791015625 0.014322916666666666 0.009765625
0 0.013020833333333334 0.696533203125 0.022786458333333332 0.01416015625
0 0.150390625 0.33349609375 0.012369791666666666 0.0087890625
0 0.484375 0.33837890625 0.013671875 0.009765625
0 0.3899739583333333 0.410400390625 0.015625 0.01025390625
0 0.6936848958333334 0.5654296875 0.017578125 0.013671875
0 0.171875 0.45654296875 0.02734375 0.01708984375
0 0.216796875 0.690673828125 0.018880208333333332 0.01123046875
0 0.6451822916666666 0.667236328125 0.011067708333333334 0.0068359375
0 0.3167317708333333 0.6142578125 0.040364583333333336 0.0400390625
0 0.15983072916666666 0.682373046875 0.015625 0.0107421875
0 0.09244791666666667 0.67431640625 0.013671875 0.00927734375
0 0.4254557291666667 0.50390625 0.016276041666666668 0.00732421875
0 0.008463541666666666 0.671142578125 0.014973958333333334 0.01953125
0 0.7392578125 0.350830078125 0.015625 0.0078125
0 0.533203125 0.66259765625 0.014973958333333334 0.01025390625
0 0.4501953125 0.49072265625 0.011067708333333334 0.0078125
0 0.3346354166666667 0.533447265625 0.013671875 0.009765625
0 0.232421875 0.393798828125 0.012369791666666666 0.00732421875
0 0.4944661458333333 0.617919921875 0.012369791666666666 0.00830078125
0 0.91796875 0.59619140625 0.01171875 0.01025390625
0 0.8414713541666666 0.470458984375 0.01171875 0.01123046875
0 0.8421223958333334 0.480224609375 0.009765625 0.0087890625
0 0.732421875 0.591796875 0.009765625 0.009765625
0 0.615234375 0.632568359375 0.009765625 0.01025390625
0 0.5305989583333334 0.6552734375 0.020182291666666668 0.02001953125
0 0.3736979166666667 0.672607421875 0.017578125 0.00732421875
0 0.2542317708333333 0.631591796875 0.020182291666666668 0.02734375
0 0.0013020833333333333 0.6494140625 0.0026041666666666665 0.0078125
0 0.19368489583333334 0.374755859375 0.017578125 0.009765625
0 0.1748046875 0.47314453125 0.016927083333333332 0.00927734375
0 0.3570963541666667 0.3818359375 0.041015625 0.01953125
0 0.3411458333333333 0.366455078125 0.013020833333333334 0.01171875
0 0.2887369791666667 0.3134765625 0.011067708333333334 0.005859375
0 0.4104817708333333 0.373291015625 0.009114583333333334 0.01025390625
0 0.40625 0.416259765625 0.011067708333333334 0.01025390625
0 0.4147135416666667 0.4111328125 0.010416666666666666 0.00732421875
0 0.7666015625 0.3359375 0.011067708333333334 0.00830078125
0 0.7965494791666666 0.352294921875 0.014322916666666666 0.0107421875
0 0.8850911458333334 0.614990234375 0.013020833333333334 0.00732421875
0 0.4723307291666667 0.652099609375 0.013020833333333334 0.01123046875
0 0.3323567708333333 0.461669921875 0.014973958333333334 0.01416015625