0 0.6087239583333334 0.5390625 0.043619791666666664 0.03076171875
0 0.4361979166666667 0.560546875 0.035807291666666664 0.0205078125
0 0.9615885416666666 0.52294921875 0.030598958333333332 0.01708984375
0 0.9856770833333334 0.5048828125 0.028645833333333332 0.01025390625
0 0.9853515625 0.4140625 0.022786458333333332 0.01220703125
0 0.24934895833333334 0.365234375 0.013671875 0.015625
0 0.1953125 0.379150390625 0.024739583333333332 0.01123046875
0 0.2021484375 0.359375 0.014973958333333334 0.0068359375
0 0.17545572916666666 0.35888671875 0.016927083333333332 0.01171875
0 0.8707682291666666 0.500732421875 0.022786458333333332 0.01904296875
0 0.955078125 0.498291015625 0.016927083333333332 0.01611328125
0 0.9482421875 0.582275390625 0.013671875 0.015625
0 0.9436848958333334 0.566650390625 0.016276041666666668 0.0087890625
0 0.9947916666666666 0.719482421875 0.010416666666666666 0.01025390625
0 0.8248697916666666 0.712890625 0.01171875 0.00634765625
0 0.80859375 0.7197265625 0.018229166666666668 0.0107421875
0 0.783203125 0.71728515625 0.016276041666666668 0.01123046875
0 0.361328125 0.400390625 0.01171875 0.013671875
0 0.8404947916666666 0.6865234375 0.016927083333333332 0.01416015625
0 0.9342447916666666 0.549072265625 0.016276041666666668 0.0068359375
0 0.6790364583333334 0.586181640625 0.007161458333333333 0.0087890625
0 0.5804036458333334 0.658447265625 0.01171875 0.00927734375
0 0.5579427083333334 0.656982421875 0.015625 0.00927734375
0 0.5377604166666666 0.58642578125 0.016927083333333332 0.0166015625
0 0.3232421875 0.718505859375 0.014973958333333334 0.00927734375