0 0.5706380208333334 0.801025390625 0.041666666666666664 0.033203125
0 0.5133463541666666 0.74755859375 0.0234375 0.0224609375
0 0.6455078125 0.7275390625 0.048828125 0.04833984375
0 0.6669921875 0.799072265625 0.020182291666666668 0.01318359375
0 0.7060546875 0.802978515625 0.014322916666666666 0.01123046875
0 0.6565755208333334 0.778564453125 0.015625 0.0126953125
0 0.5960286458333334 0.70263671875 0.015625 0.0166015625
0 0.6575520833333334 0.635009765625 0.029947916666666668 0.02001953125
0 0.7591145833333334 0.61279296875 0.025390625 0.009765625
0 0.5804036458333334 0.633056640625 0.043619791666666664 0.03271484375
0 0.5113932291666666 0.6201171875 0.016927083333333332 0.0146484375
0 0.33203125 0.700439453125 0.029296875 0.0234375
0 0.2649739583333333 0.733154296875 0.016927083333333332 0.013671875
0 0.2864583333333333 0.78369140625 0.035807291666666664 0.02392578125
0 0.6497395833333334 0.752197265625 0.01171875 0.01513671875
0 0.658203125 0.777099609375 0.013671875 0.0087890625
0 0.4947916666666667 0.76513671875 0.022135416666666668 0.01123046875
0 0.474609375 0.8271484375 0.014973958333333334 0.00830078125
0 0.7024739583333334 0.74609375 0.012369791666666666 0.00830078125
0 0.5494791666666666 0.57568359375 0.033203125 0.03515625
0 0.552734375 0.78466796875 0.017578125 0.01416015625
0 0.3151041666666667 0.716064453125 0.016927083333333332 0.01611328125
0 0.7223307291666666 0.7138671875 0.009765625 0.0068359375
0 0.3675130208333333 0.806396484375 0.022135416666666668 0.01904296875
0 0.5485026041666666 0.537353515625 0.018229166666666668 0.01318359375
0 0.4811197916666667 0.49755859375 0.033203125 0.02001953125
0 0.2630208333333333 0.834716796875 0.014322916666666666 0.0126953125
0 0.4908854166666667 0.803466796875 0.018880208333333332 0.0087890625
0 0.3772786458333333 0.58740234375 0.044921875 0.0234375
0 0.7477213541666666 0.543701171875 0.010416666666666666 0.00732421875
0 0.7311197916666666 0.52099609375 0.015625 0.009765625
0 0.6640625 0.514404296875 0.022135416666666668 0.01318359375
0 0.4625651041666667 0.8046875 0.009765625 0.005859375
0 0.4518229166666667 0.48046875 0.020833333333333332 0.01611328125
0 0.2740885416666667 0.427734375 0.029947916666666668 0.0205078125
0 0.5579427083333334 0.64111328125 0.015625 0.0107421875
0 0.2890625 0.757080078125 0.008463541666666666 0.0087890625
0 0.314453125 0.6875 0.014973958333333334 0.01123046875
0 0.7106119791666666 0.27392578125 0.015625 0.0126953125
0 0.7360026041666666 0.33203125 0.0234375 0.0166015625
0 0.31640625 0.255859375 0.014322916666666666 0.015625
0 0.5152994791666666 0.298828125 0.016276041666666668 0.01123046875
0 0.76953125 0.19580078125 0.012369791666666666 0.00830078125
0 0.6100260416666666 0.646240234375 0.010416666666666666 0.01123046875
0 0.4254557291666667 0.14794921875 0.013020833333333334 0.00830078125
0 0.2578125 0.576171875 0.009765625 0.0107421875
0 0.6311848958333334 0.494140625 0.010416666666666666 0.00634765625
0 0.5706380208333334 0.24169921875 0.013020833333333334 0.00927734375
0 0.5130208333333334 0.2353515625 0.014322916666666666 0.0087890625
0 0.5426432291666666 0.2685546875 0.013020833333333334 0.01611328125
0 0.765625 0.17724609375 0.016927083333333332 0.01904296875
0 0.7223307291666666 0.13623046875 0.01953125 0.0126953125
0 0.7906901041666666 0.189453125 0.011067708333333334 0.015625
0 0.5885416666666666 0.67138671875 0.0078125 0.0078125
0 0.4052734375 0.212890625 0.013671875 0.01123046875
0 0.3046875 0.40380859375 0.013671875 0.0107421875
0 0.4680989583333333 0.62158203125 0.025390625 0.01806640625
0 0.6653645833333334 0.205078125 0.011067708333333334 0.0087890625
0 0.4957682291666667 0.666015625 0.008463541666666666 0.005859375
0 0.6891276041666666 0.13623046875 0.024739583333333332 0.01416015625
0 0.6376953125 0.09375 0.01171875 0.0107421875
0 0.642578125 0.15185546875 0.020182291666666668 0.02880859375
0 0.287109375 0.13330078125 0.022786458333333332 0.01416015625
0 0.5556640625 0.3232421875 0.015625 0.00830078125
0 0.6197916666666666 0.32568359375 0.016927083333333332 0.009765625
0 0.6845703125 0.10693359375 0.034505208333333336 0.0263671875
0 0.2903645833333333 0.06787109375 0.014322916666666666 0.01220703125
0 0.7799479166666666 0.267578125 0.01953125 0.01904296875
0 0.671875 0.18994140625 0.015625 0.01708984375
0 0.7939453125 0.04736328125 0.008463541666666666 0.01025390625
0 0.2845052083333333 0.15185546875 0.0234375 0.02001953125
0 0.3694661458333333 0.6279296875 0.014322916666666666 0.01171875
0 0.6774088541666666 0.739013671875 0.009765625 0.00732421875
0 0.3642578125 0.65869140625 0.013671875 0.00927734375