0 0.4313822751322751 0.5787450396825397 0.039351851851851784 0.03149801587301582
0 0.7476851851851851 0.9069940476190476 0.04034391534391535 0.03472222222222232
0 0.3974867724867725 0.562375992063492 0.023809523809523874 0.026537698412698374
0 0.4431216931216931 0.9212549603174602 0.029761904761904805 0.024057539682539764
0 0.4854497354497354 0.3092757936507936 0.04828042328042326 0.04960317460317465
0 0.923611111111111 0.19543650793650794 0.025132275132275044 0.019345238095238082
0 0.1281415343915344 0.2554563492063492 0.03935185185185186 0.0357142857142857
0 0.45982142857142855 0.8231646825396824 0.03207671957671954 0.030753968253968145
0 0.2068452380952381 0.4646577380952381 0.03604497354497357 0.023065476190476164
0 0.32506613756613756 0.9809027777777777 0.02182539682539682 0.021329365079365115
0 0.6226851851851851 0.9346478174603174 0.037037037037037056 0.02008928571428581
0 0.6952711640211641 0.6370287698412698 0.024801587301587286 0.015128968253968145
0 0.18766534391534392 0.30865575396825395 0.09821428571428574 0.07911706349206349
0 0.7506613756613757 0.6858878968253967 0.015211640211640306 0.011656746031746046
0 0.7647156084656084 0.10689484126984126 0.01620370370370357 0.015873015873015872
0 0.059854497354497355 0.654265873015873 0.015211640211640213 0.015376984126984183
0 0.785218253968254 0.3160962301587301 0.018187830687830697 0.014632936507936511
0 0.08035714285714285 0.33283730158730157 0.020502645502645505 0.014880952380952328
0 0.7078373015873015 0.4801587301587301 0.016865079365079378 0.014880952380952328
0 0.7508267195767195 0.5174851190476191 0.018187830687830697 0.013640873015873023
0 0.9224537037037037 0.3819444444444444 0.03009259259259256 0.031746031746031744
0 0.38525132275132273 0.759796626984127 0.01984126984126977 0.014136904761904656
0 0.5634920634920635 0.3665674603174603 0.012566137566137522 0.014880952380952328
0 0.47536375661375657 0.7879464285714285 0.010251322751322789 0.01388888888888884
0 0.7033730158730158 0.9853670634920635 0.01917989417989426 0.011904761904761862
0 0.053075396825396824 0.8903769841269841 0.018849206349206355 0.012896825396825351
0 0.42856150793650793 0.2883705357142857 0.017205687830687804 0.013695436507936476
0 0.7951455026455027 0.8291617063492063 0.055830026455026584 0.045560515873015905
0 0.2171660052910053 0.5721850198412699 0.03273148148148149 0.016366567460317505
0 0.2447222222222222 0.7857589285714285 0.023809523809523798 0.02063492063492056
0 0.3706547619047618 0.8929067460317459 0.01851851851851845 0.01984126984126977
0 0.7307771164021163 0.507983630952381 0.022013888888889 0.015163690476190483
0 0.8831216931216931 0.4873859126984127 0.01417989417989407 0.015302579365079394
0 0.2325297619047619 0.3273189484126984 0.01751322751322748 0.011257440476190483
0 0.17123346560846556 0.2765525793650793 0.02223875661375659 0.016470734126984077