0 0.5795304232804233 0.8696676587301587 0.024801587301587286 0.024553571428571397
0 0.25297619047619047 0.5874255952380952 0.023809523809523798 0.018105158730158832
0 0.5859788359788359 0.24615575396825395 0.03439153439153442 0.03199404761904767
0 0.22751322751322753 0.6372767857142857 0.02976190476190473 0.025049603174603252
0 0.32622354497354494 0.3420138888888889 0.024801587301587286 0.02083333333333337
0 0.5337301587301587 0.35106646825396826 0.019179894179894113 0.019593253968253954
0 0.626984126984127 0.765625 0.029100529100529144 0.02331349206349209
0 0.5896164021164021 0.4915674603174603 0.017857142857142794 0.015873015873015928
0 0.23991402116402116 0.7699652777777778 0.03670634920634922 0.028025793650793718
0 0.33151455026455023 0.7118055555555555 0.018187830687830697 0.020337301587301626
0 0.48991402116402116 0.8872767857142857 0.0327380952380952 0.030009920634920695
0 0.677414021164021 0.9361359126984127 0.03472222222222232 0.02256944444444442
0 0.4401455026455026 0.4897073412698412 0.029100529100529144 0.020585317460317443
0 0.2306547619047619 0.19791666666666666 0.027447089947089925 0.022321428571428548
0 0.2614087301587302 0.669766865079365 0.02414021164021163 0.024553571428571397
0 0.2726521164021164 0.3709077380952381 0.020171957671957674 0.012648809523809534
0 0.4130291005291005 0.31299603174603174 0.023809523809523874 0.015873015873015817
0 0.35102513227513227 0.3075396825396825 0.019510582010582016 0.021329365079365115
0 0.46544312169312163 0.2699652777777778 0.020171957671957674 0.017113095238095233
0 0.2157738095238095 0.3622271825396825 0.026785714285714263 0.02157738095238093
0 0.2524801587301587 0.3210565476190476 0.018849206349206355 0.017113095238095233
0 0.34507275132275134 0.44047619047619047 0.016865079365079378 0.014880952380952328
0 0.46527777777777773 0.37896825396825395 0.024470899470899532 0.02083333333333337
0 0.5603505291005291 0.28608630952380953 0.028108465608465583 0.031001984126984072
0 0.41286375661375657 0.4562251984126984 0.025462962962962948 0.01810515873015872
0 0.5100859788359788 0.3831845238095238 0.026785714285714263 0.02529761904761907
0 0.5338955026455027 0.5110367063492063 0.01620370370370372 0.018601190476190466
0 0.24768518518518515 0.4810267857142857 0.02447089947089946 0.023065476190476164
0 0.5385251322751322 0.3916170634920635 0.01554232804232806 0.012896825396825351
0 0.48594576719576715 0.216765873015873 0.026785714285714263 0.01785714285714285
0 0.24983465608465608 0.291046626984127 0.038029100529100544 0.027529761904761862
0 0.32853835978835977 0.22110615079365079 0.024801587301587286 0.02157738095238093
0 0.5901124338624338 0.7124255952380952 0.026785714285714263 0.025545634920634885
0 0.21544312169312166 0.5561755952380952 0.024801587301587286 0.02008928571428581
0 0.3908730158730158 0.4296875 0.029761904761904805 0.022073412698412676
0 0.43220899470899465 0.4030257936507936 0.028439153439153486 0.02182539682539686
0 0.603505291005291 0.1892361111111111 0.03505291005291008 0.02529761904761907
0 0.37466931216931215 0.46924603174603174 0.028439153439153486 0.018849206349206393
0 0.36689814814814814 0.44506448412698413 0.02347883597883597 0.022073412698412676
0 0.5481150793650793 0.2425595238095238 0.02215608465608465 0.012400793650793662
0 0.5153769841269841 0.7038690476190476 0.018187830687830697 0.016369047619047672
0 0.3764880952380952 0.2508680555555555 0.019510582010582016 0.017113095238095233
0 0.2562830687830688 0.9058779761904762 0.02447089947089946 0.016121031746031855
0 0.5763888888888888 0.20783730158730157 0.024470899470899532 0.020833333333333315
0 0.22387566137566137 0.8092757936507936 0.023809523809523798 0.02430555555555558
0 0.4527116402116402 0.3055555555555555 0.017857142857142794 0.014384920634920584
0 0.6975859788359787 0.4828869047619047 0.01620370370370357 0.019345238095238138
0 0.5029761904761905 0.5973462301587301 0.0145502645502645 0.012152777777777679
0 0.4948743386243386 0.8015873015873015 0.02414021164021163 0.019345238095238138
0 0.41220238095238093 0.34945436507936506 0.020833333333333332 0.012896825396825351
0 0.546792328042328 0.4255952380952381 0.02876984126984124 0.02331349206349209
0 0.5811838624338624 0.36780753968253965 0.018849206349206355 0.02182539682539686
0 0.5218253968253969 0.8059275793650793 0.022486772486772555 0.016121031746031633
0 0.32837301587301587 0.30592757936507936 0.03174603174603171 0.03447420634920639
0 0.2962962962962963 0.5112847222222222 0.020502645502645505 0.018601190476190466
0 0.3549933862433862 0.5088045634920635 0.02347883597883597 0.024553571428571397
0 0.49107142857142855 0.7746775793650793 0.01388888888888884 0.015128968253968145
0 0.5573743386243386 0.890625 0.03207671957671954 0.03472222222222232
0 0.44130291005291 0.24553571428571427 0.012896825396825426 0.01091269841269843
0 0.6749338624338623 0.26339285714285715 0.03439153439153427 0.02876984126984128
0 0.2924933862433862 0.4345238095238095 0.0419973544973545 0.023809523809523836
0 0.5033068783068783 0.29538690476190477 0.027116402116402167 0.018849206349206393
0 0.2771164021164021 0.25731646825396826 0.025132275132275117 0.020585317460317443
0 0.4505621693121693 0.28794642857142855 0.03339947089947085 0.022321428571428603
0 0.6770833333333334 0.34263392857142855 0.08829365079365085 0.03993055555555558
0 0.5462962962962963 0.7991071428571428 0.023809523809523874 0.016865079365079305
0 0.2693452380952381 0.20696924603174602 0.028108465608465583 0.023561507936507964
0 0.5896164021164021 0.6716269841269841 0.017857142857142794 0.016369047619047672
0 0.291005291005291 0.5806051587301587 0.018518518518518528 0.013392857142857206
0 0.5902777777777778 0.33407738095238093 0.0145502645502645 0.014384920634920584
0 0.25859788359788355 0.6381448412698413 0.01587301587301589 0.018849206349206282
0 0.6311177248677248 0.2388392857142857 0.01554232804232806 0.012400793650793662
0 0.6709656084656084 0.8912450396825397 0.015873015873015817 0.017113095238095344
0 0.6240079365079364 0.9073660714285714 0.023148148148148213 0.017113095238095344
0 0.3237433862433862 0.47817460317460314 0.037037037037037056 0.02876984126984128
0 0.7043650793650794 0.791046626984127 0.010582010582010545 0.012648809523809534
0 0.3890542328042328 0.5215773809523809 0.02215608465608465 0.013392857142857206
0 0.5506018518518518 0.706845238095238 0.009246031746031816 0.012400793650793718
0 0.36028439153439157 0.20250496031746032 0.00958994708994713 0.009176587301587324
0 0.2728174603174603 0.5042162698412698 0.025132275132275117 0.018849206349206282
0 0.24603174603174602 0.45721726190476186 0.023809523809523798 0.01661706349206349
0 0.4249338624338624 0.2331349206349206 0.023148148148148213 0.021825396825396803
0 0.6286375661375662 0.37152777777777773 0.016534391534391474 0.012896825396825351
0 0.6028439153439152 0.4438244047619047 0.017195767195767136 0.017113095238095233
0 0.49966931216931215 0.2353670634920635 0.01388888888888884 0.013888888888888895
0 0.5772156084656085 0.7529761904761905 0.01620370370370372 0.011904761904761862
0 0.3547387566137566 0.7460714285714285 0.057721560846560806 0.02026041666666667
0 0.2810846560846561 0.3040674603174603 0.027116402116402094 0.022321428571428603
0 0.449074074074074 0.341765873015873 0.01851851851851845 0.01041666666666663
0 0.22404100529100526 0.38938492063492064 0.014219576719576743 0.011904761904761862
0 0.3212632275132275 0.1963045634920635 0.016865079365079378 0.011656746031746046
0 0.29580026455026454 0.33370535714285715 0.014880952380952403 0.01215277777777779
0 0.6221891534391534 0.5391865079365079 0.014219576719576743 0.013392857142857206
0 0.38227513227513227 0.32328869047619047 0.01851851851851845 0.013640873015873023
0 0.2533068783068783 0.23995535714285712 0.01587301587301589 0.015625
0 0.554563492063492 0.5784970238095237 0.015211640211640157 0.013640873015873023
0 0.5611772486772487 0.3167162698412698 0.0145502645502645 0.011904761904761862
0 0.5236441798941799 0.6031746031746031 0.012896825396825426 0.011904761904761862
0 0.6412037037037036 0.30431547619047616 0.017195767195767136 0.014384920634920584
0 0.580026455026455 0.31584821428571425 0.019179894179894113 0.015128968253968256
0 0.4697420634920635 0.7473958333333333 0.01620370370370372 0.019593253968253954
0 0.49619708994708994 0.33990575396825395 0.014880952380952403 0.014136904761904767
0 0.6509589947089947 0.5088045634920635 0.02876984126984124 0.015625
0 0.3993055555555555 0.3975694444444444 0.01554232804232806 0.014880952380952328
0 0.619047619047619 0.7256944444444444 0.01851851851851845 0.014880952380952328
0 0.2488425925925926 0.7260664682539683 0.011574074074074106 0.013144841269841168
0 0.6090608465608466 0.6850942460317461 0.009596560846560909 0.0077876984126983295
0 0.408234126984127 0.24900793650793648 0.018187830687830697 0.015376984126984128
0 0.5778769841269841 0.9516369047619047 0.012896825396825426 0.009424603174603252
0 0.23429232804232802 0.423735119047619 0.02215608465608465 0.021081349206349187
0 0.28191137566137564 0.8039434523809523 0.014880952380952403 0.013640873015873023
0 0.21643518518518515 0.43092757936507936 0.013558201058201083 0.009672619047619069
0 0.46015211640211634 0.8034474206349206 0.020833333333333332 0.010664682539682557
0 0.4262566137566137 0.20783730158730157 0.021164021164021236 0.020833333333333315
0 0.5003306878306878 0.27678571428571425 0.01388888888888884 0.015376984126984072
0 0.3447420634920635 0.2684771825396825 0.013558201058201083 0.010168650793650813
0 0.704861111111111 0.8312251984126984 0.020833333333333332 0.009176587301587213
0 0.322255291005291 0.38417658730158727 0.012896825396825426 0.012400793650793607
0 0.6651785714285714 0.19543650793650794 0.02414021164021163 0.021825396825396803
0 0.3344907407407407 0.9605654761904762 0.02414021164021163 0.016865079365079305
0 0.2749669312169312 0.2347470238095238 0.011574074074074106 0.010664682539682557
0 0.6613756613756614 0.6486855158730158 0.01322751322751318 0.009672619047619069
0 0.6213624338624338 0.4986359126984127 0.017195767195767136 0.011656746031746046
0 0.30158730158730157 0.697048611111111 0.010582010582010545 0.010168650793650702
0 0.49189814814814814 0.5360863095238095 0.040013227513227445 0.025049603174603252
0 0.6476752645502645 0.6700248015873015 0.01096230158730164 0.00816468253968261
0 0.19758597883597884 0.6805555555555555 0.01752645502645504 0.018849206349206282
0 0.6846891534391534 0.2999751984126984 0.010251322751322789 0.010664682539682557
0 0.36191468253968256 0.2685763888888889 0.014966931216931231 0.012708333333333321
0 0.26179894179894175 0.22970982142857144 0.023158068783068808 0.02181547619047619
0 0.24005291005291005 0.2740823412698412 0.023158068783068808 0.020756448412698414
0 0.418396164021164 0.33550843253968254 0.017791005291005302 0.012708333333333321
0 0.4103472222222222 0.1950768849206349 0.048574735449735375 0.017368551587301606
0 0.3624801587301587 0.32661210317460315 0.025701058201058242 0.019910714285714337
0 0.6594378306878307 0.20958581349206348 0.021464947089947135 0.017579365079365084
0 0.6465873015873015 0.31898809523809524 0.033042328042327984 0.016520337301587307
0 0.5941997354497354 0.3054315476190476 0.02711309523809528 0.01694444444444443
0 0.43647156084656086 0.3861309523809524 0.0200529100529101 0.010590277777777768
0 0.3715178571428572 0.33836805555555555 0.023439153439153444 0.012073412698412667
0 0.4532738095238095 0.3966170634920635 0.02202711640211641 0.012073412698412667
0 0.4073842592592593 0.23023809523809524 0.016663359788359717 0.016098710317460296
0 0.3315542328042328 0.43569444444444444 0.015251322751322757 0.016520337301587307
0 0.38464947089947094 0.45539434523809524 0.018075396825396755 0.012708333333333321
0 0.32152777777777775 0.4668303571428571 0.012708333333333321 0.008048115079365092
0 0.24555886243386246 0.43844990079365076 0.02400462962962961 0.014826388888888875
0 0.3648809523809524 0.4951091269841269 0.03501984126984133 0.027748015873015897
0 0.645598544973545 0.9810019841269841 0.019203042328042336 0.010803571428571468
0 0.6150992063492063 0.7135912698412697 0.020899470899470824 0.012284226190476089
0 0.5406812169312168 0.7060714285714286 0.014966931216931231 0.012497519841269789
0 0.5933531746031745 0.5362003968253968 0.018075396825396755 0.010379464285714235
0 0.6357142857142857 0.44141369047619045 0.036712962962962926 0.026264880952380998
0 0.3677050264550265 0.7276760912698412 0.023158068783068735 0.010803571428571468
0 0.6133300264550264 0.9645436507936508 0.026183862433862466 0.013482142857142776
0 0.5853902116402115 0.7731597222222222 0.017195767195767136 0.009379960317460245
0 0.6770271164021163 0.4542832341269841 0.04181216931216921 0.018757440476190435
0 0.3491633597883597 0.5471254960317461 0.0185350529100529 0.017512400793650684
0 0.673234126984127 0.1852752976190476 0.023373015873015806 0.009970238095238115
0 0.5536838624338624 0.2141989087301587 0.010724206349206344 0.006433531746031729