0 0.2835286458333333 0.297119140625 0.026041666666666668 0.02197265625
0 0.07389322916666667 0.42041015625 0.028645833333333332 0.02490234375
0 0.4778645833333333 0.8427734375 0.037760416666666664 0.02099609375
0 0.7711588541666666 0.590087890625 0.041015625 0.02392578125
0 0.2578125 0.451904296875 0.035807291666666664 0.02099609375
0 0.12532552083333334 0.6337890625 0.026692708333333332 0.01416015625
0 0.8616536458333334 0.155517578125 0.037109375 0.0205078125
0 0.8678385416666666 0.228271484375 0.02734375 0.0126953125
0 0.14811197916666666 0.362060546875 0.018880208333333332 0.01513671875
0 0.9755859375 0.791015625 0.048828125 0.0390625
0 0.9348958333333334 0.533447265625 0.053385416666666664 0.03271484375
0 0.052083333333333336 0.330810546875 0.040364583333333336 0.03369140625
0 0.18131510416666666 0.319580078125 0.060546875 0.033203125
0 0.46484375 0.4375 0.037109375 0.0283203125
0 0.6158854166666666 0.286376953125 0.050130208333333336 0.04345703125
0 0.9544270833333334 0.390625 0.047526041666666664 0.05029296875
0 0.19694010416666666 0.736572265625 0.040364583333333336 0.03515625
0 0.23567708333333334 0.5029296875 0.055989583333333336 0.03564453125
0 0.5348307291666666 0.573974609375 0.018229166666666668 0.0126953125
0 0.8466796875 0.416015625 0.07682291666666667 0.0419921875
0 0.3326822916666667 0.20263671875 0.022786458333333332 0.01904296875
0 0.8440755208333334 0.78662109375 0.026041666666666668 0.01806640625
0 0.3870442708333333 0.262451171875 0.024088541666666668 0.01416015625
0 0.3427734375 0.19140625 0.017578125 0.017578125
0 0.5859375 0.3466796875 0.015625 0.0166015625
0 0.3919270833333333 0.678955078125 0.033203125 0.02685546875
0 0.18815104166666666 0.765869140625 0.029296875 0.033203125
0 0.1650390625 0.6796875 0.018880208333333332 0.0205078125
0 0.056315104166666664 0.549560546875 0.027994791666666668 0.0224609375
0 0.4410807291666667 0.341552734375 0.01953125 0.01806640625
0 0.6188151041666666 0.435791015625 0.032552083333333336 0.015625
0 0.8196614583333334 0.5185546875 0.041015625 0.03125
0 0.7981770833333334 0.591064453125 0.032552083333333336 0.01953125