0 0.44779100529100524 0.581500496031746 0.0410548941798942 0.03273065476190484
0 0.4194312169312169 0.45226190476190475 0.02717261904761899 0.02704117063492062
0 0.6035085978835978 0.895094246031746 0.0142328042328043 0.016552579365079367
0 0.4695006613756614 0.8460813492063491 0.022566137566137606 0.022894345238095193
0 0.677582671957672 0.916376488095238 0.024236111111110976 0.02031746031746029
0 0.4935052910052909 0.8642460317460317 0.01381283068783068 0.021656746031746055
0 0.6145800264550264 0.8639856150793651 0.01634259259259263 0.017207341269841248
0 0.6796858465608465 0.3121205357142857 0.020992063492063433 0.010248015873015826
0 0.6610284391534391 0.27158730158730154 0.015158730158730224 0.018395337301587267
0 0.6876554232804232 0.27669146825396823 0.008941798941799028 0.011108630952380905
0 0.6882374338624339 0.25649553571428574 0.01554894179894184 0.01270089285714282
0 0.49908068783068776 0.778157242063492 0.025099206349206298 0.017202380952380913
0 0.5021924603174603 0.8413392857142857 0.02128306878306881 0.012852182539682566
0 0.390271164021164 0.8360689484126984 0.020978835978836024 0.010327380952380949
0 0.4110383597883598 0.8328571428571427 0.011987433862433802 0.012251984126984139
0 0.3285085978835978 0.912016369047619 0.03275462962962964 0.021247519841269824
0 0.43126653439153445 0.9153000992063491 0.01605489417989414 0.015290178571428559
0 0.48510912698412695 0.9637127976190476 0.018412698412698436 0.009037698412698303
0 0.7003703703703703 0.9163467261904762 0.018624338624338616 0.009357638888888964
0 0.20746362433862434 0.8741716269841269 0.013660714285714285 0.01435515873015869
0 0.216276455026455 0.7437375992063492 0.008521825396825408 0.008963293650793736
0 0.2070436507936508 0.7314161706349206 0.014560185185185167 0.01361855158730152
0 0.2104166666666666 0.712299107142857 0.015271164021164019 0.012408234126984219
0 0.7087367724867724 0.9519915674603173 0.01910052910052921 0.01212797619047623
0 0.6328835978835978 0.39598958333333334 0.018273809523809526 0.008968253968253959
0 0.2514318783068783 0.755438988095238 0.018611111111111134 0.012534722222222294
0 0.4345006613756614 0.8257638888888889 0.009262566137566116 0.01200644841269849
0 0.3850793650793651 0.6342881944444444 0.01147817460317461 0.0051661706349206415
0 0.28885582010582006 0.5603273809523809 0.012625661375661382 0.008752480158730203
0 0.29067460317460314 0.5433978174603175 0.012050264550264552 0.011622023809523707
0 0.38488756613756614 0.5282614087301587 0.022189153439153397 0.012911706349206353
0 0.20860780423280423 0.36735863095238097 0.012050264550264552 0.01133432539682544