0 0.806640625 0.65869140625 0.05078125 0.02783203125
0 0.6826171875 0.51513671875 0.041015625 0.01953125
0 0.7607421875 0.57080078125 0.039713541666666664 0.0234375
0 0.294921875 0.684326171875 0.018880208333333332 0.01513671875
0 0.6302083333333334 0.7001953125 0.020182291666666668 0.015625
0 0.9192708333333334 0.708740234375 0.024739583333333332 0.0146484375
0 0.1572265625 0.662353515625 0.024739583333333332 0.0107421875
0 0.1591796875 0.625732421875 0.014973958333333334 0.00732421875
0 0.6572265625 0.67236328125 0.041666666666666664 0.0244140625
0 0.7288411458333334 0.585205078125 0.033203125 0.0146484375
0 0.8258463541666666 0.690673828125 0.020833333333333332 0.01171875
0 0.181640625 0.560791015625 0.016927083333333332 0.01806640625
0 0.865234375 0.40185546875 0.018229166666666668 0.0185546875
0 0.7906901041666666 0.452392578125 0.022135416666666668 0.01318359375
0 0.896484375 0.526123046875 0.020182291666666668 0.01123046875
0 0.9684244791666666 0.717041015625 0.016276041666666668 0.017578125
0 0.20963541666666666 0.681640625 0.014322916666666666 0.00732421875
0 0.4052734375 0.490234375 0.024088541666666668 0.0166015625
0 0.4736328125 0.42333984375 0.025390625 0.021484375
0 0.5784505208333334 0.63134765625 0.0234375 0.0087890625
0 0.5403645833333334 0.6357421875 0.020833333333333332 0.01025390625
0 0.15397135416666666 0.608642578125 0.009114583333333334 0.005859375
0 0.1298828125 0.558349609375 0.013671875 0.0078125
0 0.14876302083333334 0.534423828125 0.021484375 0.0107421875
0 0.9378255208333334 0.5283203125 0.026692708333333332 0.017578125
0 0.4944661458333333 0.412109375 0.017578125 0.02783203125
0 0.5123697916666666 0.376953125 0.01171875 0.0087890625
0 0.4375 0.439697265625 0.016927083333333332 0.009765625
0 0.2516276041666667 0.387939453125 0.014973958333333334 0.0126953125
0 0.2659505208333333 0.38037109375 0.01171875 0.01123046875
0 0.2516276041666667 0.493896484375 0.007161458333333333 0.00537109375
0 0.1884765625 0.47607421875 0.025390625 0.017578125
0 0.1875 0.411376953125 0.013020833333333334 0.01123046875
0 0.17252604166666666 0.57421875 0.021484375 0.01220703125
0 0.15559895833333334 0.569580078125 0.014322916666666666 0.0126953125
0 0.13704427083333334 0.52001953125 0.01171875 0.01171875
0 0.13346354166666666 0.532958984375 0.009114583333333334 0.0078125
0 0.13802083333333334 0.498779296875 0.014973958333333334 0.0078125
0 0.5188802083333334 0.4453125 0.018880208333333332 0.01025390625
0 0.5794270833333334 0.40087890625 0.014322916666666666 0.01025390625
0 0.5514322916666666 0.466796875 0.014322916666666666 0.01806640625
0 0.5693359375 0.458984375 0.016927083333333332 0.01220703125
0 0.6005859375 0.456298828125 0.011067708333333334 0.0087890625
0 0.595703125 0.39599609375 0.009765625 0.0078125
0 0.5735677083333334 0.378173828125 0.007161458333333333 0.00634765625
0 0.7161458333333334 0.361083984375 0.01171875 0.00830078125
0 0.7327473958333334 0.362548828125 0.013020833333333334 0.009765625
0 0.8053385416666666 0.359619140625 0.018229166666666668 0.0126953125
0 0.9000651041666666 0.410400390625 0.014973958333333334 0.01171875
0 0.9095052083333334 0.454833984375 0.01953125 0.009765625
0 0.998046875 0.70068359375 0.00390625 0.0107421875
0 0.8310546875 0.5810546875 0.016927083333333332 0.0087890625
0 0.8330078125 0.60693359375 0.018229166666666668 0.009765625
0 0.8271484375 0.6171875 0.009114583333333334 0.009765625
0 0.818359375 0.6279296875 0.009114583333333334 0.00927734375
0 0.7913411458333334 0.577880859375 0.011067708333333334 0.0126953125
0 0.7744140625 0.600341796875 0.011067708333333334 0.0126953125
0 0.7600911458333334 0.6875 0.012369791666666666 0.01318359375
0 0.7620442708333334 0.7275390625 0.018229166666666668 0.0068359375
0 0.6673177083333334 0.551513671875 0.016927083333333332 0.0107421875
0 0.6731770833333334 0.64501953125 0.012369791666666666 0.0068359375
0 0.58203125 0.57177734375 0.018229166666666668 0.01171875
0 0.5947265625 0.55419921875 0.009114583333333334 0.0078125
0 0.5231119791666666 0.644287109375 0.016276041666666668 0.009765625
0 0.5110677083333334 0.643798828125 0.009114583333333334 0.00830078125
0 0.4912109375 0.608154296875 0.008463541666666666 0.01513671875
0 0.4765625 0.55126953125 0.014322916666666666 0.02392578125
0 0.43359375 0.55712890625 0.013020833333333334 0.01025390625
0 0.4332682291666667 0.51416015625 0.021484375 0.0185546875
0 0.4296875 0.600830078125 0.01171875 0.01318359375
0 0.3997395833333333 0.630859375 0.013671875 0.0146484375
0 0.396484375 0.576171875 0.013020833333333334 0.0126953125
0 0.3046875 0.567626953125 0.024739583333333332 0.01220703125
0 0.2900390625 0.607421875 0.01171875 0.00732421875
0 0.2571614583333333 0.59619140625 0.01171875 0.00634765625
0 0.3011067708333333 0.5361328125 0.007161458333333333 0.01171875
0 0.3343098958333333 0.52880859375 0.014973958333333334 0.01025390625
0 0.6243489583333334 0.65185546875 0.018880208333333332 0.0087890625
0 0.9150390625 0.394775390625 0.011067708333333334 0.0087890625
0 0.751953125 0.36181640625 0.01171875 0.00537109375
0 0.716796875 0.4580078125 0.009765625 0.00927734375
0 0.5592447916666666 0.44921875 0.008463541666666666 0.00634765625
0 0.5859375 0.53076171875 0.015625 0.0107421875
0 0.2548828125 0.531982421875 0.015625 0.01171875
0 0.19075520833333334 0.540283203125 0.007161458333333333 0.00439453125
0 0.3649088541666667 0.478271484375 0.014322916666666666 0.00927734375
0 0.4632161458333333 0.548828125 0.012369791666666666 0.00830078125
0 0.689453125 0.4658203125 0.01171875 0.01025390625
0 0.74609375 0.646728515625 0.018229166666666668 0.013671875
0 0.7861328125 0.72119140625 0.011067708333333334 0.00830078125
0 0.6302083333333334 0.668212890625 0.013671875 0.0107421875
0 0.21516927083333334 0.573974609375 0.015625 0.0107421875