0 0.4990234375 0.42529296875 0.026041666666666668 0.03466796875
0 0.6315104166666666 0.202880859375 0.029947916666666668 0.03173828125
0 0.4482421875 0.63330078125 0.016276041666666668 0.0185546875
0 0.4287109375 0.33837890625 0.016927083333333332 0.01611328125
0 0.5322265625 0.19287109375 0.016927083333333332 0.01611328125
0 0.4280598958333333 0.416748046875 0.022786458333333332 0.02294921875
0 0.4368489583333333 0.22509765625 0.029947916666666668 0.03369140625
0 0.4020182291666667 0.5986328125 0.017578125 0.0185546875
0 0.6165364583333334 0.29150390625 0.035807291666666664 0.0322265625
0 0.6643880208333334 0.376953125 0.03125 0.03369140625
0 0.6337890625 0.666259765625 0.042317708333333336 0.03564453125
0 0.6048177083333334 0.457275390625 0.0234375 0.01806640625
0 0.3922526041666667 0.738037109375 0.014973958333333334 0.013671875
0 0.3580729166666667 0.3974609375 0.013671875 0.0146484375
0 0.6927083333333334 0.206787109375 0.01953125 0.013671875
0 0.6077473958333334 0.23095703125 0.018880208333333332 0.0107421875
0 0.5787760416666666 0.5029296875 0.020182291666666668 0.013671875
0 0.4554036458333333 0.533935546875 0.011067708333333334 0.0126953125
0 0.6409505208333334 0.413818359375 0.031901041666666664 0.025390625
0 0.3307291666666667 0.435546875 0.01171875 0.01318359375
0 0.2659505208333333 0.26171875 0.013671875 0.01220703125
0 0.5250651041666666 0.249755859375 0.009765625 0.01220703125
0 0.6819661458333334 0.552001953125 0.012369791666666666 0.009765625
0 0.4449869791666667 0.49951171875 0.009114583333333334 0.00634765625
0 0.5283203125 0.402099609375 0.016927083333333332 0.01513671875
0 0.3001302083333333 0.227294921875 0.013020833333333334 0.01220703125
0 0.2526041666666667 0.43408203125 0.020182291666666668 0.01025390625
0 0.4078776041666667 0.580810546875 0.01171875 0.0146484375
0 0.509765625 0.27294921875 0.014322916666666666 0.01318359375
0 0.27734375 0.132568359375 0.028645833333333332 0.03564453125
0 0.3369140625 0.515625 0.014973958333333334 0.015625
0 0.294921875 0.563720703125 0.008463541666666666 0.01123046875
0 0.6595052083333334 0.602294921875 0.016927083333333332 0.01416015625
0 0.3531901041666667 0.58740234375 0.015625 0.0126953125
0 0.3196614583333333 0.230224609375 0.013671875 0.01025390625
0 0.4046223958333333 0.27783203125 0.013671875 0.0078125
0 0.716796875 0.24072265625 0.010416666666666666 0.01171875
0 0.6256510416666666 0.472412109375 0.013671875 0.0107421875
0 0.5045572916666666 0.76318359375 0.009765625 0.0078125
0 0.3551432291666667 0.56591796875 0.01171875 0.0087890625
0 0.5524088541666666 0.52197265625 0.009765625 0.01123046875
0 0.6643880208333334 0.31982421875 0.009765625 0.00634765625
0 0.6500651041666666 0.358154296875 0.009114583333333334 0.005859375
0 0.3473307291666667 0.494384765625 0.028645833333333332 0.02001953125
0 0.5436197916666666 0.505859375 0.021484375 0.00927734375
0 0.4007161458333333 0.38232421875 0.039713541666666664 0.02587890625
0 0.6194661458333334 0.141845703125 0.011067708333333334 0.0107421875
0 0.685546875 0.63232421875 0.012369791666666666 0.00732421875
0 0.24609375 0.22265625 0.015625 0.0185546875
0 0.5345052083333334 0.431396484375 0.009114583333333334 0.0068359375
0 0.26953125 0.234130859375 0.01171875 0.01220703125
0 0.3935546875 0.535400390625 0.009765625 0.00830078125
0 0.5478515625 0.387451171875 0.01171875 0.01025390625
0 0.591796875 0.182861328125 0.010416666666666666 0.0087890625
0 0.2757161458333333 0.420166015625 0.009114583333333334 0.00634765625
0 0.5960286458333334 0.250732421875 0.008463541666666666 0.01123046875
0 0.6442057291666666 0.56103515625 0.013671875 0.0107421875
0 0.5550130208333334 0.586669921875 0.01171875 0.01025390625
0 0.25390625 0.42431640625 0.007161458333333333 0.005859375
0 0.251953125 0.197021484375 0.012369791666666666 0.0087890625
0 0.5166015625 0.409423828125 0.013020833333333334 0.0107421875
0 0.5774739583333334 0.433837890625 0.013671875 0.00927734375
0 0.6389973958333334 0.43701171875 0.015625 0.0078125
0 0.5462239583333334 0.466552734375 0.009765625 0.00634765625
0 0.6416015625 0.5830078125 0.020182291666666668 0.009765625
0 0.408203125 0.453125 0.014322916666666666 0.00830078125
0 0.3492838541666667 0.460693359375 0.024088541666666668 0.01025390625
0 0.4794921875 0.439697265625 0.014973958333333334 0.00830078125
0 0.4869791666666667 0.453125 0.013671875 0.0068359375
0 0.4381510416666667 0.4267578125 0.014322916666666666 0.0068359375
0 0.5472005208333334 0.34130859375 0.013671875 0.01220703125
0 0.6656901041666666 0.189453125 0.026692708333333332 0.0224609375
0 0.4052734375 0.399169921875 0.011067708333333334 0.0107421875
0 0.3961588541666667 0.55322265625 0.013671875 0.0107421875
0 0.3134765625 0.527099609375 0.016276041666666668 0.01171875
0 0.4329427083333333 0.247802734375 0.016927083333333332 0.009765625
0 0.4918619791666667 0.19189453125 0.01953125 0.01318359375