0 0.5009765625 0.57470703125 0.026041666666666668 0.03466796875
0 0.3684895833333333 0.797119140625 0.029947916666666668 0.03173828125
0 0.5517578125 0.36669921875 0.016276041666666668 0.0185546875
0 0.5712890625 0.66162109375 0.016927083333333332 0.01611328125
0 0.4677734375 0.80712890625 0.016927083333333332 0.01611328125
0 0.5719401041666666 0.583251953125 0.022786458333333332 0.02294921875
0 0.5631510416666666 0.77490234375 0.029947916666666668 0.03369140625
0 0.5979817708333334 0.4013671875 0.017578125 0.0185546875
0 0.3834635416666667 0.70849609375 0.035807291666666664 0.0322265625
0 0.3356119791666667 0.623046875 0.03125 0.03369140625
0 0.3662109375 0.333740234375 0.042317708333333336 0.03564453125
0 0.3951822916666667 0.542724609375 0.0234375 0.01806640625
0 0.6077473958333334 0.261962890625 0.014973958333333334 0.013671875
0 0.6419270833333334 0.6025390625 0.013671875 0.0146484375
0 0.3072916666666667 0.793212890625 0.01953125 0.013671875
0 0.3922526041666667 0.76904296875 0.018880208333333332 0.0107421875
0 0.4212239583333333 0.4970703125 0.020182291666666668 0.013671875
0 0.5445963541666666 0.466064453125 0.011067708333333334 0.0126953125
0 0.3590494791666667 0.586181640625 0.031901041666666664 0.025390625
0 0.6692708333333334 0.564453125 0.01171875 0.01318359375
0 0.7340494791666666 0.73828125 0.013671875 0.01220703125
0 0.4749348958333333 0.750244140625 0.009765625 0.01220703125
0 0.3180338541666667 0.447998046875 0.012369791666666666 0.009765625
0 0.5550130208333334 0.50048828125 0.009114583333333334 0.00634765625
0 0.4716796875 0.597900390625 0.016927083333333332 0.01513671875
0 0.6998697916666666 0.772705078125 0.013020833333333334 0.01220703125
0 0.7473958333333334 0.56591796875 0.020182291666666668 0.01025390625
0 0.5921223958333334 0.419189453125 0.01171875 0.0146484375
0 0.490234375 0.72705078125 0.014322916666666666 0.01318359375
0 0.72265625 0.867431640625 0.028645833333333332 0.03564453125
0 0.6630859375 0.484375 0.014973958333333334 0.015625
0 0.705078125 0.436279296875 0.008463541666666666 0.01123046875
0 0.3404947916666667 0.397705078125 0.016927083333333332 0.01416015625
0 0.6468098958333334 0.41259765625 0.015625 0.0126953125
0 0.6803385416666666 0.769775390625 0.013671875 0.01025390625
0 0.5953776041666666 0.72216796875 0.013671875 0.0078125
0 0.283203125 0.75927734375 0.010416666666666666 0.01171875
0 0.3743489583333333 0.527587890625 0.013671875 0.0107421875
0 0.4954427083333333 0.23681640625 0.009765625 0.0078125
0 0.6448567708333334 0.43408203125 0.01171875 0.0087890625
0 0.4475911458333333 0.47802734375 0.009765625 0.01123046875
0 0.3356119791666667 0.68017578125 0.009765625 0.00634765625
0 0.3499348958333333 0.641845703125 0.009114583333333334 0.005859375
0 0.6526692708333334 0.505615234375 0.028645833333333332 0.02001953125
0 0.4563802083333333 0.494140625 0.021484375 0.00927734375
0 0.5992838541666666 0.61767578125 0.039713541666666664 0.02587890625
0 0.3805338541666667 0.858154296875 0.011067708333333334 0.0107421875
0 0.314453125 0.36767578125 0.012369791666666666 0.00732421875
0 0.75390625 0.77734375 0.015625 0.0185546875
0 0.4654947916666667 0.568603515625 0.009114583333333334 0.0068359375
0 0.73046875 0.765869140625 0.01171875 0.01220703125
0 0.6064453125 0.464599609375 0.009765625 0.00830078125
0 0.4521484375 0.612548828125 0.01171875 0.01025390625
0 0.408203125 0.817138671875 0.010416666666666666 0.0087890625
0 0.7242838541666666 0.579833984375 0.009114583333333334 0.00634765625
0 0.4039713541666667 0.749267578125 0.008463541666666666 0.01123046875
0 0.3557942708333333 0.43896484375 0.013671875 0.0107421875
0 0.4449869791666667 0.413330078125 0.01171875 0.01025390625
0 0.74609375 0.57568359375 0.007161458333333333 0.005859375
0 0.748046875 0.802978515625 0.012369791666666666 0.0087890625
0 0.4833984375 0.590576171875 0.013020833333333334 0.0107421875
0 0.4225260416666667 0.566162109375 0.013671875 0.00927734375
0 0.3610026041666667 0.56298828125 0.015625 0.0078125
0 0.4537760416666667 0.533447265625 0.009765625 0.00634765625
0 0.3583984375 0.4169921875 0.020182291666666668 0.009765625
0 0.591796875 0.546875 0.014322916666666666 0.00830078125
0 0.6507161458333334 0.539306640625 0.024088541666666668 0.01025390625
0 0.5205078125 0.560302734375 0.014973958333333334 0.00830078125
0 0.5130208333333334 0.546875 0.013671875 0.0068359375
0 0.5618489583333334 0.5732421875 0.014322916666666666 0.0068359375
0 0.4527994791666667 0.65869140625 0.013671875 0.01220703125
0 0.3343098958333333 0.810546875 0.026692708333333332 0.0224609375
0 0.5947265625 0.600830078125 0.011067708333333334 0.0107421875
0 0.6038411458333334 0.44677734375 0.013671875 0.0107421875
0 0.6865234375 0.472900390625 0.016276041666666668 0.01171875
0 0.5670572916666666 0.752197265625 0.016927083333333332 0.009765625
0 0.5081380208333334 0.80810546875 0.01953125 0.01318359375