0 0.6691468253968255 0.41021825396825395 0.038690476190476275 0.04414682539682535
0 0.33515211640211634 0.2854662698412698 0.013558201058201083 0.016865079365079416
0 0.4151785714285714 0.40612599206349204 0.018187830687830697 0.017113095238095233
0 0.24636243386243384 0.7542162698412698 0.025132275132275117 0.022817460317460236
0 0.5462962962962963 0.35999503968253965 0.0145502645502645 0.013144841269841279
0 0.7080026455026455 0.2724454365079365 0.020502645502645578 0.015625
0 0.5520833333333334 0.6765873015873015 0.026785714285714263 0.021825396825396748
0 0.6511243386243386 0.8838045634920635 0.024470899470899532 0.019593253968253954
0 0.7157738095238094 0.3859126984126984 0.020833333333333332 0.016369047619047672
0 0.7409060846560847 0.5815972222222222 0.016865079365079378 0.014880952380952328
0 0.7170965608465608 0.5336061507936508 0.025462962962963093 0.014136904761904656
0 0.384755291005291 0.7622767857142857 0.02347883597883597 0.020585317460317443
0 0.4370039682539682 0.6536458333333333 0.02876984126984124 0.024553571428571397
0 0.476521164021164 0.9247271825396824 0.022486772486772555 0.016121031746031855
0 0.27678571428571425 0.8337053571428571 0.020502645502645505 0.016121031746031855
0 0.3943452380952381 0.652405753968254 0.018849206349206355 0.018105158730158832
0 0.7055224867724866 0.8528025793650793 0.026785714285714413 0.025049603174603252
0 0.3376322751322751 0.33308531746031744 0.015211640211640157 0.014880952380952328
0 0.7572751322751322 0.7631448412698413 0.022486772486772406 0.014384920634920695
0 0.6536044973544973 0.37797619047619047 0.02414021164021163 0.019345238095238138
0 0.6671626984126985 0.6907242063492063 0.019510582010582016 0.015873015873015817
0 0.6162367724867724 0.9055059523809523 0.019510582010582016 0.020337301587301626
0 0.743882275132275 0.8498263888888888 0.03538359788359783 0.025049603174603252
0 0.25380291005291006 0.8092757936507936 0.01752645502645504 0.020337301587301626
0 0.6674933862433862 0.6511656746031745 0.01752645502645489 0.012152777777777679
0 0.6588955026455027 0.5375744047619048 0.01884920634920621 0.014632936507936511
0 0.7544642857142857 0.5958581349206349 0.012896825396825426 0.009176587301587213
0 0.4343584656084656 0.18675595238095238 0.024801587301587286 0.02430555555555558
0 0.7225529100529101 0.6703869047619048 0.011243386243386352 0.011904761904761862
0 0.5954034391534392 0.6186755952380952 0.012896825396825426 0.010168650793650702
0 0.7121362433862434 0.907986111111111 0.014219576719576743 0.01388888888888884
0 0.6281415343915343 0.355406746031746 0.020171957671957674 0.014880952380952328
0 0.5747354497354497 0.44357638888888884 0.023148148148148213 0.017113095238095233
0 0.5924272486772486 0.39186507936507936 0.03339947089947085 0.02331349206349209
0 0.7678571428571428 0.7836061507936507 0.013888888888888987 0.011656746031746046
0 0.6529431216931216 0.4760664682539682 0.014219576719576743 0.013144841269841279
0 0.7552910052910052 0.38913690476190477 0.013888888888888987 0.01388888888888884
0 0.6957671957671957 0.4626736111111111 0.011243386243386352 0.00868055555555558
0 0.30539021164021163 0.6486855158730158 0.03339947089947093 0.017113095238095344
0 0.4193121693121693 0.6273561507936508 0.012566137566137522 0.009176587301587213
0 0.7139550264550264 0.20498511904761904 0.02116402116402109 0.01215277777777779
0 0.6167328042328042 0.8773561507936507 0.011904761904761862 0.009176587301587213
0 0.6302910052910052 0.8231646825396824 0.022486772486772555 0.022817460317460236
0 0.25132275132275134 0.7814980158730158 0.01719576719576721 0.02083333333333326
0 0.38673941798941797 0.1796875 0.014219576719576743 0.010664682539682557
0 0.6903108465608465 0.6323164682539683 0.0109126984126983 0.007688492063492092
0 0.505787037037037 0.5073164682539683 0.016865079365079378 0.010664682539682557
0 0.3500330687830688 0.48871527777777773 0.018849206349206355 0.012648809523809534
0 0.6436838624338624 0.9076140873015872 0.01620370370370372 0.014632936507936511
0 0.5684523809523809 0.6323164682539683 0.011243386243386203 0.009672619047619069
0 0.5715939153439153 0.35887896825396826 0.012896825396825426 0.008928571428571397
0 0.755621693121693 0.40947420634920634 0.01322751322751318 0.009920634920634885
0 0.2822420634920635 0.486235119047619 0.010912698412698449 0.009672619047619069
0 0.6365740740740741 0.8519345238095237 0.009920634920634885 0.011904761904761862
0 0.27744708994708994 0.16790674603174602 0.011243386243386277 0.009920634920634941
0 0.4072420634920635 0.7823660714285714 0.012896825396825426 0.010664682539682557
0 0.6436838624338624 0.4098462301587301 0.010912698412698449 0.010664682539682557
0 0.7561177248677248 0.8288690476190476 0.011574074074074106 0.009920634920634885
0 0.738637566137566 0.2771106150793651 0.009689153439153367 0.015825892857142865
0 0.7379927248677248 0.29124007936507934 0.024332010582010472 0.012757936507936551
0 0.6822255291005291 0.16479662698412698 0.012705026455026433 0.009851190476190486
0 0.49005621693121687 0.18732390873015872 0.010333994708994728 0.006135912698412682
0 0.5432407407407407 0.19467261904761904 0.016362433862433818 0.009851190476190486
0 0.32975529100529094 0.15970982142857143 0.017010582010581993 0.010012400793650789
0 0.41372685185185176 0.3059350198412698 0.010119047619047658 0.008881448412698445
0 0.5125562169312169 0.30254464285714283 0.009689153439153367 0.007911706349206349
0 0.4683101851851852 0.2913219246031746 0.01205687830687833 0.008075396825396819
0 0.2730191798941799 0.3346800595238095 0.015502645502645537 0.00985119047619043
0 0.29917989417989416 0.321922123015873 0.013564814814814788 0.010496031746031753
0 0.4485019841269841 0.3566418650793651 0.009474206349206296 0.005974702380952435
0 0.5866236772486773 0.3765054563492063 0.012705026455026433 0.00694444444444442
0 0.5545436507936508 0.32135664682539683 0.009259259259259226 0.006783234126984117
0 0.5676785714285714 0.3117485119047619 0.01141203703703697 0.009528769841269824
0 0.6069708994708994 0.41445436507936506 0.01679563492063485 0.01146577380952385
0 0.6430390211640211 0.38611359126984124 0.013564814814814863 0.007750496031746046
0 0.4951157407407407 0.4430381944444444 0.013564814814814863 0.007911706349206349
0 0.518799603174603 0.45862103174603175 0.0402645502645503 0.03585069444444444
0 0.5391468253968253 0.47719246031746027 0.014209656084656075 0.011304563492063546
0 0.6260284391534391 0.47000496031746025 0.013134920634920574 0.008236607142857122
0 0.6400231481481481 0.5052901785714285 0.015287698412698466 0.006135912698412627
0 0.7688888888888888 0.4507886904761904 0.012056878306878183 0.015987103174603168
0 0.684917328042328 0.5905555555555555 0.010767195767195759 0.008720238095238031
0 0.5739219576719576 0.5632638888888888 0.021316137566137556 0.011304563492063435
0 0.5491600529100529 0.6413417658730158 0.012705026455026433 0.01372519841269848
0 0.3118849206349206 0.5775545634920635 0.0187334656084656 0.01081845238095247
0 0.3069312169312169 0.8454613095238095 0.015287698412698392 0.008559027777777839
0 0.3643121693121693 0.8541815476190475 0.023683862433862373 0.01598710317460328
0 0.318667328042328 0.8381125992063492 0.013349867724867718 0.009689980158730238
0 0.7393915343915344 0.8653224206349206 0.021531084656084627 0.016956845238095264
0 0.7602777777777777 0.774407242063492 0.014209656084656075 0.007589285714285632
0 0.5809193121693121 0.7744866071428571 0.01722552910052914 0.007750496031746046
0 0.7148445767195767 0.7612450396825396 0.016362433862433967 0.01033482142857145
0 0.5760747354497354 0.7656051587301587 0.009689153439153367 0.009689980158730238
0 0.49177910052910057 0.7765054563492063 0.013779761904761934 0.011788194444444455
0 0.4859656084656084 0.7298363095238094 0.009904100529100587 0.01081845238095247
0 0.4756316137566137 0.7226512896825397 0.013349867724867792 0.010012400793650844
0 0.5638029100529101 0.7014161706349207 0.013564814814814863 0.010496031746031642
0 0.6404530423280422 0.7354885912698412 0.008829365079365084 0.012110615079365061
0 0.4519146825396825 0.6265376984126984 0.015873015873015817 0.010084325396825466
0 0.43670634920634915 0.6863888888888888 0.009259259259259226 0.011076388888888955
0 0.34555224867724865 0.6069444444444444 0.012566137566137522 0.011904761904761862
0 0.33067129629629627 0.5183258928571428 0.013227513227513255 0.011904761904761862
0 0.39129298941798935 0.47492559523809524 0.011461640211640164 0.012068452380952333
0 0.3958134920634921 0.4519444444444444 0.009920634920634885 0.008432539682539653
0 0.2563789682539682 0.44913194444444443 0.010582010582010618 0.008100198412698378
0 0.40066137566137566 0.2727207341269841 0.009480820105820076 0.0064484126984126755
0 0.7459920634920635 0.3953174603174603 0.01851851851851845 0.009588293650793611
0 0.7583366402116402 0.4279712301587301 0.008819444444444416 0.0064484126984126755
0 0.7083730158730158 0.6874007936507935 0.013336640211640235 0.012730654761904825
0 0.7533531746031744 0.7061309523809524 0.0087301587301587 0.009456845238095202
0 0.43644510582010576 0.7821453373015873 0.014546957671957609 0.012001488095238155
0 0.34260912698412693 0.5396453373015873 0.011154100529100486 0.0052728174603173805
0 0.38685846560846554 0.1976736111111111 0.012850529100529121 0.00836557539682542
0 0.6169642857142857 0.22604166666666664 0.011395502645502672 0.007274305555555527
0 0.49403108465608464 0.2187673611111111 0.009457671957671998 0.007638888888888862