0 0.2796223958333333 0.361083984375 0.057942708333333336 0.056640625
0 0.5641276041666666 0.5537109375 0.033203125 0.03076171875
0 0.4287109375 0.8291015625 0.048177083333333336 0.0439453125
0 0.5953776041666666 0.93359375 0.04296875 0.03466796875
0 0.3209635416666667 0.643798828125 0.052734375 0.04541015625
0 0.3844401041666667 0.427978515625 0.04296875 0.03955078125
0 0.41796875 0.479736328125 0.047526041666666664 0.0322265625
0 0.5266927083333334 0.469482421875 0.055989583333333336 0.0439453125
0 0.6292317708333334 0.21484375 0.043619791666666664 0.04052734375
0 0.6344401041666666 0.811767578125 0.0546875 0.04736328125
0 0.5416666666666666 0.900634765625 0.041666666666666664 0.0380859375
0 0.26171875 0.886962890625 0.048828125 0.0390625
0 0.4654947916666667 0.21728515625 0.045572916666666664 0.0400390625
0 0.4449869791666667 0.314453125 0.039713541666666664 0.04150390625
0 0.35546875 0.9130859375 0.033203125 0.02490234375
0 0.3681640625 0.74365234375 0.043619791666666664 0.04296875
0 0.435546875 0.44970703125 0.046223958333333336 0.03564453125
0 0.5107421875 0.93603515625 0.049479166666666664 0.03662109375
0 0.4069010416666667 0.759765625 0.043619791666666664 0.03369140625
0 0.6155598958333334 0.248046875 0.033854166666666664 0.02685546875
0 0.2819010416666667 0.555908203125 0.07356770833333333 0.0546875
0 0.4762369791666667 0.741943359375 0.07161458333333333 0.05859375
0 0.6012369791666666 0.45556640625 0.032552083333333336 0.0322265625
0 0.6868489583333334 0.630126953125 0.036458333333333336 0.037109375
0 0.3310546875 0.341552734375 0.059244791666666664 0.068359375
0 0.6888020833333334 0.2216796875 0.031901041666666664 0.02490234375
0 0.5888671875 0.755615234375 0.046875 0.02978515625
0 0.37890625 0.82421875 0.057291666666666664 0.0517578125
0 0.4615885416666667 0.917236328125 0.0625 0.048828125
0 0.5758463541666666 0.376220703125 0.046223958333333336 0.0380859375
0 0.576171875 0.235107421875 0.048177083333333336 0.03369140625
0 0.6455078125 0.862548828125 0.037109375 0.03173828125
0 0.5677083333333334 0.446044921875 0.039713541666666664 0.04443359375
0 0.50390625 0.5771484375 0.033203125 0.029296875
0 0.6754557291666666 0.8974609375 0.037109375 0.0322265625
0 0.6598307291666666 0.233642578125 0.016276041666666668 0.015625
0 0.3528645833333333 0.25927734375 0.033203125 0.02587890625
0 0.6494140625 0.252685546875 0.024088541666666668 0.02099609375
0 0.5133463541666666 0.357177734375 0.051432291666666664 0.03466796875
0 0.4225260416666667 0.202880859375 0.050130208333333336 0.0615234375
0 0.3805338541666667 0.330078125 0.032552083333333336 0.02783203125
0 0.50390625 0.86279296875 0.030598958333333332 0.02978515625
0 0.5751953125 0.714111328125 0.020182291666666668 0.0185546875
0 0.603515625 0.54150390625 0.028645833333333332 0.02490234375
0 0.6722005208333334 0.5458984375 0.0234375 0.015625
0 0.6263020833333334 0.6904296875 0.035807291666666664 0.0263671875
0 0.5364583333333334 0.3916015625 0.037109375 0.03369140625
0 0.5699869791666666 0.681884765625 0.01953125 0.0146484375
0 0.2646484375 0.24560546875 0.032552083333333336 0.029296875
0 0.5322265625 0.1796875 0.016276041666666668 0.0205078125
0 0.6689453125 0.575439453125 0.04296875 0.04345703125
0 0.3180338541666667 0.85205078125 0.018229166666666668 0.013671875
0 0.23567708333333334 0.46240234375 0.026692708333333332 0.01806640625
0 0.23209635416666666 0.614013671875 0.020833333333333332 0.02197265625
0 0.337890625 0.293212890625 0.017578125 0.01708984375
0 0.5013020833333334 0.425537109375 0.03125 0.01953125
0 0.6165364583333334 0.358642578125 0.014322916666666666 0.01318359375
0 0.6025390625 0.633056640625 0.020182291666666668 0.01708984375
0 0.6373697916666666 0.330078125 0.018880208333333332 0.01318359375
0 0.666015625 0.716064453125 0.014973958333333334 0.0126953125
0 0.6988932291666666 0.515380859375 0.018880208333333332 0.0205078125
0 0.3128255208333333 0.960205078125 0.018229166666666668 0.01416015625
0 0.4879557291666667 0.329833984375 0.01171875 0.013671875
0 0.4925130208333333 0.83251953125 0.037109375 0.033203125
0 0.384765625 0.394287109375 0.018229166666666668 0.013671875
0 0.4873046875 0.260009765625 0.07096354166666667 0.07080078125
0 0.349609375 0.43603515625 0.02734375 0.0234375
0 0.2991536458333333 0.236328125 0.016927083333333332 0.01318359375
0 0.3082682291666667 0.8251953125 0.024088541666666668 0.02880859375
0 0.3268229166666667 0.68994140625 0.018880208333333332 0.01708984375
0 0.23502604166666666 0.246337890625 0.017578125 0.01220703125
0 0.67578125 0.76904296875 0.021484375 0.0185546875
0 0.6695963541666666 0.52978515625 0.016276041666666668 0.0126953125
0 0.3141276041666667 0.4189453125 0.025390625 0.013671875
0 0.4378255208333333 0.59033203125 0.06640625 0.04443359375
0 0.5921223958333334 0.282470703125 0.026692708333333332 0.02392578125
0 0.5670572916666666 0.41552734375 0.018880208333333332 0.0146484375
0 0.564453125 0.81884765625 0.038411458333333336 0.02978515625
0 0.6422526041666666 0.718017578125 0.017578125 0.0166015625
0 0.6832682291666666 0.688720703125 0.017578125 0.0146484375
0 0.24674479166666666 0.712158203125 0.014973958333333334 0.01220703125
0 0.3274739583333333 0.199951171875 0.018880208333333332 0.01220703125
0 0.3251953125 0.26708984375 0.016276041666666668 0.01025390625
0 0.546875 0.280517578125 0.032552083333333336 0.01513671875
0 0.6774088541666666 0.31689453125 0.016927083333333332 0.00830078125
0 0.580078125 0.402587890625 0.026041666666666668 0.01318359375
0 0.4462890625 0.39990234375 0.026692708333333332 0.01513671875
0 0.5872395833333334 0.476318359375 0.020833333333333332 0.017578125
0 0.5833333333333334 0.51513671875 0.014973958333333334 0.01025390625
0 0.5130208333333334 0.5185546875 0.013020833333333334 0.01611328125
0 0.2760416666666667 0.284912109375 0.013671875 0.01025390625
0 0.2509765625 0.266357421875 0.028645833333333332 0.01708984375
0 0.4759114583333333 0.396240234375 0.022135416666666668 0.01220703125
0 0.419921875 0.393798828125 0.013671875 0.00830078125
0 0.4527994791666667 0.4228515625 0.014973958333333334 0.00927734375
0 0.4866536458333333 0.3759765625 0.014973958333333334 0.01171875
0 0.4873046875 0.386962890625 0.018880208333333332 0.0126953125
0 0.6292317708333334 0.54541015625 0.037760416666666664 0.02197265625
0 0.658203125 0.590576171875 0.016927083333333332 0.01318359375
0 0.6923828125 0.531982421875 0.01953125 0.01318359375
0 0.572265625 0.60400390625 0.012369791666666666 0.01220703125
0 0.484375 0.787353515625 0.029296875 0.0244140625
0 0.5139973958333334 0.824462890625 0.018880208333333332 0.01220703125
0 0.7018229166666666 0.832763671875 0.01171875 0.01318359375
0 0.6311848958333334 0.92578125 0.052734375 0.0400390625
0 0.6357421875 0.900146484375 0.026041666666666668 0.0146484375
0 0.3561197916666667 0.857177734375 0.037109375 0.033203125
0 0.23046875 0.897216796875 0.016276041666666668 0.01611328125
0 0.4280598958333333 0.9287109375 0.014322916666666666 0.0078125
0 0.2805989583333333 0.827392578125 0.046223958333333336 0.05615234375
0 0.3365885416666667 0.6103515625 0.054036458333333336 0.02978515625
0 0.26171875 0.58203125 0.013671875 0.01123046875
0 0.4759114583333333 0.6328125 0.025390625 0.01708984375
0 0.3512369791666667 0.669189453125 0.011067708333333334 0.01025390625
0 0.6136067708333334 0.674072265625 0.02734375 0.01513671875
0 0.3515625 0.558349609375 0.021484375 0.01171875
0 0.3365885416666667 0.4453125 0.020833333333333332 0.01708984375
0 0.4645182291666667 0.4755859375 0.012369791666666666 0.01171875
0 0.4348958333333333 0.48828125 0.01953125 0.0126953125
0 0.3206380208333333 0.378662109375 0.016276041666666668 0.0146484375
0 0.3662109375 0.3759765625 0.016276041666666668 0.01171875
0 0.2864583333333333 0.4375 0.07877604166666667 0.0400390625
0 0.22884114583333334 0.412109375 0.016276041666666668 0.0107421875
0 0.5374348958333334 0.314208984375 0.078125 0.05078125
0 0.6539713541666666 0.529296875 0.014973958333333334 0.01025390625
0 0.5986328125 0.496826171875 0.009114583333333334 0.01123046875
0 0.6861979166666666 0.49609375 0.016927083333333332 0.01220703125
0 0.5504557291666666 0.747314453125 0.014322916666666666 0.01416015625
0 0.5791015625 0.780029296875 0.036458333333333336 0.0390625
0 0.5979817708333334 0.7958984375 0.010416666666666666 0.01171875
0 0.6116536458333334 0.826416015625 0.015625 0.01513671875
0 0.40625 0.623291015625 0.036458333333333336 0.0361328125
0 0.5983072916666666 0.651123046875 0.014322916666666666 0.01416015625