0 0.5481150793650793 0.3173363095238095 0.02347883597883597 0.019593253968253954
0 0.7132936507936507 0.45039682539682535 0.023148148148148213 0.020337301587301626
0 0.6901455026455027 0.4429563492063492 0.020502645502645578 0.01835317460317465
0 0.46957671957671954 0.7780257936507936 0.029100529100529144 0.01736111111111116
0 0.658234126984127 0.3624751984126984 0.024801587301587286 0.018601190476190466
0 0.5815145502645502 0.4202628968253968 0.020833333333333332 0.018601190476190466
0 0.6554232804232804 0.8361855158730158 0.023148148148148213 0.023065476190476275
0 0.5588624338624338 0.8018353174603174 0.02579365079365085 0.024801587301587213
0 0.4169973544973545 0.9133184523809523 0.023148148148148213 0.02256944444444442
0 0.6731150793650794 0.2829861111111111 0.02215608465608465 0.018849206349206393
0 0.6340939153439152 0.3485863095238095 0.020833333333333332 0.015128968253968256
0 0.7417328042328042 0.9076140873015872 0.03240740740740744 0.030505952380952328
0 0.7118055555555555 0.564236111111111 0.01620370370370357 0.015873015873015817
0 0.7561177248677248 0.8482142857142857 0.026785714285714413 0.01835317460317465
0 0.43832671957671954 0.20994543650793648 0.02347883597883597 0.02256944444444442
0 0.7265211640211641 0.8482142857142857 0.023148148148148213 0.01835317460317465
0 0.6369047619047619 0.2517361111111111 0.019179894179894113 0.020337301587301626
0 0.6954365079365079 0.5288938492063492 0.01984126984126977 0.02256944444444442
0 0.5823412698412699 0.480406746031746 0.022486772486772555 0.015376984126984072
0 0.5261243386243386 0.5004960317460317 0.023809523809523874 0.019345238095238138
0 0.3040674603174603 0.28360615079365076 0.019510582010582016 0.019593253968253954
0 0.7351190476190476 0.4030257936507936 0.023148148148148213 0.022321428571428603
0 0.759755291005291 0.9327876984126984 0.02347883597883597 0.023809523809523725
0 0.6913029100529101 0.8597470238095237 0.027447089947089925 0.025545634920634885
0 0.7104828042328042 0.3525545634920635 0.01752645502645489 0.017609126984126977
0 0.5942460317460317 0.8308531746031745 0.047619047619047596 0.038690476190476275
0 0.5234788359788359 0.6702628968253967 0.02513227513227519 0.021081349206349298
0 0.69510582010582 0.3067956349206349 0.02579365079365085 0.016369047619047672
0 0.624834656084656 0.2898065476190476 0.02347883597883597 0.012648809523809534
0 0.6418650793650793 0.3974454365079365 0.027116402116402167 0.02157738095238093
0 0.5808531746031745 0.19357638888888887 0.02347883597883597 0.022073412698412676
0 0.6195436507936508 0.9379960317460317 0.020833333333333332 0.01835317460317465
0 0.611276455026455 0.6586061507936507 0.02347883597883597 0.02008928571428581
0 0.5987103174603174 0.9450644841269841 0.014880952380952403 0.011656746031746046
0 0.7225529100529101 0.47482638888888884 0.017195767195767136 0.01810515873015872
0 0.6048280423280423 0.40761408730158727 0.023148148148148213 0.019593253968253954
0 0.5099206349206349 0.8272569444444444 0.019179894179894113 0.018105158730158832
0 0.2743055555555555 0.8423859126984127 0.020833333333333332 0.017609126984126977
0 0.36789021164021163 0.9231150793650793 0.04265873015873023 0.0367063492063493
0 0.46114417989417983 0.3792162698412698 0.019510582010582016 0.02083333333333337
0 0.2789351851851852 0.7749255952380952 0.03009259259259256 0.02356150793650791
0 0.6116071428571428 0.2214781746031746 0.018187830687830697 0.013888888888888895
0 0.5950727513227513 0.7217261904761905 0.02215608465608465 0.022321428571428603
0 0.5963955026455027 0.25322420634920634 0.026785714285714263 0.021329365079365115
0 0.5264550264550264 0.35825892857142855 0.042328042328042326 0.0424107142857143
0 0.4031084656084656 0.36073908730158727 0.01851851851851845 0.016121031746031744
0 0.6056547619047619 0.35788690476190477 0.034060846560846514 0.02777777777777779
0 0.6560846560846559 0.6071428571428571 0.023148148148148213 0.021329365079365115
0 0.46709656084656087 0.4410962301587301 0.019510582010582016 0.017113095238095233
0 0.7433862433862434 0.7163938492063492 0.015211640211640306 0.012152777777777679
0 0.7437169312169312 0.421875 0.016534391534391624 0.015873015873015817
0 0.7189153439153438 0.6199156746031745 0.022486772486772406 0.019593253968253954
0 0.7008928571428571 0.6314484126984127 0.02215608465608465 0.015873015873015817
0 0.5889550264550264 0.6378968253968254 0.01388888888888884 0.012896825396825351
0 0.5709325396825397 0.3736359126984127 0.02414021164021163 0.02256944444444442
0 0.7371031746031745 0.572048611111111 0.013888888888888987 0.013640873015873023
0 0.720734126984127 0.23685515873015872 0.018187830687830697 0.021825396825396803
0 0.7242063492063492 0.37549603174603174 0.030423280423280314 0.02083333333333337
0 0.7142857142857143 0.3968253968253968 0.017195767195767136 0.015873015873015928
0 0.5388558201058201 0.8986855158730158 0.04199735449735457 0.03298611111111116
0 0.41550925925925924 0.48909970238095235 0.02414021164021163 0.009947916666666612
0 0.6567460317460317 0.9247271825396824 0.012566137566137522 0.015128968253968145
0 0.5347222222222222 0.5354662698412698 0.017195767195767136 0.014384920634920695
0 0.40228174603174605 0.22581845238095236 0.026785714285714263 0.014136904761904767
0 0.39831349206349204 0.259796626984127 0.018187830687830697 0.014136904761904767
0 0.6048280423280423 0.6786954365079365 0.019179894179894113 0.015128968253968145
0 0.5304232804232804 0.4305555555555555 0.021825396825396748 0.015873015873015928
0 0.7490079365079364 0.7929067460317459 0.023809523809523725 0.022321428571428603
0 0.5654761904761905 0.636656746031746 0.015873015873015817 0.011904761904761862
0 0.29563492063492064 0.20808531746031744 0.020502645502645505 0.016369047619047616
0 0.4995039682539682 0.22941468253968253 0.01752645502645504 0.01686507936507936
0 0.5162037037037036 0.5472470238095237 0.016534391534391474 0.012648809523809534
0 0.41170634920634913 0.783234126984127 0.027116402116402167 0.012896825396825351
0 0.6575727513227513 0.531125992063492 0.025462962962963093 0.022073412698412787
0 0.4938822751322751 0.29749503968253965 0.040013227513227445 0.0200892857142857
0 0.6701388888888888 0.4108382936507936 0.033399470899471005 0.03149801587301582
0 0.5438161375661376 0.2659970238095238 0.018187830687830697 0.010664682539682557
0 0.2891865079365079 0.8798363095238094 0.012235449735449766 0.013144841269841168
0 0.40922619047619047 0.6121031746031745 0.012235449735449766 0.01140873015873023
0 0.7124669312169312 0.4321676587301587 0.019510582010582016 0.014136904761904767
0 0.6746031746031745 0.755704365079365 0.0145502645502645 0.010912698412698374
0 0.5768849206349206 0.21465773809523808 0.02215608465608465 0.014136904761904767
0 0.6539351851851851 0.7867063492063492 0.014880952380952403 0.01041666666666674
0 0.5416865079365079 0.40840773809523806 0.021785714285714224 0.01304563492063493
0 0.521494708994709 0.2235863095238095 0.02116402116402109 0.018601190476190466
0 0.6013558201058201 0.515625 0.02215608465608465 0.019345238095238138
0 0.3546626984126984 0.331969246031746 0.01620370370370372 0.012648809523809534
0 0.31051587301587297 0.3423859126984127 0.019841269841269844 0.014632936507936511
0 0.6798941798941799 0.7136656746031745 0.017857142857142943 0.016121031746031855
0 0.5691137566137566 0.7182539682539683 0.01388888888888884 0.013392857142857206
0 0.6235119047619048 0.6227678571428571 0.01554232804232806 0.012896825396825351
0 0.3295271164021164 0.23248511904761904 0.02924933862433865 0.017981150793650813
0 0.6960978835978836 0.691344246031746 0.01851851851851845 0.016121031746031633
0 0.6207010582010581 0.5435267857142857 0.019179894179894113 0.016121031746031855
0 0.5229828042328042 0.8483382936507936 0.012235449735449766 0.012152777777777679
0 0.5029761904761905 0.20374503968253968 0.017857142857142794 0.014136904761904767
0 0.47784391534391535 0.3934771825396825 0.017195767195767136 0.012648809523809534
0 0.5709325396825397 0.9224950396825397 0.018187830687830697 0.013640873015873023
0 0.3778108465608465 0.29228670634920634 0.014880952380952403 0.015128968253968256
0 0.41137566137566134 0.3173363095238095 0.0145502645502645 0.010168650793650813
0 0.337797619047619 0.2535962301587301 0.01620370370370372 0.01215277777777779
0 0.3396164021164021 0.5802331349206349 0.017857142857142794 0.01116071428571419
0 0.6455026455026455 0.7483878968253967 0.01851851851851845 0.017113095238095344
0 0.37285052910052907 0.572296626984127 0.014219576719576743 0.011656746031746046
0 0.628968253968254 0.5257936507936508 0.015873015873015817 0.010912698412698374
0 0.5459656084656085 0.8244047619047619 0.012566137566137522 0.012896825396825351
0 0.3386243386243386 0.1970486111111111 0.017857142857142794 0.010168650793650813
0 0.7495039682539683 0.6629464285714285 0.016865079365079378 0.015873015873015817
0 0.3837632275132275 0.3263888888888889 0.018187830687830697 0.01388888888888884
0 0.6954365079365079 0.34511408730158727 0.0145502645502645 0.011656746031746046
0 0.45552248677248675 0.5307539682539683 0.01554232804232806 0.013392857142857206
0 0.5168650793650793 0.2405753968253968 0.01388888888888884 0.011904761904761918
0 0.5725859788359788 0.8882688492063492 0.02876984126984124 0.018601190476190466
0 0.627797619047619 0.19928571428571426 0.011173941798941822 0.009950396825396834
0 0.6070205026455027 0.29591517857142857 0.02129960317460311 0.01152281746031747
0 0.41934523809523805 0.29224950396825394 0.011173941798941822 0.007857142857142896
0 0.5029695767195766 0.36361111111111105 0.022695105820105848 0.019117063492063546
0 0.43034391534391525 0.4264608134920635 0.012919973544973503 0.007070932539682495
0 0.3746527777777778 0.3293055555555555 0.023743386243386233 0.014402281746031753
0 0.7063591269841271 0.23948164682539683 0.022347883597883644 0.01859375000000002
0 0.5410284391534391 0.3996180555555555 0.018505291005291042 0.01152281746031747
0 0.5274107142857143 0.4005332341269841 0.017109788359788308 0.014925595238095224
0 0.757685185185185 0.554516369047619 0.012569444444444558 0.008640873015872907
0 0.5310780423280422 0.7082341269841269 0.013267195767195705 0.016498015873015914
0 0.6955357142857143 0.7053546626984126 0.011871693121693264 0.010213293650793709
0 0.7103736772486773 0.7751438492063492 0.009427910052909994 0.008380456349206256
0 0.6733630952380952 0.8755704365079365 0.029679232804232864 0.0133556547619047
0 0.6145271164021163 0.967095734126984 0.012569444444444411 0.00942708333333342
0 0.6192427248677248 0.9248040674603174 0.017109788359788308 0.01125992063492065
0 0.34392526455026456 0.9428720238095237 0.022347883597883644 0.021736111111111178
0 0.39804563492063494 0.9750843253968253 0.015363756613756626 0.01283234126984123
0 0.3804133597883597 0.8521329365079365 0.011521164021164024 0.010999503968253999
0 0.45408730158730154 0.4995213293650793 0.01571097883597883 0.0133556547619047
0 0.6263988095238094 0.6113417658730158 0.012569444444444411 0.008117559523809437
0 0.5923578042328042 0.5039732142857143 0.013617724867724798 0.019640376984126906
0 0.49371693121693117 0.503189484126984 0.013964947089947147 0.015451388888888973
0 0.48481481481481475 0.30953373015873015 0.02129960317460311 0.01204613095238094
0 0.5148412698412699 0.48341765873015874 0.017109788359788308 0.014665178571428572
0 0.5736772486772487 0.7611334325396825 0.012569444444444411 0.014925595238095335
0 0.41637896825396825 0.49533234126984127 0.018505291005291042 0.009689980158730238
0 0.3840806878306878 0.46836061507936505 0.017457010582010508 0.013355654761904812
0 0.44343915343915347 0.23306795634920635 0.011173941798941822 0.008903769841269837