0 0.2526041666666667 0.286376953125 0.0625 0.0380859375
0 0.4658203125 0.25927734375 0.037109375 0.03076171875
0 0.5263671875 0.258544921875 0.042317708333333336 0.03564453125
0 0.5716145833333334 0.242919921875 0.044270833333333336 0.0185546875
0 0.5631510416666666 0.291748046875 0.039713541666666664 0.02880859375
0 0.4635416666666667 0.3076171875 0.0390625 0.0263671875
0 0.4143880208333333 0.32177734375 0.036458333333333336 0.0244140625
0 0.2747395833333333 0.322509765625 0.029296875 0.02685546875
0 0.400390625 0.346435546875 0.028645833333333332 0.02197265625
0 0.4964192708333333 0.30908203125 0.020182291666666668 0.0185546875
0 0.591796875 0.336181640625 0.030598958333333332 0.02783203125
0 0.6295572916666666 0.322265625 0.01953125 0.01220703125
0 0.4645182291666667 0.37255859375 0.026041666666666668 0.01904296875
0 0.5110677083333334 0.407470703125 0.031901041666666664 0.0244140625
0 0.462890625 0.43505859375 0.046875 0.029296875
0 0.4339192708333333 0.4736328125 0.055338541666666664 0.03515625
0 0.5432942708333334 0.47314453125 0.029296875 0.021484375
0 0.5579427083333334 0.46240234375 0.024739583333333332 0.02685546875
0 0.5953776041666666 0.4541015625 0.033203125 0.02294921875
0 0.609375 0.4755859375 0.029947916666666668 0.02685546875
0 0.6809895833333334 0.491455078125 0.032552083333333336 0.02392578125
0 0.6468098958333334 0.42431640625 0.015625 0.017578125
0 0.6647135416666666 0.3828125 0.040364583333333336 0.0224609375
0 0.2451171875 0.401611328125 0.040364583333333336 0.02880859375
0 0.4134114583333333 0.53125 0.031901041666666664 0.03271484375
0 0.3251953125 0.489013671875 0.028645833333333332 0.01953125
0 0.2766927083333333 0.46728515625 0.027994791666666668 0.0224609375
0 0.24674479166666666 0.481201171875 0.034505208333333336 0.0283203125
0 0.28515625 0.50927734375 0.01953125 0.01611328125
0 0.2314453125 0.50244140625 0.024739583333333332 0.0224609375
0 0.3421223958333333 0.557373046875 0.029947916666666668 0.01904296875
0 0.4469401041666667 0.64013671875 0.03515625 0.0283203125
0 0.5504557291666666 0.688720703125 0.061848958333333336 0.04931640625
0 0.6184895833333334 0.60498046875 0.025390625 0.02685546875
0 0.5862630208333334 0.560546875 0.015625 0.02490234375
0 0.67578125 0.53564453125 0.03515625 0.0283203125
0 0.6930338541666666 0.572998046875 0.034505208333333336 0.0322265625
0 0.7086588541666666 0.5224609375 0.015625 0.02490234375
0 0.6510416666666666 0.635009765625 0.046875 0.04248046875
0 0.6315104166666666 0.71826171875 0.034505208333333336 0.0244140625
0 0.6809895833333334 0.7109375 0.026692708333333332 0.02197265625
0 0.6494140625 0.767822265625 0.024739583333333332 0.03955078125
0 0.7008463541666666 0.761474609375 0.03125 0.0283203125
0 0.6494140625 0.804931640625 0.026041666666666668 0.02392578125
0 0.6516927083333334 0.841064453125 0.03125 0.041015625
0 0.6998697916666666 0.833740234375 0.016276041666666668 0.02294921875
0 0.3863932291666667 0.775390625 0.037109375 0.02685546875
0 0.3170572916666667 0.7568359375 0.046223958333333336 0.0458984375
0 0.2698567708333333 0.734619140625 0.037760416666666664 0.02978515625
0 0.234375 0.72509765625 0.020182291666666668 0.0302734375
0 0.2542317708333333 0.71875 0.03125 0.03466796875
0 0.2763671875 0.667236328125 0.038411458333333336 0.02099609375
0 0.236328125 0.569580078125 0.029947916666666668 0.02197265625
0 0.251953125 0.805419921875 0.034505208333333336 0.02294921875
0 0.3141276041666667 0.854248046875 0.024739583333333332 0.02734375
0 0.2503255208333333 0.881103515625 0.030598958333333332 0.03076171875
0 0.2919921875 0.916259765625 0.029947916666666668 0.0263671875
0 0.4235026041666667 0.90771484375 0.037760416666666664 0.0322265625
0 0.5911458333333334 0.916259765625 0.031901041666666664 0.02880859375
0 0.619140625 0.873046875 0.026692708333333332 0.02294921875
0 0.5983072916666666 0.83251953125 0.027994791666666668 0.01904296875
0 0.5807291666666666 0.785888671875 0.024739583333333332 0.01416015625
0 0.6949869791666666 0.279296875 0.034505208333333336 0.01611328125
0 0.2158203125 0.357421875 0.024739583333333332 0.0244140625
0 0.24348958333333334 0.34033203125 0.015625 0.01123046875
0 0.330078125 0.356689453125 0.015625 0.009765625
0 0.3330078125 0.30517578125 0.021484375 0.01416015625
0 0.2490234375 0.205810546875 0.014322916666666666 0.0107421875
0 0.22200520833333334 0.211669921875 0.009765625 0.01171875
0 0.4934895833333333 0.3505859375 0.013020833333333334 0.01171875
0 0.3880208333333333 0.242919921875 0.026041666666666668 0.01708984375
0 0.2763671875 0.24169921875 0.014973958333333334 0.01806640625
0 0.2649739583333333 0.263427734375 0.028645833333333332 0.017578125
0 0.373046875 0.3388671875 0.011067708333333334 0.00830078125
0 0.3987630208333333 0.284912109375 0.01171875 0.00830078125
0 0.3307291666666667 0.332763671875 0.016276041666666668 0.0126953125
0 0.2275390625 0.298828125 0.010416666666666666 0.00927734375
0 0.3440755208333333 0.400390625 0.021484375 0.01171875
0 0.3619791666666667 0.4033203125 0.01953125 0.01416015625
0 0.3349609375 0.4580078125 0.018229166666666668 0.01123046875
0 0.287109375 0.4853515625 0.024739583333333332 0.02197265625
0 0.22102864583333334 0.483154296875 0.013020833333333334 0.00732421875
0 0.6402994791666666 0.531005859375 0.012369791666666666 0.00830078125
0 0.7001953125 0.54638671875 0.007161458333333333 0.00732421875
0 0.5901692708333334 0.656982421875 0.012369791666666666 0.01220703125
0 0.5530598958333334 0.5966796875 0.01171875 0.01416015625
0 0.4423828125 0.61279296875 0.018880208333333332 0.01123046875
0 0.4775390625 0.5908203125 0.018880208333333332 0.013671875
0 0.5882161458333334 0.61767578125 0.013671875 0.00927734375
0 0.5963541666666666 0.565673828125 0.013671875 0.00732421875
0 0.6813151041666666 0.60595703125 0.017578125 0.01171875
0 0.6292317708333334 0.680908203125 0.020182291666666668 0.01123046875
0 0.478515625 0.66552734375 0.016276041666666668 0.0107421875
0 0.4641927083333333 0.69580078125 0.016927083333333332 0.01611328125
0 0.3212890625 0.669189453125 0.015625 0.01806640625
0 0.3050130208333333 0.66796875 0.014973958333333334 0.013671875
0 0.2545572916666667 0.64208984375 0.016276041666666668 0.01025390625
0 0.33984375 0.642333984375 0.016276041666666668 0.00830078125
0 0.3688151041666667 0.631591796875 0.008463541666666666 0.01025390625
0 0.2854817708333333 0.631103515625 0.01171875 0.01025390625
0 0.2757161458333333 0.650634765625 0.011067708333333334 0.00732421875
0 0.23567708333333334 0.68212890625 0.013020833333333334 0.009765625
0 0.22428385416666666 0.6875 0.012369791666666666 0.0107421875
0 0.2294921875 0.6376953125 0.013671875 0.01171875
0 0.2421875 0.6220703125 0.013020833333333334 0.01220703125
0 0.2802734375 0.61962890625 0.027994791666666668 0.015625
0 0.3017578125 0.578369140625 0.018880208333333332 0.01123046875
0 0.2770182291666667 0.57080078125 0.014973958333333334 0.01025390625
0 0.23470052083333334 0.553466796875 0.016927083333333332 0.01220703125
0 0.2864583333333333 0.538818359375 0.010416666666666666 0.00732421875
0 0.23111979166666666 0.53857421875 0.009114583333333334 0.00537109375
0 0.2392578125 0.584228515625 0.018880208333333332 0.01220703125
0 0.2659505208333333 0.787353515625 0.013671875 0.01123046875
0 0.3404947916666667 0.850830078125 0.024088541666666668 0.01220703125
0 0.22298177083333334 0.848876953125 0.01171875 0.01416015625
0 0.2932942708333333 0.81689453125 0.01171875 0.01220703125
0 0.3170572916666667 0.8173828125 0.021484375 0.01123046875
0 0.3470052083333333 0.78857421875 0.020182291666666668 0.017578125
0 0.2861328125 0.882568359375 0.01171875 0.00830078125
0 0.2509765625 0.9052734375 0.018229166666666668 0.01513671875
0 0.24251302083333334 0.921142578125 0.026692708333333332 0.01513671875
0 0.4078776041666667 0.8515625 0.01171875 0.01025390625
0 0.3014322916666667 0.83984375 0.012369791666666666 0.01318359375
0 0.2623697916666667 0.8623046875 0.014322916666666666 0.00732421875
0 0.2275390625 0.865966796875 0.01171875 0.00537109375
0 0.2838541666666667 0.84228515625 0.01171875 0.00732421875
0 0.2679036458333333 0.819580078125 0.01953125 0.00927734375
0 0.3626302083333333 0.798583984375 0.016276041666666668 0.0078125
0 0.4720052083333333 0.816162109375 0.018880208333333332 0.01513671875
0 0.4430338541666667 0.88671875 0.014322916666666666 0.015625
0 0.6162109375 0.851318359375 0.013020833333333334 0.01513671875
0 0.6949869791666666 0.806640625 0.013020833333333334 0.0078125
0 0.6272786458333334 0.818603515625 0.016927083333333332 0.013671875
0 0.7001953125 0.78271484375 0.0078125 0.009765625
0 0.5729166666666666 0.716552734375 0.0078125 0.0087890625
0 0.6279296875 0.666259765625 0.018229166666666668 0.01318359375
0 0.646484375 0.649169921875 0.022135416666666668 0.01318359375
0 0.650390625 0.595458984375 0.041666666666666664 0.02587890625
0 0.7005208333333334 0.55419921875 0.0078125 0.00634765625
0 0.6376953125 0.44775390625 0.014322916666666666 0.0068359375
0 0.6090494791666666 0.4267578125 0.0234375 0.01806640625
0 0.7001953125 0.451416015625 0.010416666666666666 0.00634765625
0 0.58984375 0.389404296875 0.009765625 0.0078125
0 0.6080729166666666 0.387451171875 0.0234375 0.01025390625
0 0.6119791666666666 0.35986328125 0.012369791666666666 0.00732421875
0 0.6223958333333334 0.362548828125 0.0078125 0.00537109375
0 0.6923828125 0.361083984375 0.01171875 0.0087890625
0 0.6097005208333334 0.23583984375 0.016276041666666668 0.0087890625
0 0.6041666666666666 0.204833984375 0.015625 0.005859375
0 0.5478515625 0.263427734375 0.010416666666666666 0.0087890625
0 0.6233723958333334 0.336669921875 0.017578125 0.0166015625
0 0.4222005208333333 0.34521484375 0.01171875 0.0068359375
0 0.3030598958333333 0.48486328125 0.016276041666666668 0.0146484375
0 0.2314453125 0.6728515625 0.01171875 0.0078125
0 0.5074869791666666 0.6015625 0.018880208333333332 0.01171875
0 0.6653645833333334 0.5859375 0.016276041666666668 0.01025390625
0 0.4573567708333333 0.753662109375 0.024739583333333332 0.01708984375
0 0.357421875 0.70751953125 0.01171875 0.00830078125
0 0.5725911458333334 0.8701171875 0.013671875 0.01171875
0 0.5670572916666666 0.76318359375 0.017578125 0.01318359375
0 0.333984375 0.7314453125 0.011067708333333334 0.009765625