0 0.3580084325396825 0.620542328042328 0.02572172619047619 0.031117724867724867
0 0.5214608134920635 0.30791666666666667 0.031383928571428577 0.035350529100529084
0 0.24285218253968255 0.390135582010582 0.015885416666666652 0.022837301587301646
0 0.8860069444444444 0.7108267195767195 0.02240575396825406 0.030674603174603316
0 0.830250496031746 0.4360185185185185 0.02572172619047608 0.03230820105820106
0 0.8068253968253968 0.42379298941798943 0.016376488095238173 0.0192625661375662
0 0.15732886904761906 0.7152777777777777 0.015034722222222241 0.022109788359788496
0 0.22140625 0.7945039682539682 0.020605158730158724 0.025674603174603128
0 0.23523561507936508 0.4946296296296296 0.016024305555555562 0.022953042328042333
0 0.8363591269841268 0.5054034391534391 0.031835317460317425 0.03922949735449732
0 0.8823759920634919 0.4639186507936508 0.025620039682539675 0.016676587301587276
0 0.6387177579365079 0.46097222222222217 0.017651289682539595 0.01932870370370369
0 0.8487872023809523 0.5614384920634921 0.021899801587301537 0.02421957671957668
0 0.2996800595238095 0.34598875661375655 0.012787698412698445 0.01795304232804229
0 0.30693700396825396 0.6347354497354497 0.017931547619047583 0.01772156084656092
0 0.7604042658730158 0.426223544973545 0.05534474206349205 0.0399338624338624
0 0.6471304563492063 0.7824867724867723 0.04049603174603167 0.05081349206349195
0 0.5921701388888889 0.7711772486772487 0.03863343253968243 0.05050925925925931
0 0.4941393849206348 0.6557705026455026 0.012187500000000018 0.01649470899470895
0 0.11652281746031745 0.6126388888888888 0.01671130952380953 0.02020502645502642
0 0.7351785714285713 0.791464947089947 0.033809523809523734 0.034626322751322824
0 0.4595808531746031 0.7805059523809524 0.025840773809523765 0.04741402116402119
0 0.8421428571428571 0.6104794973544972 0.013271329365079465 0.014758597883597938
0 0.8300520833333332 0.2893518518518518 0.024990079365079465 0.027222222222222186
0 0.38756944444444447 0.5360615079365079 0.014424603174603146 0.01584656084656085
0 0.8798586309523809 0.6416236772486772 0.04243551587301586 0.03413359788359793
0 0.839828869047619 0.3845072751322751 0.016889880952380976 0.019295634920634946
0 0.6742187499999999 0.2876488095238095 0.01721478174603175 0.0209457671957672
0 0.4081894841269841 0.6686904761904762 0.01912946428571427 0.020562169312169292
0 0.705999503968254 0.31115740740740744 0.01695932539682543 0.022655423280423248
0 0.6666865079365079 0.31115740740740744 0.01233382936507943 0.01854497354497357
0 0.6052356150793651 0.36006613756613753 0.014977678571428621 0.01534391534391529
0 0.5894890873015873 0.41718253968253965 0.01651785714285725 0.018571428571428534
0 0.6747247023809523 0.3988227513227513 0.015195932539682433 0.014160052910052881
0 0.6662450396825397 0.3710681216931216 0.022465277777777848 0.026187169312169356
0 0.7549975198412698 0.712473544973545 0.01462549603174601 0.021385582010582087
0 0.799861111111111 0.6722420634920634 0.014471726190476097 0.02420634920634927
0 0.8525694444444444 0.667771164021164 0.015081845238095193 0.012417328042327943
0 0.8820486111111111 0.6610747354497354 0.012187500000000018 0.011213624338624347
0 0.8422073412698413 0.7796759259259258 0.017547123015873023 0.016015211640211763
0 0.8942212301587301 0.7790443121693121 0.019469246031746046 0.020982142857142765
0 0.8090376984126983 0.7917129629629628 0.012403273809523885 0.021613756613756568
0 0.7879960317460316 0.7997751322751322 0.013033234126984095 0.021408730158730016
0 0.7745709325396826 0.7623941798941799 0.013816964285714217 0.02201719576719589
0 0.711842757936508 0.7710846560846562 0.01899801587301586 0.019722222222222346
0 0.6889186507936507 0.7767394179894179 0.012090773809523725 0.021818783068783116
0 0.7001463293650793 0.8090972222222222 0.02355158730158724 0.02624007936507944
0 0.6542956349206348 0.8122354497354496 0.009422123015873085 0.013253968253968296
0 0.6438541666666666 0.8162169312169311 0.013033234126984095 0.02079695767195755
0 0.6025595238095238 0.7997751322751322 0.01366071428571436 0.018478835978836077
0 0.5928224206349206 0.810350529100529 0.014603174603174507 0.01702050264550259
0 0.6363963293650793 0.7368551587301587 0.01287450396825407 0.023693783068783187
0 0.615642361111111 0.6976818783068782 0.01304563492063493 0.017999338624338595
0 0.6305505952380952 0.678667328042328 0.01361855158730152 0.0162896825396824
0 0.6508358134920634 0.6592625661375662 0.013189484126984174 0.022585978835978793
0 0.6602976190476191 0.6687268518518518 0.012901785714285685 0.01896164021164015
0 0.5377058531746032 0.7391005291005291 0.01014632936507942 0.0138227513227512
0 0.4812078373015873 0.6834821428571428 0.00859871031746029 0.014487433862433896
0 0.4683110119047619 0.6803835978835978 0.00997519841269845 0.016091269841269924
0 0.4456944444444444 0.7248842592592593 0.01117807539682536 0.020704365079364944
0 0.4207564484126984 0.7111210317460316 0.01220982142857141 0.01656746031746022
0 0.4278943452380952 0.7833564814814814 0.01375744047619043 0.01794973544973555
0 0.4318501984126984 0.7480324074074075 0.0089434523809524 0.01701058201058192
0 0.4703745039682539 0.8190277777777776 0.02166914682539678 0.020958994708994833
0 0.1716393849206349 0.8036574074074075 0.015823412698412698 0.021402116402116533
0 0.20938988095238095 0.8135218253968254 0.009804067460317478 0.014986772486772418
0 0.2289955357142857 0.7408068783068783 0.01152281746031747 0.014940476190476263
0 0.09562251984126983 0.7313029100529099 0.012038690476190467 0.016114417989417856
0 0.08822668650793651 0.794484126984127 0.010319940476190476 0.013144841269841242
0 0.03413938492063492 0.7467824074074074 0.013931051587301582 0.013131613756613683
0 0.08478670634920635 0.7032109788359788 0.011693948412698413 0.02276124338624334
0 0.16914434523809524 0.6614781746031745 0.008772321428571428 0.014047619047619087
0 0.2083581349206349 0.6818915343915344 0.014962797619047619 0.010846560846560807
0 0.13749999999999998 0.5636805555555555 0.010491071428571419 0.018875661375661323
0 0.10611359126984127 0.4886739417989418 0.01066220238095239 0.013323412698412676
0 0.2106795634920635 0.5706547619047618 0.016165674603174585 0.012185846560846572
0 0.19287946428571429 0.6487599206349205 0.01220982142857141 0.017050264550264593
0 0.323844246031746 0.688776455026455 0.00997519841269845 0.019117063492063362
0 0.2692212301587301 0.4879927248677249 0.00963045634920634 0.012840608465608453
0 0.33733134920634916 0.5724603174603174 0.01903273809523809 0.020026455026454986
0 0.33578125 0.541577380952381 0.00813988095238094 0.015747354497354465
0 0.3759126984126984 0.5658862433862434 0.012497519841269789 0.018802910052910054
0 0.3551587301587301 0.49991732804232797 0.00997519841269845 0.013148148148148131
0 0.0877876984126984 0.5924272486772486 0.008807043650793656 0.013048941798941746
0 0.230577876984127 0.7253968253968254 0.010962301587301604 0.011223544973545016
0 0.05979662698412698 0.40439153439153436 0.015071924603174608 0.014874338624338623
0 0.04981398809523809 0.4635019841269841 0.00919890873015873 0.008349867724867751
0 0.1458234126984127 0.27964285714285714 0.014092261904761927 0.014874338624338623
0 0.19485615079365076 0.5783333333333334 0.009198908730158717 0.016180555555555493
0 0.2451587301587302 0.3782936507936508 0.01585565476190476 0.02061838624338626
0 0.3368625992063492 0.26398148148148143 0.016440972222222183 0.017486772486772512
0 0.5437549603174603 0.2692030423280423 0.009002976190476186 0.012265211640211623
0 0.7460466269841269 0.3193088624338624 0.03777777777777769 0.04567129629629633
0 0.7076835317460317 0.2527612433862434 0.015463789682539586 0.021140873015873012
0 0.7342063492063492 0.2517162698412699 0.018789682539682495 0.016964285714285692
0 0.728921130952381 0.2925595238095238 0.012919146825396854 0.017748015873015888
0 0.7236359126984127 0.3121329365079365 0.014484126984126933 0.022966269841269815
0 0.7635664682539681 0.26567791005291 0.013311011904761916 0.015135582010581997
0 0.7661111111111111 0.2826421957671958 0.015659722222222117 0.017748015873015888
0 0.9063541666666667 0.4451025132275132 0.017028769841269886 0.028968253968254015
0 0.9122271825396825 0.5524966931216931 0.018593749999999964 0.02348875661375664
0 0.8686755952380952 0.5474074074074073 0.009786706349206309 0.01278769841269837
0 0.8307043650793651 0.5671130952380953 0.015659722222222117 0.019312169312169242
0 0.8813988095238096 0.7899900793650793 0.014875992063491994 0.019834656084655993
0 0.7450694444444443 0.8066931216931216 0.013115079365079385 0.01722552910052914
0 0.6748983134920634 0.7984722222222221 0.016440972222222294 0.021660052910053018
0 0.6741145833333333 0.7818981481481481 0.01174355158730167 0.01722552910052914
0 0.35716517857142854 0.5151388888888889 0.007663690476190421 0.013376322751322759
0 0.3269394841269841 0.6600429894179894 0.014764384920634921 0.017820767195767157
0 0.7702901785714286 0.5223478835978835 0.012996031746031811 0.015866402116402185
0 0.6076909722222222 0.47613756613756614 0.016966765873015932 0.015502645502645537
0 0.7396602182539682 0.48745039682539676 0.020109126984126924 0.01633928571428574
0 0.6667931547619048 0.26156415343915346 0.011101190476190403 0.011739417989417985
0 0.6543526785714285 0.3048148148148148 0.014161706349206327 0.015565476190476213
0 0.8079414682539682 0.29996693121693124 0.01703373015873022 0.0216898148148148
0 0.7950223214285714 0.25824404761904757 0.01607638888888885 0.0188822751322751
0 0.7543526785714286 0.273938492063492 0.0112921626984126 0.01403439153439153
0 0.9326314484126983 0.660542328042328 0.01607638888888885 0.019649470899470927
0 0.8468278769841269 0.691193783068783 0.013764880952380931 0.020145502645502706
0 0.9018328373015873 0.737172619047619 0.008479662698412715 0.014953703703703821
0 0.905751488095238 0.7149867724867724 0.01212797619047623 0.01920965608465597
0 0.9009647817460317 0.7510317460317459 0.012400793650793718 0.019818121693121544
0 0.7078149801587301 0.7451157407407406 0.014553571428571388 0.013898809523809655
0 0.4835094246031746 0.7972751322751322 0.017594246031745975 0.0176488095238095