0 0.480324074074074 0.6505456349206349 0.034722222222222175 0.028273809523809534
0 0.31663359788359785 0.4342757936507936 0.040674603174603176 0.02529761904761907
0 0.6362433862433862 0.45473710317460314 0.03174603174603178 0.025545634920634885
0 0.31646825396825395 0.6201636904761905 0.019841269841269844 0.01909722222222232
0 0.6096230158730158 0.701016865079365 0.01752645502645504 0.014136904761904656
0 0.2810846560846561 0.689236111111111 0.03042328042328039 0.029265873015873023
0 0.5343915343915343 0.5747767857142857 0.015211640211640157 0.013144841269841168
0 0.3996362433862433 0.7313988095238095 0.01752645502645504 0.01736111111111116
0 0.4379960317460317 0.687375992063492 0.020833333333333332 0.025545634920634885
0 0.5477843915343915 0.3804563492063492 0.011574074074074106 0.015873015873015817
0 0.46395502645502645 0.7504960317460317 0.019179894179894113 0.02529761904761907
0 0.5481150793650793 0.26190476190476186 0.034722222222222175 0.031746031746031744
0 0.6182208994708994 0.3618551587301587 0.019510582010582016 0.012896825396825351
0 0.23429232804232802 0.3872767857142857 0.012235449735449766 0.011160714285714302
0 0.6241732804232804 0.49838789682539686 0.016865079365079378 0.019593253968253954
0 0.6142526455026455 0.5338541666666666 0.02414021164021163 0.015128968253968145
0 0.20486111111111108 0.3179563492063492 0.014880952380952403 0.009424603174603141
0 0.6471560846560847 0.9210069444444444 0.028439153439153486 0.03447420634920628
0 0.3541666666666667 0.39471726190476186 0.017195767195767136 0.014632936507936511
0 0.3498677248677249 0.36272321428571425 0.0330687830687831 0.027529761904761862
0 0.6256613756613757 0.3423859126984127 0.01322751322751318 0.012648809523809534
0 0.3040674603174603 0.8506944444444444 0.028108465608465583 0.01835317460317465
0 0.49570105820105814 0.19444444444444442 0.015211640211640157 0.012400793650793662
0 0.20767195767195767 0.609375 0.021164021164021163 0.016865079365079305
0 0.6364087301587301 0.4071180555555555 0.014219576719576743 0.012648809523809534
0 0.5257936507936508 0.9739583333333333 0.01322751322751318 0.015873015873015817
0 0.22916666666666666 0.4079861111111111 0.01653439153439155 0.012896825396825351
0 0.6155753968253969 0.25731646825396826 0.021494708994708994 0.015625
0 0.6350859788359788 0.6360367063492063 0.01554232804232806 0.020585317460317443
0 0.6481481481481481 0.185515873015873 0.01388888888888884 0.011904761904761918
0 0.2590939153439153 0.812375992063492 0.020833333333333332 0.01909722222222232
0 0.39401455026455023 0.5261656746031745 0.014219576719576743 0.010664682539682557
0 0.5342261904761905 0.6827876984126984 0.013558201058201083 0.01140873015873023
0 0.3404431216931217 0.5174851190476191 0.010251322751322789 0.010664682539682557
0 0.4525462962962963 0.8761160714285714 0.013558201058201083 0.020585317460317443
0 0.6684854497354498 0.9748263888888888 0.010251322751322789 0.011656746031746046
0 0.3945568783068783 0.23568204365079362 0.032824074074074026 0.0216641865079365
0 0.5372354497354497 0.22386656746031744 0.030198412698412724 0.01772569444444444
0 0.6298015873015873 0.1767609126984127 0.01663029100529097 0.012802579365079336
0 0.3499140211640212 0.436078869047619 0.014444444444444482 0.012802579365079336
0 0.2790112433862434 0.6564980158730158 0.047705026455026424 0.029543650793650844
0 0.3153373015873016 0.24421626984126982 0.024070767195767173 0.02691716269841271
0 0.22802248677248674 0.18152281746031745 0.02013227513227515 0.019037698412698423
0 0.4220171957671958 0.6480456349206349 0.010780423280423316 0.011937003968254034
0 0.5628207671957671 0.8264211309523809 0.03619378306878307 0.036773313492063586
0 0.6617791005291005 0.8226661706349205 0.02310185185185191 0.015401785714285632
0 0.3208796296296296 0.870798611111111 0.026183862433862466 0.029263392857142856
0 0.47361441798941795 0.6982936507936508 0.010780423280423316 0.011552579365079474
0 0.21935185185185188 0.597891865079365 0.016686507936507944 0.00827876984126985
0 0.22795304232804234 0.5017237103174603 0.010267857142857162 0.0069320436507935845
0 0.5601752645502646 0.29679563492063493 0.010211640211640264 0.008784722222222263
0 0.5262334656084656 0.3147048611111111 0.010211640211640264 0.008110119047619047
0 0.6591435185185185 0.19981646825396823 0.01952380952380957 0.013965773809523796
0 0.5175231481481481 0.16523561507936507 0.015016534391534423 0.010136408730158752