0 0.40966796875 0.689453125 0.0234375 0.034505208333333336
0 0.64404296875 0.4713541666666667 0.0263671875 0.041666666666666664
0 0.58251953125 0.8427734375 0.01708984375 0.021484375
0 0.548095703125 0.0595703125 0.0244140625 0.034505208333333336
0 0.55712890625 0.0908203125 0.0146484375 0.022135416666666668
0 0.338623046875 0.95703125 0.0166015625 0.020182291666666668
0 0.279052734375 0.8714192708333334 0.01904296875 0.02734375
0 0.50390625 0.8528645833333334 0.01708984375 0.021484375
0 0.495849609375 0.051432291666666664 0.029296875 0.042317708333333336
0 0.52685546875 0.0035807291666666665 0.0126953125 0.007161458333333333
0 0.529296875 0.3151041666666667 0.0146484375 0.0234375
0 0.453857421875 0.034830729166666664 0.01806640625 0.029296875
0 0.615478515625 0.7672526041666666 0.013671875 0.016927083333333332
0 0.39892578125 0.7574869791666666 0.01318359375 0.024088541666666668
0 0.555419921875 0.15266927083333334 0.02978515625 0.07356770833333333
0 0.2880859375 0.3037109375 0.0380859375 0.054036458333333336
0 0.296630859375 0.376953125 0.0380859375 0.051432291666666664
0 0.383056640625 0.5078125 0.01220703125 0.016276041666666668
0 0.281494140625 0.1865234375 0.02587890625 0.044921875
0 0.28955078125 0.5540364583333334 0.03564453125 0.034505208333333336
0 0.417236328125 0.0439453125 0.01123046875 0.017578125
0 0.657958984375 0.059895833333333336 0.0205078125 0.033203125
0 0.472900390625 0.6500651041666666 0.01171875 0.01953125
0 0.3935546875 0.0107421875 0.025390625 0.021484375
0 0.586669921875 0.046875 0.0146484375 0.022786458333333332
0 0.6591796875 0.267578125 0.015625 0.022786458333333332
0 0.37353515625 0.6223958333333334 0.015625 0.025390625
0 0.6416015625 0.22526041666666666 0.01708984375 0.022786458333333332
0 0.6416015625 0.2776692708333333 0.013671875 0.016276041666666668
0 0.60498046875 0.3597005208333333 0.01171875 0.020182291666666668
0 0.56201171875 0.3805338541666667 0.01416015625 0.022135416666666668
0 0.575927734375 0.2669270833333333 0.0107421875 0.020182291666666668
0 0.5966796875 0.2783203125 0.01953125 0.029947916666666668
0 0.340576171875 0.16015625 0.01611328125 0.01953125
0 0.370849609375 0.10026041666666667 0.01806640625 0.01953125
0 0.374267578125 0.029947916666666668 0.00927734375 0.020182291666666668
0 0.290283203125 0.043619791666666664 0.01220703125 0.0234375
0 0.28125 0.087890625 0.01611328125 0.016276041666666668
0 0.275146484375 0.11588541666666667 0.01611328125 0.017578125
0 0.30322265625 0.1337890625 0.0166015625 0.018229166666666668
0 0.296630859375 0.21744791666666666 0.0146484375 0.025390625
0 0.29248046875 0.248046875 0.0166015625 0.016276041666666668
0 0.26806640625 0.23307291666666666 0.01953125 0.03125
0 0.265869140625 0.2942708333333333 0.009765625 0.012369791666666666
0 0.262939453125 0.3082682291666667 0.015625 0.017578125
0 0.275146484375 0.36328125 0.013671875 0.018229166666666668
0 0.267333984375 0.3763020833333333 0.0126953125 0.01953125
0 0.322265625 0.3180338541666667 0.017578125 0.016927083333333332
0 0.351806640625 0.345703125 0.013671875 0.017578125
0 0.365966796875 0.3258463541666667 0.01220703125 0.018229166666666668
0 0.380615234375 0.298828125 0.01708984375 0.017578125
0 0.37353515625 0.2861328125 0.01416015625 0.016927083333333332
0 0.320556640625 0.4498697916666667 0.01025390625 0.013671875
0 0.3623046875 0.5250651041666666 0.0107421875 0.01171875
0 0.36474609375 0.5423177083333334 0.01220703125 0.013020833333333334
0 0.331298828125 0.572265625 0.015625 0.014973958333333334
0 0.341552734375 0.6057942708333334 0.01220703125 0.016276041666666668
0 0.28759765625 0.5960286458333334 0.013671875 0.018229166666666668
0 0.31396484375 0.5908203125 0.0126953125 0.01171875
0 0.2607421875 0.5393880208333334 0.015625 0.028645833333333332
0 0.272216796875 0.9378255208333334 0.01611328125 0.020833333333333332
0 0.264892578125 0.8873697916666666 0.01123046875 0.013020833333333334
0 0.3193359375 0.861328125 0.01123046875 0.015625
0 0.37890625 0.9410807291666666 0.0107421875 0.01171875
0 0.363525390625 0.8889973958333334 0.00830078125 0.020182291666666668
0 0.4521484375 0.9833984375 0.01416015625 0.013671875
0 0.447021484375 0.8857421875 0.00927734375 0.021484375
0 0.388427734375 0.9095052083333334 0.0126953125 0.016276041666666668
0 0.3583984375 0.7350260416666666 0.01416015625 0.013020833333333334
0 0.509033203125 0.8076171875 0.009765625 0.013020833333333334
0 0.445556640625 0.716796875 0.01513671875 0.025390625
0 0.46875 0.7190755208333334 0.01171875 0.011067708333333334
0 0.45068359375 0.6653645833333334 0.01416015625 0.016927083333333332
0 0.5 0.6930338541666666 0.009765625 0.013020833333333334
0 0.3310546875 0.859375 0.00830078125 0.014322916666666666
0 0.665283203125 0.9723307291666666 0.01123046875 0.018880208333333332
0 0.441162109375 0.9069010416666666 0.01220703125 0.012369791666666666
0 0.59130859375 0.83984375 0.015625 0.020833333333333332
0 0.677001953125 0.7174479166666666 0.01318359375 0.022135416666666668
0 0.673095703125 0.4417317708333333 0.00927734375 0.01171875
0 0.635498046875 0.171875 0.0341796875 0.050130208333333336
0 0.685546875 0.22298177083333334 0.015625 0.020833333333333332
0 0.686279296875 0.18782552083333334 0.0126953125 0.024739583333333332
0 0.655517578125 0.19466145833333334 0.01318359375 0.016927083333333332
0 0.640869140625 0.20182291666666666 0.01708984375 0.01953125
0 0.67578125 0.1484375 0.01123046875 0.017578125
0 0.6630859375 0.14518229166666666 0.01318359375 0.020833333333333332
0 0.46435546875 0.008463541666666666 0.009765625 0.013020833333333334
0 0.44970703125 0.058919270833333336 0.0146484375 0.020833333333333332
0 0.27001953125 0.17317708333333334 0.0126953125 0.017578125
0 0.276123046875 0.2669270833333333 0.01611328125 0.022135416666666668
0 0.28857421875 0.2679036458333333 0.0126953125 0.015625
0 0.488525390625 0.6904296875 0.01025390625 0.010416666666666666
0 0.3798828125 0.7307942708333334 0.01318359375 0.01953125
0 0.483154296875 0.1396484375 0.01171875 0.017578125
0 0.517822265625 0.3564453125 0.01171875 0.022786458333333332
0 0.509521484375 0.18033854166666666 0.01220703125 0.026692708333333332
0 0.6787109375 0.2776692708333333 0.0087890625 0.014973958333333334
0 0.646484375 0.2942708333333333 0.01171875 0.018880208333333332
0 0.650146484375 0.08951822916666667 0.01611328125 0.022786458333333332
0 0.681396484375 0.10677083333333333 0.01416015625 0.021484375
0 0.66943359375 0.16080729166666666 0.0107421875 0.014973958333333334
0 0.356689453125 0.037434895833333336 0.01513671875 0.018229166666666668
0 0.316162109375 0.22298177083333334 0.01025390625 0.01953125
0 0.277099609375 0.5221354166666666 0.01318359375 0.0234375