0 0.24381510416666666 0.3232421875 0.053385416666666664 0.0322265625
0 0.13932291666666666 0.605224609375 0.03515625 0.0322265625
0 0.234375 0.59521484375 0.040364583333333336 0.02734375
0 0.23828125 0.388671875 0.029296875 0.0244140625
0 0.2955729166666667 0.50439453125 0.031901041666666664 0.01904296875
0 0.361328125 0.51123046875 0.022135416666666668 0.0185546875
0 0.33203125 0.53955078125 0.024739583333333332 0.02294921875
0 0.462890625 0.317138671875 0.03515625 0.02685546875
0 0.43359375 0.326904296875 0.041015625 0.02783203125
0 0.4033203125 0.351318359375 0.026692708333333332 0.02099609375
0 0.478515625 0.35205078125 0.020833333333333332 0.01318359375
0 0.3681640625 0.460205078125 0.018880208333333332 0.02099609375
0 0.3912760416666667 0.672607421875 0.024088541666666668 0.025390625
0 0.4573567708333333 0.62353515625 0.030598958333333332 0.01513671875
0 0.4847005208333333 0.663330078125 0.037760416666666664 0.02734375
0 0.5006510416666666 0.6806640625 0.034505208333333336 0.0244140625
0 0.5751953125 0.47314453125 0.033854166666666664 0.029296875
0 0.5885416666666666 0.3720703125 0.021484375 0.01904296875
0 0.5553385416666666 0.37646484375 0.021484375 0.0166015625
0 0.521484375 0.30908203125 0.024739583333333332 0.02294921875
0 0.5888671875 0.30908203125 0.049479166666666664 0.02783203125
0 0.6845703125 0.32421875 0.033203125 0.025390625
0 0.6513671875 0.33056640625 0.029947916666666668 0.0205078125
0 0.7272135416666666 0.362548828125 0.016927083333333332 0.01904296875
0 0.6920572916666666 0.37890625 0.036458333333333336 0.0244140625
0 0.7171223958333334 0.556640625 0.018880208333333332 0.01904296875
0 0.7447916666666666 0.57568359375 0.031901041666666664 0.0205078125
0 0.7757161458333334 0.584228515625 0.035807291666666664 0.01708984375
0 0.7893880208333334 0.60791015625 0.032552083333333336 0.01708984375
0 0.6513671875 0.599853515625 0.026692708333333332 0.021484375
0 0.6484375 0.686767578125 0.013671875 0.01318359375
0 0.80078125 0.290283203125 0.022786458333333332 0.0185546875
0 0.7994791666666666 0.331298828125 0.022135416666666668 0.01806640625
0 0.9869791666666666 0.27880859375 0.026041666666666668 0.0400390625
0 0.9602864583333334 0.390869140625 0.06705729166666667 0.03759765625
0 0.9508463541666666 0.446533203125 0.07096354166666667 0.037109375
0 0.8111979166666666 0.453125 0.029296875 0.02734375
0 0.8531901041666666 0.468505859375 0.022786458333333332 0.01318359375
0 0.8942057291666666 0.46630859375 0.026692708333333332 0.0166015625
0 0.9117838541666666 0.49072265625 0.036458333333333336 0.01953125
0 0.9215494791666666 0.57373046875 0.020833333333333332 0.0205078125
0 0.8587239583333334 0.664306640625 0.025390625 0.01513671875
0 0.046875 0.603759765625 0.018229166666666668 0.01806640625
0 0.12955729166666666 0.341796875 0.010416666666666666 0.0107421875
0 0.10807291666666667 0.34716796875 0.011067708333333334 0.00634765625
0 0.09537760416666667 0.37353515625 0.014322916666666666 0.01220703125
0 0.055338541666666664 0.3310546875 0.026692708333333332 0.0146484375
0 0.5413411458333334 0.687744140625 0.020833333333333332 0.0126953125
0 0.3583984375 0.32177734375 0.024088541666666668 0.017578125
0 0.3372395833333333 0.30712890625 0.018229166666666668 0.0126953125
0 0.2994791666666667 0.308349609375 0.018880208333333332 0.0126953125
0 0.2392578125 0.406494140625 0.013020833333333334 0.01171875
0 0.3274739583333333 0.328125 0.01171875 0.01123046875
0 0.11881510416666667 0.53857421875 0.014973958333333334 0.013671875
0 0.10546875 0.5625 0.013020833333333334 0.0087890625
0 0.3209635416666667 0.51513671875 0.01953125 0.0126953125
0 0.8818359375 0.3251953125 0.013671875 0.01513671875
0 0.037109375 0.32275390625 0.012369791666666666 0.0146484375
0 0.056640625 0.343994140625 0.021484375 0.01513671875
0 0.2392578125 0.505859375 0.022786458333333332 0.017578125
0 0.19694010416666666 0.581298828125 0.024739583333333332 0.01123046875
0 0.21875 0.42724609375 0.013671875 0.01025390625
0 0.2275390625 0.435546875 0.016276041666666668 0.01953125
0 0.3606770833333333 0.6728515625 0.017578125 0.01171875
0 0.3798828125 0.64599609375 0.015625 0.015625
0 0.08138020833333333 0.62255859375 0.01953125 0.0146484375
0 0.2809244791666667 0.38671875 0.016927083333333332 0.0146484375
0 0.3889973958333333 0.364990234375 0.014973958333333334 0.0146484375
0 0.4397786458333333 0.34716796875 0.017578125 0.01220703125
0 0.6435546875 0.389892578125 0.022135416666666668 0.025390625
0 0.7158203125 0.316162109375 0.016927083333333332 0.009765625
0 0.7477213541666666 0.48095703125 0.01953125 0.0146484375
0 0.88671875 0.664794921875 0.01953125 0.0234375
0 0.8121744791666666 0.663818359375 0.022135416666666668 0.01806640625
0 0.7626953125 0.62451171875 0.020182291666666668 0.02392578125
0 0.5628255208333334 0.68212890625 0.024088541666666668 0.015625
0 0.8997395833333334 0.320556640625 0.035807291666666664 0.029296875
0 0.8264973958333334 0.40771484375 0.022786458333333332 0.01611328125
0 0.7945963541666666 0.50537109375 0.018229166666666668 0.013671875
0 0.5185546875 0.529052734375 0.020182291666666668 0.0166015625