0 0.5945403439153439 0.6690178571428571 0.04702380952380958 0.03973214285714288
0 0.5796329365079365 0.4807936507936508 0.01780423280423286 0.018707837301587316
0 0.520271164021164 0.811579861111111 0.023961640211640194 0.016919642857142758
0 0.21420634920634918 0.6785515873015873 0.026570767195767193 0.01939236111111109
0 0.528257275132275 0.9065550595238094 0.031197089947089918 0.03190228174603171
0 0.44526124338624334 0.38216021825396823 0.030472883597883655 0.018519345238095286
0 0.5198313492063492 0.2691443452380952 0.014421296296296257 0.01581349206349203
0 0.43278439153439147 0.2422767857142857 0.02333994708994706 0.015114087301587309
0 0.6953736772486772 0.6151388888888888 0.020588624338624406 0.01580605158730153
0 0.4586739417989418 0.24757936507936507 0.01658399470899467 0.01591269841269838
0 0.6394179894179893 0.9192311507936508 0.021382275132275197 0.019223710317460396
0 0.5759424603174603 0.2921354166666667 0.014255952380952378 0.011287202380952377
0 0.6277182539682539 0.3859623015873016 0.018720238095238113 0.013082837301587324
0 0.5791435185185184 0.8414880952380952 0.023955026455026413 0.01825396825396819
0 0.516626984126984 0.5452207341269841 0.013346560846560903 0.01891617063492057
0 0.4611805555555555 0.7896478174603174 0.017089947089947117 0.019223710317460396
0 0.618339947089947 0.4068179563492063 0.015803571428571434 0.017807539682539675
0 0.2285152116402116 0.7802703373015873 0.012946428571428545 0.00900793650793652
0 0.7063194444444444 0.9027108134920635 0.014348544973544838 0.016679067460317443
0 0.6812962962962962 0.45069940476190473 0.02876984126984124 0.028534226190476186
0 0.5348544973544974 0.23731646825396824 0.020367063492063558 0.015570436507936491
0 0.47081018518518514 0.9343973214285713 0.016197089947089943 0.013479662698412609
0 0.6818088624338624 0.32366815476190475 0.01664682539682527 0.01131696428571427
0 0.4518584656084656 0.6786458333333334 0.02151785714285707 0.01361855158730152
0 0.34752314814814816 0.3241641865079365 0.010036375661375718 0.007961309523809468
0 0.4898809523809524 0.27898809523809526 0.019437830687830743 0.013549107142857175
0 0.495681216931217 0.25112599206349207 0.007833994708994782 0.011790674603174622
0 0.6760317460317459 0.38341021825396826 0.02063161375661367 0.011830357142857184
0 0.5254927248677248 0.3609424603174603 0.02094576719576713 0.009263392857142838
0 0.5103472222222222 0.3578968253968254 0.008078703703703708 0.0126364087301587
0 0.4996593915343915 0.41219990079365076 0.015376984126984183 0.011378968253968225
0 0.6357440476190476 0.42142857142857143 0.01672288359788358 0.010086805555555522
0 0.5971825396825398 0.4327207341269841 0.014361772486772542 0.009650297619047565
0 0.5304927248677248 0.442532242063492 0.02065806878306879 0.013928571428571401
0 0.5309821428571428 0.3872569444444444 0.01809854497354498 0.012862103174603123
0 0.6998115079365079 0.5135342261904762 0.018690476190476108 0.010322420634920615
0 0.5778009259259259 0.5515451388888888 0.017900132275132208 0.009739583333333357
0 0.43710317460317455 0.5443353174603175 0.019742063492063533 0.013092757936507882
0 0.4176223544973545 0.4924007936507936 0.02026785714285717 0.015042162698412742
0 0.5397949735449735 0.5191220238095238 0.012840608465608453 0.011227678571428479
0 0.4622354497354497 0.48170882936507936 0.018045634920634896 0.009012896825396854
0 0.4002050264550265 0.5526388888888888 0.01925925925925931 0.014231150793650782
0 0.32203703703703707 0.5564781746031745 0.014229497354497337 0.012281746031746144
0 0.3586507936507936 0.5079241071428571 0.01526785714285713 0.01094990079365088
0 0.29288690476190476 0.521656746031746 0.018045634920634896 0.012130456349206398
0 0.22447751322751322 0.47339037698412695 0.012731481481481474 0.011034226190476226
0 0.2599107142857143 0.3955605158730159 0.020178571428571452 0.011393849206349227
0 0.42937830687830686 0.2851289682539683 0.021378968253968306 0.012485119047619064
0 0.3790542328042328 0.28260416666666666 0.01585317460317463 0.009238591269841279
0 0.23072420634920635 0.5299603174603175 0.019457671957671934 0.008871527777777777
0 0.2426157407407407 0.5787971230158729 0.013452380952380919 0.016103670634920686
0 0.4460747354497354 0.6044593253968253 0.02065806878306879 0.014104662698412707
0 0.31083333333333335 0.6053621031746032 0.01537367724867722 0.015186011904761987
0 0.2499107142857143 0.6382242063492064 0.01947420634920638 0.007031250000000044
0 0.26625 0.6492435515873015 0.015621693121693111 0.008439980158730265
0 0.3665873015873016 0.7634598214285714 0.02034722222222222 0.014613095238095175
0 0.44528439153439153 0.7252232142857142 0.02338624338624336 0.0356622023809523
0 0.3951190476190476 0.22000992063492064 0.01612764550264556 0.009784226190476197
0 0.33958333333333335 0.3436086309523809 0.018128306878306837 0.008784722222222263
0 0.6499173280423279 0.6244990079365079 0.013832671957672016 0.012375992063492047
0 0.7264384920634921 0.639015376984127 0.017334656084656192 0.011728670634920668
0 0.65760582010582 0.45709821428571423 0.011213624338624347 0.008653273809523854
0 0.4510218253968254 0.8245585317460317 0.012314814814814815 0.006738591269841221
0 0.423287037037037 0.8715798611111111 0.017139550264550312 0.011354166666666776
0 0.27974537037037034 0.9015749007936508 0.011729497354497317 0.0077356150793650436
0 0.7246031746031746 0.8428869047619048 0.020261243386243244 0.016981646825396712
0 0.6895006613756615 0.8648214285714285 0.01734457671957686 0.015342261904761845
0 0.539861111111111 0.6443650793650794 0.016008597883597837 0.011339285714285774
0 0.3499768518518518 0.4082316468253968 0.016008597883597837 0.01600942460317456
0 0.7066203703703704 0.44508432539682535 0.017787698412698266 0.01367559523809525