0 0.7548828125 0.48828125 0.020182291666666668 0.013671875
0 0.3538411458333333 0.5458984375 0.026692708333333332 0.02294921875
0 0.6077473958333334 0.639404296875 0.056640625 0.03955078125
0 0.4807942708333333 0.6025390625 0.016927083333333332 0.01171875
0 0.8369140625 0.562744140625 0.02734375 0.017578125
0 0.7740885416666666 0.331298828125 0.024088541666666668 0.01318359375
0 0.09830729166666667 0.580078125 0.01953125 0.0126953125
0 0.7708333333333334 0.3818359375 0.045572916666666664 0.02783203125
0 0.9931640625 0.37939453125 0.013671875 0.041015625
0 0.56640625 0.434814453125 0.0546875 0.03564453125
0 0.12955729166666666 0.66650390625 0.015625 0.01318359375
0 0.5123697916666666 0.42529296875 0.0390625 0.0205078125
0 0.3824869791666667 0.386962890625 0.0234375 0.01123046875
0 0.708984375 0.4921875 0.0234375 0.0146484375
0 0.4215494791666667 0.62451171875 0.01953125 0.01708984375
0 0.9772135416666666 0.610107421875 0.041015625 0.02685546875
0 0.7057291666666666 0.556884765625 0.046223958333333336 0.029296875
0 0.2864583333333333 0.548828125 0.026041666666666668 0.0107421875
0 0.5481770833333334 0.597412109375 0.039713541666666664 0.0263671875
0 0.2708333333333333 0.600830078125 0.024739583333333332 0.01513671875
0 0.6901041666666666 0.339111328125 0.013020833333333334 0.0078125
0 0.12076822916666667 0.39208984375 0.014322916666666666 0.009765625
0 0.9869791666666666 0.303466796875 0.022786458333333332 0.01416015625
0 0.849609375 0.66650390625 0.012369791666666666 0.0087890625
0 0.515625 0.66162109375 0.013671875 0.009765625
0 0.6100260416666666 0.589599609375 0.015625 0.01025390625
0 0.3063151041666667 0.4345703125 0.017578125 0.013671875
0 0.828125 0.54345703125 0.02734375 0.01708984375
0 0.783203125 0.309326171875 0.018880208333333332 0.01123046875
0 0.3548177083333333 0.332763671875 0.011067708333333334 0.0068359375
0 0.6832682291666666 0.3857421875 0.040364583333333336 0.0400390625
0 0.8401692708333334 0.317626953125 0.015625 0.0107421875
0 0.9075520833333334 0.32568359375 0.013671875 0.00927734375
0 0.5745442708333334 0.49609375 0.016276041666666668 0.00732421875
0 0.9915364583333334 0.328857421875 0.014973958333333334 0.01953125
0 0.2607421875 0.649169921875 0.015625 0.0078125
0 0.466796875 0.33740234375 0.014973958333333334 0.01025390625
0 0.5498046875 0.50927734375 0.011067708333333334 0.0078125
0 0.6653645833333334 0.466552734375 0.013671875 0.009765625
0 0.767578125 0.606201171875 0.012369791666666666 0.00732421875
0 0.5055338541666666 0.382080078125 0.012369791666666666 0.00830078125
0 0.08203125 0.40380859375 0.01171875 0.01025390625
0 0.15852864583333334 0.529541015625 0.01171875 0.01123046875
0 0.15787760416666666 0.519775390625 0.009765625 0.0087890625
0 0.267578125 0.408203125 0.009765625 0.009765625
0 0.384765625 0.367431640625 0.009765625 0.01025390625
0 0.4694010416666667 0.3447265625 0.020182291666666668 0.02001953125
0 0.6263020833333334 0.327392578125 0.017578125 0.00732421875
0 0.7457682291666666 0.368408203125 0.020182291666666668 0.02734375
0 0.9986979166666666 0.3505859375 0.0026041666666666665 0.0078125
0 0.8063151041666666 0.625244140625 0.017578125 0.009765625
0 0.8251953125 0.52685546875 0.016927083333333332 0.00927734375
0 0.6429036458333334 0.6181640625 0.041015625 0.01953125
0 0.6588541666666666 0.633544921875 0.013020833333333334 0.01171875
0 0.7112630208333334 0.6865234375 0.011067708333333334 0.005859375
0 0.5895182291666666 0.626708984375 0.009114583333333334 0.01025390625
0 0.59375 0.583740234375 0.011067708333333334 0.01025390625
0 0.5852864583333334 0.5888671875 0.010416666666666666 0.00732421875
0 0.2333984375 0.6640625 0.011067708333333334 0.00830078125
0 0.20345052083333334 0.647705078125 0.014322916666666666 0.0107421875
0 0.11490885416666667 0.385009765625 0.013020833333333334 0.00732421875
0 0.5276692708333334 0.347900390625 0.013020833333333334 0.01123046875
0 0.6676432291666666 0.538330078125 0.014973958333333334 0.01416015625