0 0.610107421875 0.85546875 0.03955078125 0.05859375
0 0.3876953125 0.4085286458333333 0.03564453125 0.048828125
0 0.68603515625 0.5794270833333334 0.03466796875 0.057942708333333336
0 0.56298828125 0.20475260416666666 0.0556640625 0.08138020833333333
0 0.361083984375 0.6569010416666666 0.04296875 0.064453125
0 0.58056640625 0.76171875 0.03466796875 0.0546875
0 0.59814453125 0.458984375 0.03466796875 0.045572916666666664
0 0.671142578125 0.3118489583333333 0.01611328125 0.022786458333333332
0 0.621337890625 0.9127604166666666 0.02978515625 0.044270833333333336
0 0.4677734375 0.267578125 0.02734375 0.035807291666666664
0 0.492919921875 0.22786458333333334 0.0244140625 0.033203125
0 0.60107421875 0.57421875 0.02294921875 0.043619791666666664
0 0.351318359375 0.07454427083333333 0.0283203125 0.048177083333333336
0 0.49267578125 0.6217447916666666 0.03955078125 0.07877604166666667
0 0.320068359375 0.5960286458333334 0.06103515625 0.0859375
0 0.682861328125 0.3444010416666667 0.02734375 0.045572916666666664
0 0.5302734375 0.6995442708333334 0.03466796875 0.055989583333333336
0 0.61865234375 0.7158203125 0.01513671875 0.033854166666666664
0 0.61767578125 0.6419270833333334 0.05615234375 0.07552083333333333
0 0.7333984375 0.4329427083333333 0.0380859375 0.053385416666666664
0 0.55859375 0.3587239583333333 0.04052734375 0.08072916666666667
0 0.566162109375 0.020182291666666668 0.02099609375 0.033203125
0 0.3369140625 0.7265625 0.02099609375 0.029947916666666668
0 0.58349609375 0.12076822916666667 0.01318359375 0.0234375
0 0.364013671875 0.3033854166666667 0.0517578125 0.054036458333333336
0 0.689697265625 0.9283854166666666 0.01513671875 0.020833333333333332
0 0.65234375 0.8577473958333334 0.0302734375 0.033203125
0 0.647705078125 0.5973307291666666 0.01416015625 0.021484375
0 0.621826171875 0.2926432291666667 0.015625 0.024739583333333332
0 0.504638671875 0.8326822916666666 0.0205078125 0.03125
0 0.52490234375 0.4856770833333333 0.0185546875 0.028645833333333332
0 0.302490234375 0.4098307291666667 0.01611328125 0.029947916666666668
0 0.54541015625 0.091796875 0.01318359375 0.01953125
0 0.47412109375 0.2958984375 0.0146484375 0.020182291666666668
0 0.570068359375 0.8922526041666666 0.01953125 0.03515625
0 0.670654296875 0.814453125 0.0146484375 0.018880208333333332
0 0.408935546875 0.4654947916666667 0.01123046875 0.022786458333333332
0 0.43505859375 0.08756510416666667 0.015625 0.020182291666666668
0 0.611572265625 0.1904296875 0.01708984375 0.02734375
0 0.3251953125 0.13020833333333334 0.01513671875 0.026041666666666668
0 0.729736328125 0.2757161458333333 0.0107421875 0.017578125
0 0.293701171875 0.07356770833333333 0.0068359375 0.016276041666666668
0 0.614990234375 0.07389322916666667 0.0087890625 0.013671875
0 0.668701171875 0.0966796875 0.01318359375 0.018880208333333332
0 0.48486328125 0.3922526041666667 0.078125 0.119140625
0 0.445068359375 0.1650390625 0.013671875 0.022786458333333332
0 0.666015625 0.4176432291666667 0.03515625 0.064453125
0 0.452880859375 0.4147135416666667 0.05078125 0.054036458333333336
0 0.678955078125 0.4710286458333333 0.01513671875 0.0234375
0 0.699951171875 0.7119140625 0.0126953125 0.017578125
0 0.680908203125 0.6399739583333334 0.01123046875 0.01171875
0 0.6650390625 0.6796875 0.00927734375 0.014973958333333334