0 0.45157407407407407 0.958655753968254 0.052007275132275176 0.03663938492063501
0 0.28786375661375657 0.49709573412698405 0.04175264550264549 0.03278025793650796
0 0.7331415343915344 0.21997271825396822 0.04919642857142866 0.02744295634920635
0 0.34916005291005286 0.25567708333333333 0.05903108465608472 0.03007936507936504
0 0.6585482804232804 0.6876785714285714 0.0412136243386243 0.033973214285714315
0 0.4461078042328042 0.2307862103174603 0.0487566137566137 0.041354166666666636
0 0.3885648148148148 0.5196602182539682 0.04300595238095243 0.030007440476190528
0 0.3408300264550264 0.5861879960317461 0.07580357142857148 0.047108134920634814
0 0.6082142857142857 0.6786284722222222 0.03836640211640215 0.029880952380952452
0 0.31527777777777777 0.9556349206349205 0.050896164021164036 0.03281498015873008
0 0.5502248677248677 0.29632440476190475 0.05149470899470895 0.03229910714285711
0 0.3221296296296296 0.8713070436507936 0.054573412698412684 0.02987599206349212
0 0.251547619047619 0.37129216269841264 0.06485119047619044 0.060562996031746086
0 0.4603835978835979 0.679047619047619 0.04525793650793656 0.03679563492063487
0 0.43353505291005284 0.741626984126984 0.04905092592592597 0.03580109126984121
0 0.27998677248677245 0.8154241071428571 0.041302910052910015 0.029035218253968154
0 0.4916170634920635 0.9360565476190476 0.0374636243386243 0.03153025793650799
0 0.7339914021164021 0.34570188492063486 0.03461309523809527 0.0293923611111111
0 0.6726355820105819 0.43972470238095235 0.031464947089947216 0.02533730158730163
0 0.671359126984127 0.9050372023809523 0.04778108465608474 0.044176587301587356
0 0.49693121693121695 0.1860143849206349 0.024831349206349145 0.036815476190476204
0 0.5886144179894179 0.9598710317460316 0.027377645502645542 0.028789682539682504
0 0.6908035714285713 0.9636929563492064 0.03565476190476188 0.031656746031746064
0 0.7309126984126985 0.9586681547619047 0.0292890211640211 0.025188492063492163
0 0.3412632275132275 0.9044618055555554 0.03438161375661375 0.02111111111111108
0 0.4587301587301587 0.8724578373015872 0.029923941798941794 0.023958333333333304
0 0.48706349206349203 0.8629042658730158 0.030562169312169374 0.022041170634920615
0 0.5265376984126984 0.872219742063492 0.0318353174603175 0.025391865079364973
0 0.5968716931216931 0.876798115079365 0.0789649470899471 0.14335813492063498
0 0.5656944444444444 0.8996875 0.027377645502645542 0.035438988095238155
0 0.6303174603174603 0.9402876984126983 0.0292890211640211 0.027824900793650853
0 0.7283664021164021 0.9297792658730158 0.038201058201058125 0.029729662698412707
0 0.4864252645502645 0.898251488095238 0.019100529100529062 0.01537946428571435
0 0.42785052910052906 0.9035094246031745 0.028012566137566086 0.034489087301587285
0 0.40015542328042325 0.9063740079365079 0.023558201058201018 0.02875992063492072
0 0.44472552910052904 0.8414112103174604 0.022285052910052894 0.0172544642857142
0 0.4219279100529101 0.8056498015873016 0.03365079365079371 0.015791170634920526
0 0.4308862433862433 0.817938988095238 0.015730820105820165 0.01272569444444449
0 0.49796957671957665 0.787125496031746 0.021412037037037052 0.022008928571428665
0 0.5702910052910052 0.7943402777777778 0.0332109788359789 0.025947420634920615
0 0.5993518518518518 0.7971205357142856 0.025783730158730183 0.01765624999999993
0 0.635188492063492 0.8007291666666666 0.015294312169312096 0.009885912698412769
0 0.6880654761904762 0.8271230158730158 0.03539682539682539 0.029895833333333233
0 0.6828207671957672 0.8605654761904762 0.040641534391534506 0.029918154761904736
0 0.7221527777777778 0.8599082341269841 0.02840608465608459 0.02795138888888893
0 0.7381018518518517 0.8240079365079365 0.02971560846560835 0.028911210317460245
0 0.7116633597883598 0.7923784722222221 0.0380191798941798 0.033169642857142856
0 0.742255291005291 0.7728695436507936 0.024034391534391613 0.021026785714285623
0 0.7083862433862432 0.7651661706349207 0.030591931216931083 0.028561507936508024
0 0.6703670634920634 0.7258432539682539 0.02971560846560835 0.022678571428571326
0 0.7398511904761905 0.6869940476190476 0.02971560846560835 0.0269171626984126
0 0.5204728835978836 0.76125248015873 0.0393320105820106 0.026634424603174667
0 0.3437037037037036 0.8002703373015873 0.06948412698412702 0.06599206349206344
0 0.24996693121693117 0.7505952380952381 0.027093253968253943 0.024982638888888964
0 0.2746593915343915 0.7333829365079365 0.0458862433862434 0.03710317460317469
0 0.32163690476190476 0.7523983134920634 0.03583333333333331 0.029246031746031687
0 0.2897354497354497 0.7543576388888888 0.04020502645502644 0.027800099206349183
0 0.27116071428571425 0.6847147817460317 0.039768518518518516 0.028258928571428532
0 0.2947619047619047 0.6702777777777778 0.04064153439153436 0.03404265873015877
0 0.3231646825396825 0.6929042658730158 0.018789682539682568 0.018293650793650862
0 0.35506613756613753 0.6979885912698413 0.014421296296296257 0.010890376984127093
0 0.3898082010582011 0.7191393849206349 0.03583333333333331 0.02696676587301594
0 0.37626322751322744 0.646046626984127 0.03146494708994707 0.02695932539682544
0 0.3336541005291005 0.6689955357142856 0.03277447089947083 0.024350198412698365
0 0.2781547619047619 0.6448983134920635 0.029279100529100505 0.024007936507936423
0 0.2661375661375661 0.6198164682539682 0.034087301587301555 0.030220734126984228
0 0.2558664021164021 0.5901463293650793 0.029279100529100505 0.02790922619047609
0 0.3021891534391534 0.6270312499999999 0.022288359788359784 0.03219246031746037
0 0.40532407407407406 0.6047445436507936 0.03539682539682539 0.020396825396825413
0 0.2866765873015873 0.5854042658730159 0.03059193121693123 0.030220734126984228
0 0.2611111111111111 0.5513120039682539 0.038019179894179876 0.02234623015873005
0 0.3340906084656084 0.5154141865079365 0.039768518518518516 0.04101190476190486
0 0.2683201058201058 0.5240997023809524 0.027969576719576745 0.018395337301587267
0 0.3399900793650794 0.4713392857142857 0.02534722222222226 0.025622519841269842
0 0.36577380952380945 0.47624999999999995 0.026220238095238102 0.023554067460317407
0 0.44181216931216927 0.48560515873015864 0.07341600529100534 0.059399801587301626
0 0.4997156084656085 0.4829811507936508 0.04763227513227516 0.043005952380952284
0 0.5351124338624339 0.4960863095238095 0.02840608465608459 0.021245039682539657
0 0.42564484126984126 0.5790277777777777 0.03059193121693123 0.018127480158730114
0 0.4129695767195767 0.5449305555555555 0.012235449735449766 0.00892609126984123
0 0.42935846560846563 0.5632911706349206 0.011798941798941845 0.010905257936507873
0 0.5716038359788359 0.5745982142857143 0.02534722222222226 0.019099702380952488
0 0.5989153439153438 0.5704935515873015 0.019666005291005224 0.014672619047618962
0 0.6375925925925926 0.506078869047619 0.02884259259259266 0.031515376984126986
0 0.6596593915343915 0.5513219246031745 0.020539021164021214 0.02629712301587306
0 0.6157407407407407 0.5968749999999999 0.018353174603174576 0.013179563492063506
0 0.688501984126984 0.5999925595238095 0.02228835978835993 0.02662202380952383
0 0.7324206349206349 0.5780257936507937 0.042827380952381 0.02464285714285719
0 0.7453141534391534 0.6026066468253968 0.031028439153439297 0.026488095238095255
0 0.7145039682539682 0.5996552579365079 0.030591931216931083 0.029769345238095157
0 0.635625 0.6378447420634921 0.03277447089947083 0.027601686507936485
0 0.5954199735449736 0.6337450396825397 0.019666005291005224 0.010223214285714377
0 0.7062003968253968 0.494454365079365 0.018353174603174576 0.01351190476190478
0 0.7400694444444443 0.4995386904761905 0.025783730158730183 0.029580853174603128
0 0.7383201058201058 0.5221552579365079 0.017916666666666654 0.014337797619047521
0 0.7219345238095238 0.5144543650793652 0.019229497354497305 0.01811507936507928
0 0.6129001322751323 0.40907242063492066 0.03714616402116396 0.03350198412698413
0 0.6465509259259259 0.41758680555555555 0.02840608465608459 0.03075148809523809
0 0.4798313492063491 0.4021875 0.026220238095238102 0.023663194444444424
0 0.4446527777777778 0.3720238095238095 0.02840608465608459 0.0210218253968254
0 0.35091600529100525 0.44447916666666665 0.03146494708994707 0.028273809523809534
0 0.30787037037037035 0.46234375 0.018789682539682568 0.014843750000000044
0 0.24188161375661377 0.4220188492063492 0.015294312169312171 0.0102281746031746
0 0.2726917989417989 0.45922867063492057 0.01660714285714282 0.009923115079365052
0 0.29694444444444446 0.41791914682539677 0.017916666666666654 0.011865079365079412
0 0.26941468253968254 0.4077554563492063 0.017043650793650816 0.013169642857142838
0 0.35091600529100525 0.40808531746031745 0.03845568783068787 0.022351190476190497
0 0.3133333333333333 0.39677579365079363 0.027969576719576745 0.02726190476190471
0 0.3447982804232805 0.3870957341269841 0.03146494708994707 0.023563988095238075
0 0.3131150793650794 0.3554811507936508 0.028406084656084667 0.02136656746031751
0 0.28602182539682536 0.3500719246031746 0.0231613756613757 0.020379464285714244
0 0.2538723544973545 0.2932738095238095 0.03141534391534395 0.029985119047619024
0 0.29271494708994705 0.2555307539682539 0.029292328042328064 0.021361607142857175
0 0.39524140211640213 0.32640624999999995 0.0976421957671958 0.07714285714285718
0 0.46359126984126986 0.31127480158730153 0.024623015873015852 0.015677083333333286
0 0.48439484126984117 0.3394667658730159 0.03226521164021164 0.03767113095238095
0 0.5540178571428571 0.3598462301587302 0.02377314814814809 0.012204861111111076
0 0.5143220899470898 0.3217857142857143 0.020803571428571477 0.013137400793650778
0 0.6578174603174604 0.37751488095238095 0.027595899470899504 0.0195238095238095
0 0.6089947089947089 0.34232142857142855 0.03608465608465602 0.02428075396825402
0 0.6781944444444444 0.36429811507936505 0.030992063492063515 0.030664682539682575
0 0.7021792328042328 0.3284647817460317 0.014434523809523666 0.014397321428571419
0 0.7236177248677248 0.3208159722222222 0.0301421957671959 0.021279761904761885
0 0.5911640211640211 0.2897792658730159 0.022499999999999964 0.01726190476190481
0 0.657390873015873 0.3015625 0.013161375661375688 0.011535218253968305
0 0.5465873015873016 0.2458358134920635 0.03608465608465602 0.028080357142857115
0 0.5037103174603175 0.25236359126984126 0.03014219576719575 0.024580853174603123
0 0.4553141534391534 0.2533134920634921 0.04287698412698419 0.025741567460317416
0 0.37656084656084654 0.23231646825396826 0.03735780423280429 0.025240575396825393
0 0.5601719576719576 0.17769345238095238 0.02929232804232799 0.02552579365079366
0 0.5412830687830688 0.17275545634920633 0.024623015873015852 0.012465277777777783
0 0.48 0.6387772817460318 0.03238095238095232 0.022132936507936574
0 0.5634457671957671 0.7146279761904761 0.025906084656084644 0.019900793650793558
0 0.5457605820105821 0.6667906746031745 0.026402116402116427 0.02360863095238086
0 0.5704199735449735 0.6654811507936507 0.0378604497354497 0.02846478174603173
0 0.5704199735449735 0.6034647817460317 0.0378604497354497 0.028479662698412733
0 0.6528306878306879 0.6216939484126984 0.02560185185185186 0.01595238095238094
0 0.7178968253968253 0.5448536706349206 0.043353174603174637 0.02524801587301595
0 0.6760945767195766 0.5340104166666667 0.024771825396825282 0.01362599206349202
0 0.6322255291005291 0.5289781746031746 0.027870370370370434 0.015947420634920606
0 0.24437499999999998 0.5001215277777777 0.023224206349206373 0.021716269841269842
0 0.5904695767195767 0.915032242063492 0.03720238095238093 0.027755456349206398
0 0.6324371693121693 0.8828546626984126 0.02644179894179895 0.020585317460317443
0 0.5266137566137566 0.9749454365079364 0.04707010582010588 0.04201884920634913
0 0.30508267195767197 0.9388392857142857 0.037149470899470925 0.027127976190476133
0 0.25564153439153436 0.9028521825396826 0.030201719576719615 0.021706349206349174
0 0.2659292328042328 0.8811979166666666 0.028865740740740737 0.028110119047618953
0 0.29279100529100527 0.8874131944444444 0.02111441798941797 0.020493551587301484
0 0.281031746031746 0.9032465277777777 0.030734126984126958 0.02561507936507934
0 0.2951157407407407 0.8383060515873015 0.027027116402116375 0.017725694444444384
0 0.2536375661375661 0.1880233134920635 0.020687830687830717 0.02547371031746032
0 0.316818783068783 0.2245014880952381 0.010453042328042303 0.00915922619047621
0 0.3825 0.17989831349206348 0.008475529100529103 0.008936011904761898
0 0.4139980158730159 0.21211309523809524 0.020621693121693152 0.012346230158730154
0 0.35114417989417984 0.23436755952380953 0.015820105820105883 0.011512896825396801
0 0.39281084656084647 0.24888392857142855 0.013277116402116373 0.009191468253968216
0 0.3875859788359788 0.27378224206349205 0.02937830687830682 0.03567956349206347
0 0.4213425925925926 0.2668824404761904 0.011018518518518464 0.0100148809523809
0 0.508068783068783 0.2750347222222222 0.01949074074074068 0.014883432539682495
0 0.5851917989417988 0.2705877976190476 0.026273148148148184 0.016579861111111094
0 0.5649933862433861 0.2659250992063492 0.011299603174603176 0.009796626984126977
0 0.5798247354497355 0.25405505952380947 0.016101190476190446 0.01063740079365083
0 0.663584656084656 0.2373189484126984 0.024295634920634985 0.0089434523809524
0 0.6346263227513227 0.2099801587301587 0.02005621693121699 0.016130952380952357
0 0.7512996031746031 0.3245188492063492 0.02796626984126978 0.023164682539682513
0 0.7330853174603175 0.19411954365079365 0.02602513227513222 0.018578869047619073
0 0.5414781746031746 0.40469990079365076 0.07731812169312165 0.05006696428571433
0 0.4264947089947089 0.9418849206349206 0.03254629629629635 0.03052827380952383
0 0.27291666666666664 0.23347718253968253 0.016461640211640205 0.012839781746031731
0 0.6702546296296296 0.29017113095238095 0.01737764550264546 0.011708829365079332
0 0.6103141534391534 0.16513392857142858 0.013548280423280415 0.008616071428571404
0 0.48836970899470894 0.23637896825396826 0.013548280423280415 0.009278273809523785
0 0.5378075396825396 0.6168725198412698 0.016044973544973473 0.009985119047619007
0 0.5902050264550264 0.4933457341269841 0.01570105820105816 0.01177579365079362
0 0.31266203703703704 0.9137524801587301 0.0226785714285714 0.017137896825396792
0 0.25755621693121694 0.9605406746031746 0.01199735449735447 0.009092261904761978
0 0.6094742063492063 0.43554563492063486 0.018224206349206334 0.01405257936507931
0 0.652853835978836 0.2611359126984127 0.03208333333333332 0.025602678571428616
0 0.26627645502645503 0.4759796626984127 0.010036375661375644 0.005709325396825449
0 0.3531613756613756 0.16325892857142857 0.021478174603174544 0.011770833333333341
0 0.4645171957671958 0.4489459325396825 0.009705687830687815 0.012921626984127021
0 0.3946064814814814 0.4317162698412698 0.010099206349206321 0.012328869047619095
0 0.5221164021164021 0.41792906746031744 0.010357142857142806 0.009952876984126946
0 0.3188392857142857 0.5495089285714285 0.014890873015872996 0.01092509920634921
0 0.503829365079365 0.6921378968253967 0.009388227513227468 0.014079861111111036
0 0.2633234126984127 0.7023338293650793 0.026865079365079387 0.022819940476190403
0 0.270244708994709 0.7844171626984127 0.008984788359788368 0.009124503968253928
0 0.31039021164021163 0.8466666666666667 0.014785052910052906 0.00898313492063485
0 0.4652182539682539 0.9210267857142856 0.015813492063492102 0.016604662698412653
0 0.498667328042328 0.8142187499999999 0.013244047619047628 0.007130456349206282
0 0.39475859788359785 0.7513120039682539 0.022073412698412714 0.016299603174603217
0 0.7185449735449736 0.9010664682539682 0.058406084656084545 0.02241319444444434
0 0.6742294973544972 0.9573511904761904 0.020036375661375654 0.02241319444444434
0 0.6463822751322751 0.9098536706349206 0.028184523809523743 0.02725198412698404
0 0.6424801587301586 0.865282738095238 0.016299603174603217 0.009422123015873085
0 0.48440476190476184 0.8447817460317459 0.020036375661375654 0.01528025793650789
0 0.5659027777777778 0.6932440476190476 0.017996031746031704 0.010188492063492038
0 0.5977513227513227 0.7419419642857144 0.022579365079365015 0.011688988095237995
0 0.7190839947089948 0.704015376984127 0.01590277777777782 0.011688988095237995
0 0.7465939153439152 0.7073536706349206 0.01685515873015871 0.011688988095237995
0 0.5847123015873016 0.6177876984126984 0.013039021164021225 0.00954117063492066
0 0.6338492063492064 0.6008531746031746 0.020992063492063433 0.01144841269841268
0 0.694751984126984 0.4279191468253968 0.012404100529100385 0.01478918650793648
0 0.5945701058201057 0.32284722222222223 0.035300925925925895 0.012641369047619033
0 0.47721560846560845 0.6236309523809523 0.024487433862433832 0.011210317460317532
0 0.4291898148148148 0.6844568452380952 0.020671296296296344 0.018365575396825484
0 0.3992956349206349 0.835922619047619 0.017493386243386293 0.010734126984127013
0 0.5118816137566138 0.7786755952380952 0.009222883597883591 0.010257936507936494
0 0.64307208994709 0.7568501984126983 0.024808201058201067 0.015744047619047574