0 0.85498046875 0.6591796875 0.03759765625 0.046875
0 0.78564453125 0.7233072916666666 0.01953125 0.01953125
0 0.70361328125 0.7535807291666666 0.013671875 0.020182291666666668
0 0.517578125 0.359375 0.021484375 0.024739583333333332
0 0.54248046875 0.3518880208333333 0.041015625 0.042317708333333336
0 0.2724609375 0.5390625 0.01416015625 0.020182291666666668
0 0.3955078125 0.6490885416666666 0.01953125 0.0234375
0 0.783935546875 0.6741536458333334 0.01318359375 0.022135416666666668
0 0.5888671875 0.6917317708333334 0.01123046875 0.025390625
0 0.32861328125 0.3841145833333333 0.01806640625 0.017578125
0 0.82373046875 0.4267578125 0.0322265625 0.036458333333333336
0 0.625 0.3271484375 0.0126953125 0.017578125
0 0.558349609375 0.7457682291666666 0.009765625 0.013020833333333334
0 0.447509765625 0.7197265625 0.01318359375 0.014973958333333334
0 0.458251953125 0.7086588541666666 0.02587890625 0.029947916666666668
0 0.206298828125 0.3245442708333333 0.017578125 0.025390625
0 0.32177734375 0.6897786458333334 0.01318359375 0.013020833333333334
0 0.59814453125 0.2731119791666667 0.0107421875 0.016927083333333332
0 0.697021484375 0.7317708333333334 0.0146484375 0.018880208333333332
0 0.580078125 0.2965494791666667 0.0126953125 0.01953125
0 0.479736328125 0.3004557291666667 0.02734375 0.024088541666666668
0 0.49267578125 0.5091145833333334 0.009765625 0.014322916666666666
0 0.736328125 0.6106770833333334 0.02099609375 0.022786458333333332
0 0.507568359375 0.5455729166666666 0.01416015625 0.018229166666666668
0 0.579345703125 0.7705078125 0.01806640625 0.014322916666666666
0 0.739501953125 0.3046875 0.01171875 0.010416666666666666
0 0.289794921875 0.5328776041666666 0.01416015625 0.016276041666666668
0 0.48291015625 0.5979817708333334 0.0205078125 0.028645833333333332
0 0.41357421875 0.6888020833333334 0.00927734375 0.009114583333333334
0 0.33447265625 0.7122395833333334 0.013671875 0.013671875
0 0.445068359375 0.3590494791666667 0.02734375 0.037109375
0 0.71435546875 0.4163411458333333 0.01953125 0.016276041666666668
0 0.186279296875 0.3681640625 0.0107421875 0.016276041666666668
0 0.188720703125 0.3375651041666667 0.00830078125 0.015625
0 0.2080078125 0.6139322916666666 0.0126953125 0.018880208333333332
0 0.435791015625 0.7073567708333334 0.00927734375 0.020833333333333332
0 0.4853515625 0.7242838541666666 0.017578125 0.014322916666666666
0 0.45947265625 0.7548828125 0.009765625 0.014322916666666666
0 0.475830078125 0.548828125 0.00634765625 0.024088541666666668
0 0.5517578125 0.5009765625 0.01025390625 0.011067708333333334
0 0.603271484375 0.5921223958333334 0.01171875 0.018229166666666668
0 0.606689453125 0.6995442708333334 0.01318359375 0.02734375
0 0.62548828125 0.7360026041666666 0.0146484375 0.016927083333333332
0 0.57177734375 0.7268880208333334 0.00830078125 0.01171875
0 0.68017578125 0.7073567708333334 0.00927734375 0.016276041666666668
0 0.909423828125 0.7018229166666666 0.0107421875 0.015625
0 0.897216796875 0.6442057291666666 0.01123046875 0.018229166666666668
0 0.84765625 0.6041666666666666 0.01123046875 0.021484375
0 0.79541015625 0.5914713541666666 0.0166015625 0.028645833333333332
0 0.80419921875 0.5068359375 0.0068359375 0.012369791666666666
0 0.855712890625 0.5009765625 0.015625 0.026041666666666668
0 0.86962890625 0.5061848958333334 0.01171875 0.01953125
0 0.7978515625 0.423828125 0.01025390625 0.014322916666666666
0 0.848876953125 0.4254557291666667 0.01806640625 0.026692708333333332
0 0.8935546875 0.390625 0.009765625 0.011067708333333334
0 0.883056640625 0.3896484375 0.01025390625 0.014973958333333334
0 0.850341796875 0.3268229166666667 0.01513671875 0.0078125
0 0.83740234375 0.2942708333333333 0.00634765625 0.013020833333333334
0 0.776611328125 0.3030598958333333 0.01220703125 0.021484375
0 0.773681640625 0.3427734375 0.0107421875 0.012369791666666666
0 0.72412109375 0.3170572916666667 0.01123046875 0.009765625
0 0.719970703125 0.2939453125 0.0107421875 0.014973958333333334
0 0.72607421875 0.376953125 0.015625 0.022786458333333332
0 0.6748046875 0.408203125 0.01318359375 0.013020833333333334
0 0.663330078125 0.37109375 0.01123046875 0.016276041666666668
0 0.57177734375 0.3317057291666667 0.01416015625 0.024088541666666668
0 0.555908203125 0.29296875 0.01171875 0.014322916666666666
0 0.489013671875 0.3225911458333333 0.01416015625 0.01953125
0 0.59033203125 0.7796223958333334 0.01708984375 0.013020833333333334
0 0.310302734375 0.7620442708333334 0.00732421875 0.013671875
0 0.227294921875 0.4918619791666667 0.0126953125 0.01953125
0 0.2451171875 0.5413411458333334 0.02099609375 0.027994791666666668
0 0.216796875 0.6194661458333334 0.00927734375 0.016276041666666668
0 0.69873046875 0.6253255208333334 0.01416015625 0.014322916666666666
0 0.7138671875 0.5517578125 0.01123046875 0.02734375
0 0.724609375 0.5843098958333334 0.01123046875 0.01953125
0 0.731201171875 0.5872395833333334 0.00830078125 0.011067708333333334
0 0.817138671875 0.6383463541666666 0.00830078125 0.010416666666666666
0 0.563232421875 0.384765625 0.00732421875 0.017578125
0 0.485595703125 0.3916015625 0.0068359375 0.011067708333333334
0 0.3974609375 0.4033203125 0.01171875 0.016927083333333332
0 0.4013671875 0.4560546875 0.00830078125 0.024739583333333332
0 0.36669921875 0.3626302083333333 0.0078125 0.011067708333333334
0 0.52392578125 0.287109375 0.01611328125 0.022786458333333332
0 0.235107421875 0.3388671875 0.0146484375 0.021484375
0 0.394775390625 0.5634765625 0.00927734375 0.009114583333333334
0 0.712158203125 0.5120442708333334 0.01220703125 0.013020833333333334