0 0.6119378306878306 0.9515128968253967 0.04332010582010589 0.043898809523809534
0 0.3500330687830688 0.31299603174603174 0.04133597883597876 0.029265873015873023
0 0.675760582010582 0.37053571428571425 0.020171957671957525 0.02182539682539686
0 0.5011574074074073 0.44072420634920634 0.030753968253968218 0.026289682539682557
0 0.617063492063492 0.2900545634920635 0.03835978835978837 0.030505952380952328
0 0.5224867724867724 0.2726934523809524 0.027116402116402167 0.029017857142857095
0 0.5419973544973545 0.318328373015873 0.029761904761904805 0.03497023809523814
0 0.5689484126984127 0.26686507936507936 0.018849206349206355 0.016865079365079416
0 0.2533068783068783 0.5288938492063492 0.023809523809523798 0.019593253968253954
0 0.5889550264550264 0.3872767857142857 0.03240740740740744 0.025545634920634885
0 0.4626322751322751 0.5143849206349206 0.04894179894179892 0.03918650793650791
0 0.44576719576719576 0.3723958333333333 0.04960317460317457 0.0379464285714286
0 0.6810515873015873 0.283234126984127 0.041335978835978913 0.03472222222222221
0 0.35102513227513227 0.26413690476190477 0.0512566137566138 0.044642857142857095
0 0.2392526455026455 0.6323164682539683 0.029431216931216902 0.024553571428571397
0 0.47470238095238093 0.24987599206349204 0.018187830687830697 0.014136904761904767
0 0.7182539682539683 0.9284474206349206 0.02777777777777768 0.018105158730158832
0 0.46544312169312163 0.8012152777777777 0.01620370370370372 0.013144841269841168
0 0.49206349206349204 0.574156746031746 0.012566137566137522 0.01140873015873023
0 0.6954365079365079 0.6037946428571428 0.01256613756613767 0.016121031746031633
0 0.373015873015873 0.8705357142857142 0.0145502645502645 0.013392857142857206
0 0.7154431216931217 0.7867063492063492 0.02215608465608465 0.01984126984126977
0 0.3923611111111111 0.23499503968253968 0.014219576719576743 0.009176587301587324
0 0.728505291005291 0.5536954365079365 0.02579365079365085 0.020585317460317443
0 0.4016203703703703 0.7657490079365079 0.014880952380952403 0.013640873015873023
0 0.29282407407407407 0.38268849206349204 0.011574074074074106 0.011408730158730118
0 0.26025132275132273 0.8854166666666666 0.019179894179894186 0.02331349206349209
0 0.4809854497354497 0.373015873015873 0.012896825396825426 0.011904761904761862
0 0.35400132275132273 0.869047619047619 0.014219576719576743 0.010912698412698374
0 0.27215608465608465 0.7721974206349206 0.015211640211640232 0.011656746031746046
0 0.33068783068783064 0.39657738095238093 0.02976190476190473 0.01835317460317465
0 0.7103174603174603 0.5685763888888888 0.01984126984126977 0.015625
0 0.32010582010582006 0.35999503968253965 0.013227513227513255 0.009176587301587324
0 0.35185185185185186 0.4317956349206349 0.009920634920634885 0.009920634920634885
0 0.654156746031746 0.23348710317460314 0.02275793650793645 0.018187003968253956
0 0.7308201058201057 0.3224627976190476 0.012685185185185096 0.010352182539682508
0 0.38033399470899476 0.27433779761904764 0.03320105820105823 0.023221726190476133
0 0.44953703703703707 0.23782490079365076 0.010446428571428523 0.006155753968253963
0 0.2467791005291005 0.1877405753968254 0.012311507936507926 0.008953373015873012
0 0.39637566137566144 0.43200148809523803 0.018280423280423303 0.012311507936507926
0 0.5629464285714285 0.5039087301587302 0.01939814814814822 0.012869543650793736
0 0.4592361111111111 0.35575892857142855 0.01939814814814822 0.013149801587301613
0 0.3105720899470899 0.3544990079365079 0.013802910052910086 0.00839285714285709
0 0.28818783068783066 0.6846552579365079 0.042900132275132265 0.03693204365079361
0 0.5288095238095237 0.6931894841269841 0.0145502645502645 0.012031249999999938
0 0.7289550264550265 0.9143675595238094 0.013429232804232841 0.012311507936507926
0 0.6701984126984127 0.549516369047619 0.024249338624338534 0.0190252976190477
0 0.7332473544973546 0.4048611111111111 0.015294312169312244 0.012311507936507926
0 0.3734325396825397 0.32973710317460314 0.014923941798941817 0.010352182539682508
0 0.4062599206349206 0.33729166666666666 0.015667989417989414 0.01650793650793647
0 0.4780753968253968 0.47634920634920636 0.01977182539682539 0.009791666666666643
0 0.5353406084656084 0.5980605158730159 0.01939814814814807 0.01035218253968262
0 0.7289550264550265 0.5802926587301587 0.015667989417989563 0.014548611111111054
0 0.6448313492063492 0.3817782738095238 0.012311507936507926 0.012031250000000049
0 0.48180555555555554 0.3595362103174603 0.017533068783068817 0.011192956349206362