0 0.6852213541666666 0.334716796875 0.07552083333333333 0.04345703125
0 0.4283854166666667 0.548095703125 0.041015625 0.02490234375
0 0.061197916666666664 0.446533203125 0.05859375 0.0361328125
0 0.3082682291666667 0.36572265625 0.060546875 0.03955078125
0 0.5960286458333334 0.413330078125 0.052734375 0.0322265625
0 0.5270182291666666 0.4384765625 0.04296875 0.03564453125
0 0.5406901041666666 0.52001953125 0.05859375 0.0419921875
0 0.8802083333333334 0.596923828125 0.054036458333333336 0.03271484375
0 0.08430989583333333 0.600830078125 0.06315104166666667 0.041015625
0 0.876953125 0.47412109375 0.053385416666666664 0.0341796875
0 0.7473958333333334 0.458740234375 0.055338541666666664 0.02978515625
0 0.17513020833333334 0.401123046875 0.057291666666666664 0.03271484375
0 0.5670572916666666 0.45166015625 0.047526041666666664 0.03466796875
0 0.15364583333333334 0.43017578125 0.044921875 0.03271484375
0 0.8359375 0.586669921875 0.035807291666666664 0.025390625
0 0.4254557291666667 0.33642578125 0.07291666666666667 0.05517578125
0 0.17740885416666666 0.482177734375 0.078125 0.0537109375
0 0.5592447916666666 0.575927734375 0.04296875 0.0244140625
0 0.3264973958333333 0.64013671875 0.049479166666666664 0.02734375
0 0.7112630208333334 0.373291015625 0.09114583333333333 0.04443359375
0 0.87109375 0.6416015625 0.033203125 0.02392578125
0 0.1591796875 0.566650390625 0.039713541666666664 0.03515625
0 0.06770833333333333 0.4091796875 0.06901041666666667 0.04296875
0 0.6650390625 0.556884765625 0.05078125 0.03466796875
0 0.8531901041666666 0.55712890625 0.044921875 0.0361328125
0 0.018880208333333332 0.609130859375 0.037760416666666664 0.02783203125
0 0.5719401041666666 0.55078125 0.059244791666666664 0.02978515625
0 0.3971354166666667 0.5029296875 0.0390625 0.02490234375
0 0.8551432291666666 0.619873046875 0.020833333333333332 0.01220703125
0 0.8209635416666666 0.3896484375 0.034505208333333336 0.02490234375
0 0.8297526041666666 0.612060546875 0.027994791666666668 0.01806640625
0 0.6904296875 0.510009765625 0.046223958333333336 0.03857421875
0 0.8961588541666666 0.44189453125 0.08203125 0.03759765625
0 0.7265625 0.410400390625 0.037109375 0.0244140625
0 0.017903645833333332 0.502685546875 0.035807291666666664 0.02294921875
0 0.21451822916666666 0.556396484375 0.024739583333333332 0.01513671875
0 0.4446614583333333 0.57763671875 0.033203125 0.021484375
0 0.4388020833333333 0.629150390625 0.020833333333333332 0.017578125
0 0.24609375 0.5947265625 0.03515625 0.02685546875
0 0.64453125 0.52734375 0.044921875 0.02783203125
0 0.2574869791666667 0.552490234375 0.01953125 0.0146484375
0 0.8391927083333334 0.323486328125 0.0390625 0.0244140625
0 0.9270833333333334 0.524169921875 0.02734375 0.01220703125
0 0.3994140625 0.626708984375 0.057942708333333336 0.0322265625
0 0.030598958333333332 0.363525390625 0.018229166666666668 0.013671875
0 0.5501302083333334 0.3017578125 0.024088541666666668 0.02001953125
0 0.3479817708333333 0.299072265625 0.029296875 0.015625
0 0.7757161458333334 0.37841796875 0.022786458333333332 0.01318359375
0 0.5992838541666666 0.5009765625 0.026041666666666668 0.0234375
0 0.6884765625 0.58740234375 0.017578125 0.0107421875
0 0.3225911458333333 0.576904296875 0.022786458333333332 0.01513671875
0 0.7265625 0.60302734375 0.017578125 0.01416015625
0 0.2119140625 0.62451171875 0.016927083333333332 0.01123046875
0 0.4794921875 0.649169921875 0.02734375 0.01416015625
0 0.7268880208333334 0.490966796875 0.018229166666666668 0.0087890625
0 0.056640625 0.494384765625 0.044270833333333336 0.02783203125
0 0.6409505208333334 0.41357421875 0.018229166666666668 0.013671875
0 0.8199869791666666 0.490478515625 0.09440104166666667 0.05322265625
0 0.5852864583333334 0.38720703125 0.03125 0.0205078125
0 0.8515625 0.349365234375 0.017578125 0.0126953125
0 0.06640625 0.356201171875 0.038411458333333336 0.01806640625
0 0.24674479166666666 0.3701171875 0.022786458333333332 0.01416015625
0 0.8382161458333334 0.30126953125 0.016276041666666668 0.01318359375
0 0.14127604166666666 0.6318359375 0.024739583333333332 0.01611328125
0 0.4602864583333333 0.627197265625 0.016927083333333332 0.01220703125
0 0.6080729166666666 0.360595703125 0.018229166666666668 0.01904296875
0 0.3795572916666667 0.453369140625 0.059244791666666664 0.0498046875
0 0.7900390625 0.569091796875 0.031901041666666664 0.02001953125
0 0.6126302083333334 0.55029296875 0.01953125 0.01416015625
0 0.07486979166666667 0.54833984375 0.039713541666666664 0.02880859375
0 0.20930989583333334 0.606689453125 0.022135416666666668 0.01318359375
0 0.24837239583333334 0.637451171875 0.01953125 0.01318359375
0 0.21712239583333334 0.31005859375 0.016276041666666668 0.01123046875
0 0.9000651041666666 0.37060546875 0.016276041666666668 0.01416015625
0 0.810546875 0.368896484375 0.013671875 0.01220703125
0 0.7926432291666666 0.53515625 0.020182291666666668 0.0244140625
0 0.744140625 0.633056640625 0.011067708333333334 0.0126953125
0 0.6298828125 0.56005859375 0.017578125 0.01953125
0 0.6334635416666666 0.459716796875 0.020182291666666668 0.02001953125
0 0.5315755208333334 0.5654296875 0.0234375 0.015625
0 0.4798177083333333 0.5625 0.013671875 0.01123046875
0 0.4752604166666667 0.509765625 0.021484375 0.009765625
0 0.7867838541666666 0.33203125 0.013671875 0.01025390625
0 0.8115234375 0.313232421875 0.022786458333333332 0.021484375
0 0.6383463541666666 0.48193359375 0.016276041666666668 0.0166015625
0 0.6416015625 0.43994140625 0.011067708333333334 0.01025390625
0 0.6028645833333334 0.464599609375 0.012369791666666666 0.01123046875
0 0.6653645833333334 0.489990234375 0.015625 0.01123046875
0 0.6507161458333334 0.490478515625 0.016927083333333332 0.01416015625
0 0.439453125 0.596923828125 0.029296875 0.0283203125
0 0.3792317708333333 0.61865234375 0.017578125 0.0126953125
0 0.4573567708333333 0.644287109375 0.017578125 0.0146484375
0 0.361328125 0.55419921875 0.016276041666666668 0.00927734375
0 0.11686197916666667 0.48828125 0.032552083333333336 0.02197265625
0 0.0673828125 0.510498046875 0.016276041666666668 0.01416015625
0 0.056315104166666664 0.6513671875 0.017578125 0.0087890625
0 0.023763020833333332 0.39208984375 0.044270833333333336 0.02783203125
0 0.0634765625 0.33544921875 0.07486979166666667 0.03466796875
0 0.3528645833333333 0.37744140625 0.039713541666666664 0.04052734375
0 0.390625 0.3212890625 0.014973958333333334 0.01025390625
0 0.3229166666666667 0.48193359375 0.022786458333333332 0.01904296875
0 0.2744140625 0.388427734375 0.013671875 0.00830078125
0 0.2679036458333333 0.585205078125 0.020182291666666668 0.0205078125
0 0.4222005208333333 0.388671875 0.015625 0.01611328125
0 0.5729166666666666 0.37744140625 0.022786458333333332 0.015625
0 0.5325520833333334 0.473388671875 0.015625 0.00927734375
0 0.515625 0.451171875 0.016927083333333332 0.0146484375
0 0.6617838541666666 0.365478515625 0.01953125 0.01220703125
0 0.6653645833333334 0.399658203125 0.015625 0.01220703125
0 0.5833333333333334 0.33984375 0.053385416666666664 0.05908203125
0 0.6171875 0.296630859375 0.014322916666666666 0.01220703125
0 0.7477213541666666 0.528076171875 0.06770833333333333 0.05859375
0 0.4609375 0.615478515625 0.013671875 0.01123046875
0 0.5042317708333334 0.573974609375 0.014973958333333334 0.0068359375
0 0.5052083333333334 0.6396484375 0.016276041666666668 0.0126953125
0 0.17024739583333334 0.537841796875 0.018880208333333332 0.0107421875
0 0.12662760416666666 0.559326171875 0.052083333333333336 0.02734375
0 0.10546875 0.573486328125 0.015625 0.0078125
0 0.06477864583333333 0.583740234375 0.020182291666666668 0.01171875
0 0.3356119791666667 0.4296875 0.048177083333333336 0.02734375
0 0.2985026041666667 0.57373046875 0.018880208333333332 0.0107421875