0 0.2955729166666667 0.462646484375 0.024739583333333332 0.01611328125
0 0.8411458333333334 0.381103515625 0.03515625 0.02783203125
0 0.15755208333333334 0.656982421875 0.036458333333333336 0.0185546875
0 0.65234375 0.50146484375 0.027994791666666668 0.02099609375
0 0.6741536458333334 0.408447265625 0.041666666666666664 0.0244140625
0 0.9554036458333334 0.325439453125 0.033203125 0.03271484375
0 0.9879557291666666 0.62353515625 0.024088541666666668 0.0283203125
0 0.2913411458333333 0.412841796875 0.013671875 0.01416015625
0 0.4694010416666667 0.380126953125 0.026692708333333332 0.025390625
0 0.6451822916666666 0.331787109375 0.051432291666666664 0.03564453125
0 0.8714192708333334 0.673828125 0.042317708333333336 0.03369140625
0 0.6077473958333334 0.650390625 0.040364583333333336 0.0302734375
0 0.5732421875 0.57177734375 0.037109375 0.02001953125
0 0.5865885416666666 0.62255859375 0.02734375 0.0234375
0 0.9482421875 0.6640625 0.022786458333333332 0.01611328125
0 0.9329427083333334 0.483642578125 0.039713541666666664 0.0224609375
0 0.609375 0.38916015625 0.026041666666666668 0.01806640625
0 0.3369140625 0.56103515625 0.022786458333333332 0.0126953125
0 0.259765625 0.357666015625 0.020833333333333332 0.01513671875
0 0.5934244791666666 0.44677734375 0.018229166666666668 0.01171875
0 0.7581380208333334 0.52734375 0.045572916666666664 0.025390625
0 0.6546223958333334 0.60107421875 0.020182291666666668 0.01220703125
0 0.7099609375 0.533203125 0.037109375 0.02294921875
0 0.7223307291666666 0.350341796875 0.036458333333333336 0.0234375
0 0.7688802083333334 0.455322265625 0.0234375 0.01220703125
0 0.3974609375 0.547607421875 0.020182291666666668 0.0126953125
0 0.3414713541666667 0.667236328125 0.025390625 0.0126953125
0 0.8746744791666666 0.473876953125 0.018229166666666668 0.01416015625
0 0.3102213541666667 0.5029296875 0.021484375 0.01171875
0 0.17350260416666666 0.67529296875 0.027994791666666668 0.017578125
0 0.3990885416666667 0.40576171875 0.020833333333333332 0.015625
0 0.3863932291666667 0.5283203125 0.036458333333333336 0.02294921875
0 0.8424479166666666 0.42333984375 0.0234375 0.01318359375
0 0.45703125 0.5673828125 0.017578125 0.01171875
0 0.435546875 0.51123046875 0.018880208333333332 0.00927734375
0 0.4189453125 0.410888671875 0.027994791666666668 0.02880859375
0 0.12076822916666667 0.58984375 0.014973958333333334 0.009765625
0 0.3470052083333333 0.5224609375 0.018229166666666668 0.01123046875
0 0.1494140625 0.3486328125 0.035807291666666664 0.02099609375
0 0.3704427083333333 0.4697265625 0.015625 0.01171875
0 0.712890625 0.601318359375 0.016276041666666668 0.01416015625
0 0.3056640625 0.6806640625 0.032552083333333336 0.015625
0 0.1630859375 0.628173828125 0.01953125 0.0146484375
0 0.9733072916666666 0.67431640625 0.03125 0.02197265625
0 0.9046223958333334 0.572998046875 0.060546875 0.03515625
0 0.9274088541666666 0.40673828125 0.018229166666666668 0.01025390625
0 0.9150390625 0.39013671875 0.012369791666666666 0.009765625
0 0.9261067708333334 0.359130859375 0.013020833333333334 0.009765625
0 0.9137369791666666 0.33544921875 0.029296875 0.01806640625
0 0.8199869791666666 0.66162109375 0.035807291666666664 0.0390625
0 0.7779947916666666 0.5673828125 0.060546875 0.048828125
0 0.7447916666666666 0.562744140625 0.021484375 0.017578125
0 0.6848958333333334 0.52880859375 0.014322916666666666 0.017578125
0 0.6569010416666666 0.547607421875 0.015625 0.0126953125
0 0.6276041666666666 0.53955078125 0.020833333333333332 0.02001953125
0 0.5921223958333334 0.677978515625 0.043619791666666664 0.0234375
0 0.5491536458333334 0.611328125 0.01953125 0.0126953125
0 0.5091145833333334 0.59765625 0.028645833333333332 0.02392578125
0 0.5162760416666666 0.562255859375 0.041015625 0.03076171875
0 0.4983723958333333 0.551025390625 0.0390625 0.02880859375
0 0.5354817708333334 0.48193359375 0.018229166666666668 0.013671875
0 0.5296223958333334 0.51025390625 0.021484375 0.0146484375
0 0.5654296875 0.43212890625 0.029296875 0.02197265625
0 0.5465494791666666 0.42919921875 0.018880208333333332 0.01318359375
0 0.533203125 0.4267578125 0.013020833333333334 0.013671875
0 0.5130208333333334 0.503173828125 0.016276041666666668 0.0185546875
0 0.4905598958333333 0.481689453125 0.0234375 0.0126953125
0 0.541015625 0.536865234375 0.014973958333333334 0.0126953125
0 0.4908854166666667 0.525390625 0.01953125 0.01318359375
0 0.4654947916666667 0.51220703125 0.016927083333333332 0.0107421875
0 0.4469401041666667 0.46142578125 0.013671875 0.01416015625
0 0.3382161458333333 0.532958984375 0.016927083333333332 0.01416015625
0 0.2880859375 0.435546875 0.021484375 0.01171875
0 0.2584635416666667 0.4345703125 0.026692708333333332 0.013671875
0 0.251953125 0.45361328125 0.025390625 0.0234375
0 0.2373046875 0.431884765625 0.044921875 0.02294921875
0 0.1337890625 0.46142578125 0.016927083333333332 0.01171875
0 0.1650390625 0.442138671875 0.014973958333333334 0.013671875
0 0.177734375 0.513427734375 0.03515625 0.02978515625
0 0.1484375 0.540283203125 0.022135416666666668 0.01611328125
0 0.11555989583333333 0.500244140625 0.017578125 0.0166015625
0 0.0830078125 0.44873046875 0.014322916666666666 0.01416015625
0 0.09830729166666667 0.45068359375 0.010416666666666666 0.00927734375
0 0.5517578125 0.382568359375 0.016927083333333332 0.0126953125
0 0.5244140625 0.357421875 0.024088541666666668 0.0224609375
0 0.5579427083333334 0.339599609375 0.012369791666666666 0.01318359375
0 0.5452473958333334 0.34130859375 0.013671875 0.0107421875
0 0.6692708333333334 0.349609375 0.028645833333333332 0.0107421875
0 0.66796875 0.430419921875 0.012369791666666666 0.0087890625
0 0.7698567708333334 0.484375 0.024739583333333332 0.013671875
0 0.8190104166666666 0.4892578125 0.013671875 0.01220703125
0 0.9814453125 0.644287109375 0.017578125 0.0146484375
0 0.3466796875 0.677490234375 0.016276041666666668 0.0126953125
0 0.275390625 0.645751953125 0.017578125 0.013671875
0 0.21223958333333334 0.6318359375 0.016927083333333332 0.0126953125
0 0.2822265625 0.5615234375 0.01171875 0.00830078125
0 0.7623697916666666 0.343994140625 0.011067708333333334 0.0068359375
0 0.9202473958333334 0.664794921875 0.011067708333333334 0.0107421875
0 0.4759114583333333 0.625 0.024739583333333332 0.01318359375
0 0.9560546875 0.514404296875 0.030598958333333332 0.0166015625
0 0.14811197916666666 0.61474609375 0.018229166666666668 0.01123046875
0 0.5833333333333334 0.458740234375 0.014322916666666666 0.0107421875
0 0.951171875 0.49365234375 0.015625 0.0078125
0 0.935546875 0.369140625 0.011067708333333334 0.00927734375
0 0.9241536458333334 0.6298828125 0.025390625 0.0146484375
0 0.9928385416666666 0.64404296875 0.014322916666666666 0.0126953125
0 0.6559244791666666 0.640869140625 0.017578125 0.0166015625
0 0.541015625 0.589111328125 0.021484375 0.01806640625