0 0.4889322916666667 0.601806640625 0.03515625 0.0224609375
0 0.5826822916666666 0.41064453125 0.068359375 0.04443359375
0 0.3929036458333333 0.368896484375 0.043619791666666664 0.02783203125
0 0.466796875 0.406005859375 0.0390625 0.02392578125
0 0.7864583333333334 0.58251953125 0.04296875 0.03271484375
0 0.4977213541666667 0.61962890625 0.021484375 0.01318359375
0 0.9020182291666666 0.560546875 0.020182291666666668 0.0146484375
0 0.3834635416666667 0.58447265625 0.046223958333333336 0.02978515625
0 0.7897135416666666 0.452880859375 0.0390625 0.02587890625
0 0.22591145833333334 0.479736328125 0.020182291666666668 0.01123046875
0 0.5944010416666666 0.293212890625 0.042317708333333336 0.0205078125
0 0.6246744791666666 0.558837890625 0.027994791666666668 0.017578125
0 0.6783854166666666 0.391357421875 0.043619791666666664 0.02490234375
0 0.44140625 0.570556640625 0.039713541666666664 0.02880859375
0 0.3610026041666667 0.431640625 0.026041666666666668 0.017578125
0 0.6272786458333334 0.5205078125 0.03125 0.02001953125
0 0.8971354166666666 0.526611328125 0.046875 0.033203125
0 0.2893880208333333 0.371337890625 0.0390625 0.02197265625
0 0.6995442708333334 0.346435546875 0.035807291666666664 0.02294921875
0 0.7600911458333334 0.62548828125 0.04296875 0.0283203125
0 0.6595052083333334 0.544677734375 0.037760416666666664 0.0263671875
0 0.15657552083333334 0.329345703125 0.02734375 0.01708984375
0 0.3098958333333333 0.400146484375 0.0390625 0.029296875
0 0.3639322916666667 0.6357421875 0.026041666666666668 0.02880859375
0 0.5452473958333334 0.60205078125 0.020833333333333332 0.01171875
0 0.8388671875 0.293212890625 0.035807291666666664 0.02197265625
0 0.7255859375 0.29736328125 0.021484375 0.01318359375
0 0.3792317708333333 0.521484375 0.022786458333333332 0.01220703125
0 0.3033854166666667 0.513671875 0.0234375 0.01318359375
0 0.798828125 0.33447265625 0.022786458333333332 0.01220703125
0 0.2998046875 0.43896484375 0.018880208333333332 0.009765625
0 0.4720052083333333 0.566650390625 0.022786458333333332 0.01611328125
0 0.4375 0.52294921875 0.026041666666666668 0.01416015625
0 0.7985026041666666 0.310302734375 0.015625 0.00830078125
0 0.5364583333333334 0.501220703125 0.07421875 0.04736328125
0 0.08756510416666667 0.580810546875 0.037109375 0.017578125
0 0.18131510416666666 0.308349609375 0.044270833333333336 0.02001953125
0 0.568359375 0.447998046875 0.040364583333333336 0.0322265625
0 0.3059895833333333 0.590087890625 0.022786458333333332 0.01953125
0 0.4700520833333333 0.517333984375 0.014973958333333334 0.013671875
0 0.5667317708333334 0.630126953125 0.017578125 0.00927734375
0 0.7177734375 0.599853515625 0.016276041666666668 0.0107421875
0 0.728515625 0.318603515625 0.016276041666666668 0.009765625
0 0.6559244791666666 0.5224609375 0.014973958333333334 0.01171875
0 0.1455078125 0.298828125 0.020182291666666668 0.0166015625
0 0.0361328125 0.325439453125 0.018880208333333332 0.0107421875
0 0.4934895833333333 0.342529296875 0.044270833333333336 0.029296875
0 0.3356119791666667 0.53662109375 0.016927083333333332 0.0146484375
0 0.6077473958333334 0.372314453125 0.01953125 0.009765625
0 0.4251302083333333 0.594970703125 0.017578125 0.0107421875
0 0.7574869791666666 0.3154296875 0.013671875 0.0107421875
0 0.3336588541666667 0.55029296875 0.018229166666666668 0.009765625
0 0.318359375 0.48828125 0.014322916666666666 0.01025390625
0 0.7275390625 0.36279296875 0.012369791666666666 0.0107421875
0 0.931640625 0.62841796875 0.020182291666666668 0.01318359375
0 0.5367838541666666 0.367431640625 0.021484375 0.00927734375
0 0.17513020833333334 0.48486328125 0.049479166666666664 0.021484375
0 0.22037760416666666 0.52587890625 0.017578125 0.01171875
0 0.7386067708333334 0.348876953125 0.018880208333333332 0.009765625
0 0.541015625 0.56640625 0.012369791666666666 0.01806640625
0 0.6770833333333334 0.471923828125 0.013020833333333334 0.00830078125
0 0.6380208333333334 0.4453125 0.015625 0.01123046875
0 0.2421875 0.456298828125 0.0234375 0.01123046875
0 0.3811848958333333 0.498779296875 0.013020833333333334 0.009765625
0 0.17447916666666666 0.54345703125 0.016927083333333332 0.0107421875
0 0.6259765625 0.501220703125 0.029947916666666668 0.01806640625
0 0.0068359375 0.63134765625 0.013671875 0.0107421875
0 0.8681640625 0.381591796875 0.036458333333333336 0.03759765625
0 0.724609375 0.39892578125 0.080078125 0.05517578125
0 0.7548828125 0.375732421875 0.015625 0.015625
0 0.9130859375 0.60888671875 0.016276041666666668 0.013671875
0 0.8444010416666666 0.610595703125 0.020833333333333332 0.0146484375
0 0.814453125 0.571044921875 0.017578125 0.01220703125
0 0.6266276041666666 0.399169921875 0.0390625 0.02685546875
0 0.4401041666666667 0.492919921875 0.022135416666666668 0.0205078125
0 0.5475260416666666 0.54638671875 0.021484375 0.0087890625
0 0.4840494791666667 0.5458984375 0.012369791666666666 0.0078125
0 0.5205078125 0.48291015625 0.024739583333333332 0.01123046875
0 0.3056640625 0.31494140625 0.013020833333333334 0.01318359375
0 0.3798828125 0.283203125 0.015625 0.01318359375
0 0.2841796875 0.57373046875 0.015625 0.01025390625
0 0.16178385416666666 0.560302734375 0.01953125 0.01171875
0 0.14485677083333334 0.5888671875 0.018229166666666668 0.015625
0 0.23697916666666666 0.626220703125 0.016927083333333332 0.015625
0 0.2099609375 0.548583984375 0.013671875 0.01123046875
0 0.039388020833333336 0.62109375 0.016276041666666668 0.0126953125
0 0.072265625 0.482421875 0.022786458333333332 0.01513671875
0 0.1357421875 0.597412109375 0.011067708333333334 0.01171875
0 0.0595703125 0.347412109375 0.014973958333333334 0.0146484375
0 0.049479166666666664 0.36962890625 0.018229166666666668 0.01318359375
0 0.01953125 0.379150390625 0.012369791666666666 0.0087890625
0 0.14127604166666666 0.641845703125 0.020833333333333332 0.00927734375
0 0.8059895833333334 0.317138671875 0.01171875 0.00927734375