0 0.28946924603174606 0.33752314814814816 0.026371527777777737 0.03445436507936502
0 0.45050843253968254 0.5759722222222222 0.0185987103174603 0.02028108465608473
0 0.6082291666666667 0.34772156084656086 0.020441468253968198 0.021855158730158752
0 0.3186656746031746 0.7595205026455026 0.0293998015873016 0.03165674603174592
0 0.8234821428571428 0.3566898148148148 0.02651537698412687 0.04102843915343909
0 0.6793774801587301 0.619047619047619 0.017127976190476124 0.01838293650793658
0 0.877078373015873 0.5603108465608465 0.027070932539682513 0.024477513227513164
0 0.9284697420634921 0.6695535714285713 0.020245535714285667 0.02119708994708998
0 0.899156746031746 0.3304695767195767 0.02781001984126985 0.037331349206349174
0 0.21330109126984126 0.36833994708994705 0.0162748015873016 0.02106812169312174
0 0.40388888888888885 0.32075396825396824 0.0176736111111111 0.01751322751322748
0 0.6415798611111111 0.3672585978835978 0.015414186507936467 0.012665343915343907
0 0.45847222222222217 0.711957671957672 0.011118551587301573 0.01731150793650797
0 0.35681299603174604 0.6493088624338624 0.020935019841269886 0.02768518518518522
0 0.6054960317460317 0.7249404761904761 0.02970238095238087 0.03440476190476183
0 0.5697619047619048 0.5896825396825397 0.017445436507936618 0.02355158730158724
0 0.6453844246031746 0.6318419312169312 0.017571924603174693 0.027367724867724874
0 0.522405753968254 0.37187169312169305 0.016778273809523903 0.024533730158730133
0 0.7497544642857144 0.33450066137566137 0.02837549603174594 0.02986441798941793
0 0.7122867063492063 0.39567791005291003 0.017814980158730176 0.02696097883597881
0 0.30449404761904764 0.5190376984126984 0.015704365079365123 0.022853835978835946
0 0.4288988095238095 0.5604761904761905 0.029558531746031735 0.030545634920634928
0 0.9088616071428571 0.40422949735449737 0.026364087301587347 0.03301587301587302
0 0.3851736111111111 0.6323181216931216 0.01584573412698409 0.02435185185185181
0 0.3889707341269841 0.4885185185185185 0.037641369047619055 0.028072089947089946
0 0.9320957341269841 0.5983796296296297 0.019717261904761862 0.02614087301587305
0 0.7677604166666666 0.46799272486772486 0.025349702380952355 0.03103505291005293
0 0.37631696428571426 0.4214252645502646 0.016388888888888897 0.018488756613756596
0 0.5820486111111112 0.4596395502645503 0.012817460317460228 0.02383597883597884
0 0.4038541666666666 0.5352843915343916 0.015334821428571455 0.014332010582010538
0 0.3160218253968254 0.6001818783068783 0.024965277777777795 0.019057539682539648
0 0.6943377976190476 0.49983134920634914 0.01163690476190471 0.014517195767195753
0 0.2182093253968254 0.32428571428571423 0.011676587301587327 0.015830026455026475
0 0.8061235119047618 0.6909755291005291 0.011552579365079474 0.013584656084656052
0 0.23564732142857142 0.3264616402116402 0.008675595238095246 0.01948743386243379
0 0.40562499999999996 0.44034060846560846 0.014419642857142811 0.04182870370370365
0 0.8547792658730158 0.6189880952380952 0.05143849206349205 0.056739417989417916
0 0.8132316468253967 0.5742989417989418 0.00884424603174594 0.014632936507936437
0 0.8138144841269841 0.5426421957671957 0.008611111111111125 0.010284391534391535
0 0.8643204365079364 0.6660085978835978 0.014662698412698516 0.020545634920634992
0 0.9002802579365079 0.7249900793650793 0.007914186507936405 0.014993386243386198
0 0.7910044642857142 0.7386507936507934 0.011403769841269895 0.02431547619047632
0 0.7441046626984127 0.731359126984127 0.02420634920634912 0.01531415343915358
0 0.6975545634920635 0.713042328042328 0.007447916666666776 0.019649470899470778
0 0.6617113095238095 0.7456382275132274 0.015825892857142865 0.025257936507936545
0 0.6802157738095238 0.6801488095238094 0.010939980158730211 0.019649470899470778
0 0.7910044642857142 0.652523148148148 0.01000744047619051 0.014057539682539755
0 0.7924007936507936 0.6039484126984126 0.011403769841269895 0.012490079365079362
0 0.7324677579365079 0.5656117724867725 0.007447916666666776 0.014017857142857082
0 0.6269146825396824 0.6241302910052909 0.010939980158730211 0.0180919312169312
0 0.3921850198412698 0.6779629629629628 0.0083779761904762 0.009695767195767147
0 0.4509548611111111 0.6792063492063493 0.009543650793650826 0.012179232804232795
0 0.39916914682539684 0.6456746031746031 0.013499503968253945 0.012675264550264576
0 0.47457837301587297 0.6073412698412698 0.00884424603174605 0.013687169312169326
0 0.2711557539682539 0.7243584656084656 0.006517857142857131 0.017926587301587322
0 0.2762748015873016 0.7124107142857142 0.012569444444444411 0.009695767195767147
0 0.2178546626984127 0.7518386243386243 0.011636904761904765 0.020896164021163937
0 0.20354166666666665 0.7350727513227513 0.008611111111111125 0.014054232804232866
0 0.23624255952380951 0.7054265873015874 0.0083779761904762 0.009381613756613838
0 0.24054811507936505 0.6292261904761904 0.009077380952380976 0.012149470899470938
0 0.21063988095238093 0.6303141534391533 0.00977430555555553 0.014322089947090019
0 0.47329861111111104 0.5192559523809523 0.01000744047619051 0.01999007936507935
0 0.4976215277777778 0.48293320105820103 0.007914186507936405 0.013759920634920597
0 0.5131001984126984 0.40066468253968246 0.009077380952380976 0.012367724867724897
0 0.4402480158730158 0.4137070105820106 0.009543650793650826 0.012476851851851803
0 0.5590674603174602 0.3173511904761905 0.010240575396825324 0.011550925925925956
0 0.7635391865079365 0.3834523809523809 0.010939980158730211 0.012172619047619015
0 0.8005481150793651 0.4092162698412698 0.011403769841269895 0.015906084656084712
0 0.7969394841269841 0.43389219576719573 0.007447916666666776 0.011087962962962994
0 0.8630406746031746 0.3798809523809524 0.009774305555555474 0.012969576719576695
0 0.8892261904761904 0.4692592592592592 0.02257688492063492 0.034067460317460295
0 0.8886433531746032 0.44769510582010574 0.017224702380952417 0.020244708994708944
0 0.8249851190476191 0.6734589947089947 0.008611111111111125 0.011107804232804183
0 0.3171056547619047 0.5675727513227512 0.018402777777777768 0.012232142857142877
0 0.3587599206349206 0.49261904761904757 0.01345486111111116 0.015882936507936485
0 0.34668898809523807 0.48192791005290997 0.010684523809523783 0.010333994708994728
0 0.32689980158730153 0.4474966931216931 0.013851686507936556 0.014818121693121652
0 0.22374999999999998 0.612010582010582 0.008690476190476193 0.01315476190476191
0 0.2537003968253968 0.7227314814814814 0.015503472222222259 0.022863756613756614
0 0.6250868055555555 0.7252347883597884 0.009866071428571432 0.024742063492063576
0 0.6814657738095238 0.42267526455026455 0.011746031746031838 0.017853835978836052
0 0.4171949404761905 0.5402843915343915 0.013623511904761854 0.016914682539682573