0 0.6574074074074074 0.5985863095238095 0.04563492063492062 0.03199404761904767
0 0.658234126984127 0.7547123015873015 0.025462962962963093 0.023809523809523725
0 0.47883597883597884 0.28447420634920634 0.037037037037037056 0.030753968253968256
0 0.28025793650793646 0.3343253968253968 0.05257936507936504 0.04315476190476186
0 0.8141534391534391 0.5636160714285714 0.05952380952380961 0.053323412698412787
0 0.7658730158730158 0.44512152777777775 0.0661375661375662 0.045503472222222174
0 0.8482142857142857 0.3622271825396825 0.04761904761904775 0.039434523809523836
0 0.6284722222222222 0.30344742063492064 0.03802910052910047 0.039434523809523836
0 0.42113095238095233 0.8501984126984127 0.04927248677248682 0.038690476190476275
0 0.9064153439153438 0.7434275793650793 0.046296296296296426 0.032490079365079305
0 0.5585317460317459 0.5534474206349206 0.03968253968253969 0.035962301587301626
0 0.7825727513227513 0.9425843253968254 0.030753968253968367 0.023065476190476275
0 0.3143187830687831 0.9296875 0.034722222222222245 0.02157738095238093
0 0.6091269841269841 0.7294146825396824 0.02050264550264543 0.021825396825396748
0 0.7157738095238094 0.3831845238095238 0.026785714285714413 0.02182539682539686
0 0.07886904761904762 0.5348462301587301 0.047949735449735464 0.036954365079365115
0 0.39566798941798936 0.6350446428571428 0.04199735449735457 0.03397817460317465
0 0.7767857142857143 0.7523561507936507 0.017195767195767136 0.018105158730158832
0 0.5715939153439153 0.3343253968253968 0.04133597883597876 0.04613095238095233
0 0.7291666666666666 0.6863839285714285 0.04497354497354511 0.026537698412698374
0 0.6731150793650794 0.29228670634920634 0.020833333333333332 0.017113095238095233
0 0.6949404761904762 0.759548611111111 0.029431216931217048 0.02356150793650791
0 0.21180555555555555 0.3733878968253968 0.01752645502645504 0.016121031746031744
0 0.6805555555555555 0.7219742063492063 0.015873015873015817 0.012896825396825351
0 0.7533068783068783 0.5905729166666667 0.03174603174603163 0.015778769841269913
0 0.4884689153439154 0.5444890873015873 0.01917328042328048 0.01690228174603181
0 0.9300595238095237 0.597594246031746 0.038690476190476275 0.02256944444444442
0 0.876984126984127 0.939236111111111 0.01256613756613767 0.011904761904761862
0 0.12384259259259257 0.5011160714285714 0.019510582010582016 0.013144841269841168
0 0.380787037037037 0.6941964285714285 0.012235449735449766 0.01388888888888884
0 0.19527116402116398 0.652157738095238 0.020833333333333332 0.02008928571428581
0 0.4809589947089947 0.3187127976190476 0.048723544973544954 0.03616567460317466
0 0.9302711640211639 0.3878422619047619 0.03214616402116407 0.025994543650793678
0 0.6838888888888888 0.45753720238095236 0.025618386243386304 0.02071924603174602
0 0.6155753968253969 0.5132936507936507 0.020595238095238038 0.015446428571428639
0 0.7456746031746032 0.5775272817460317 0.02160052910052901 0.012056051587301608
0 0.18108134920634922 0.9876760912698412 0.035664682539682545 0.024647817460317523
0 0.7918849206349204 0.7596750992063492 0.02160052910052901 0.01695188492063493
0 0.6730886243386243 0.5392881944444444 0.021097883597883598 0.01695188492063493