0 0.3984391534391534 0.5541071428571428 0.022787698412698454 0.025848214285714377
0 0.6487037037037037 0.38485615079365076 0.02116071428571435 0.02122519841269843
0 0.6486772486772486 0.9320238095238095 0.03315476190476193 0.022056051587301617
0 0.545866402116402 0.6274206349206349 0.027506613756613785 0.021483134920635027
0 0.6977910052910051 0.41497271825396825 0.0328306878306878 0.01879464285714283
0 0.4391931216931216 0.34352182539682535 0.025333994708994705 0.02113591269841264
0 0.479864417989418 0.47558779761904757 0.016610449735449784 0.01831101190476192
0 0.2964318783068783 0.6234722222222222 0.022979497354497374 0.025146329365079323
0 0.4639054232804232 0.7334647817460317 0.027288359788359823 0.01948164682539688
0 0.48006944444444444 0.767735615079365 0.017853835978835903 0.013583829365079403
0 0.3311474867724867 0.4594940476190476 0.01271164021164021 0.014558531746031722
0 0.6582142857142858 0.7816840277777777 0.01677910052910055 0.015104166666666696
0 0.7481977513227513 0.6163665674603175 0.01941137566137563 0.011622023809523707
0 0.515327380952381 0.509719742063492 0.013581349206349161 0.01850694444444434
0 0.734616402116402 0.8150272817460317 0.017701719576719437 0.012911706349206353
0 0.6603207671957672 0.26295882936507936 0.03975859788359785 0.0240104166666667
0 0.4430092592592592 0.9510813492063492 0.02041997354497349 0.020305059523809454
0 0.49107142857142855 0.9542534722222222 0.02091931216931216 0.013692956349206309
0 0.3725363756613756 0.9368774801587301 0.01693452380952376 0.010342261904761951
0 0.3874768518518518 0.9393080357142857 0.011954365079365056 0.012956349206349138
0 0.3981845238095238 0.8754141865079365 0.025400132275132343 0.014489087301587267
0 0.7323743386243385 0.9929290674603174 0.012450396825396837 0.011364087301587222
0 0.7704728835978836 0.876532738095238 0.017929894179894212 0.021212797619047707
0 0.7221626984126984 0.8686879960317461 0.01693452380952376 0.010009920634920677
0 0.279401455026455 0.7659623015873016 0.01494047619047619 0.015245535714285774
0 0.4004265873015873 0.7428050595238094 0.021914682539682467 0.01599206349206339
0 0.6673776455026456 0.7592485119047618 0.02390542328042322 0.020458829365079367
0 0.2988260582010582 0.678938492063492 0.01494047619047619 0.010000000000000009
0 0.3182506613756613 0.6296155753968254 0.015935846560846567 0.010778769841269797
0 0.42682208994709 0.6471775793650794 0.014940476190476263 0.012261904761904807
0 0.6101025132275132 0.6619494047619048 0.019920634920634967 0.014097222222222205
0 0.49238095238095236 0.4630282738095238 0.02091931216931216 0.010763888888888906
0 0.4018353174603175 0.41425843253968253 0.01431547619047624 0.00940972222222225
0 0.49658730158730163 0.37872519841269836 0.017040343915343925 0.008898809523809503
0 0.7530621693121694 0.32682291666666663 0.01533730158730151 0.018124999999999947
0 0.7561276455026454 0.4547842261904762 0.016018518518518654 0.015783730158730136
0 0.7573214285714286 0.4840550595238095 0.019087301587301653 0.016031746031746064
0 0.5151719576719577 0.272390873015873 0.01851851851851845 0.013472222222222219
0 0.5025694444444444 0.22820932539682537 0.01851851851851845 0.012331349206349207
0 0.5471957671957671 0.22917410714285713 0.028035714285714313 0.01773313492063494
0 0.728994708994709 0.2624206349206349 0.015575396825396956 0.014310515873015905
0 0.6970601851851851 0.22810267857142857 0.018693783068783 0.011681547619047605
0 0.6898578042328043 0.25044642857142857 0.019080687830687875 0.010806051587301635
0 0.6263789682539682 0.28973710317460316 0.014206349206349186 0.007924107142857184
0 0.657523148148148 0.318015873015873 0.015664682539682524 0.009563492063492052
0 0.6757374338624338 0.3158308531746032 0.015664682539682673 0.009563492063492052
0 0.6399470899470899 0.2669940476190476 0.02021825396825398 0.012978670634920642
0 0.4524338624338624 0.2341393849206349 0.015300925925925876 0.01010912698412697
0 0.5052546296296296 0.23584821428571429 0.007648809523809567 0.007239583333333355
0 0.49924272486772486 0.35530753968253964 0.013115079365079385 0.010381944444444402
0 0.6458664021164021 0.33447668650793644 0.014933862433862485 0.012157738095238124
0 0.7318353174603175 0.22416914682539682 0.012751322751322883 0.009836309523809539
0 0.6162698412698412 0.27963045634920636 0.015119047619047551 0.007924107142857184
0 0.5400429894179893 0.3505282738095238 0.008012566137566068 0.00819692460317456
0 0.522255291005291 0.5286681547619048 0.011488095238095278 0.017805059523809508
0 0.7250330687830687 0.6010391865079364 0.015502645502645388 0.012983630952380976
0 0.6975132275132275 0.6734201388888889 0.012662037037037166 0.011240079365079314
0 0.7512599206349205 0.8951140873015873 0.012662037037037166 0.008913690476190395
0 0.7481580687830687 0.9213740079365079 0.010076058201058244 0.009107142857142758
0 0.5601818783068783 0.9876488095238094 0.017569444444444453 0.012983630952380976
0 0.475949074074074 0.8685664682539682 0.0382407407407408 0.025580357142857224
0 0.503723544973545 0.8726364087301587 0.009560185185185125 0.00813988095238094
0 0.31807208994708996 0.9106175595238095 0.05529431216931221 0.03565724206349197
0 0.31716931216931216 0.8986036706349206 0.01627976190476188 0.016666666666666607
0 0.4132903439153439 0.7569419642857141 0.012142857142857158 0.012403273809523885
0 0.46625992063492067 0.7801016865079364 0.020413359788359713 0.011433531746031678
0 0.3865476190476191 0.8013219246031745 0.025320767195767147 0.010853174603174587
0 0.34249007936507936 0.5756522817460318 0.031263227513227555 0.015696924603174622
0 0.32879629629629625 0.49581101190476184 0.015244708994709052 0.015696924603174622
0 0.4636739417989418 0.2900074404761904 0.013177910052909988 0.014533730158730163
0 0.7424735449735449 0.389516369047619 0.0214451058201058 0.011240079365079314
0 0.6108267195767195 0.43137648809523804 0.010853174603174587 0.0093030753968254
0 0.6751653439153439 0.9112003968253968 0.008786375661375523 0.008913690476190395
0 0.7036309523809524 0.6257514880952381 0.01957671957671951 0.010364583333333233
0 0.7255324074074075 0.3821453373015873 0.010548941798941947 0.012142857142857122
0 0.5208730158730158 0.38557291666666665 0.011322751322751253 0.010577876984126933
0 0.7478968253968253 0.305625 0.009725529100529151 0.009117063492063537
0 0.3618022486772486 0.348735119047619 0.014189814814814886 0.010798611111111134