0 0.6578776041666666 0.55029296875 0.024088541666666668 0.0146484375
0 0.4248046875 0.44921875 0.027994791666666668 0.0166015625
0 0.68359375 0.426513671875 0.029947916666666668 0.01708984375
0 0.3857421875 0.407470703125 0.044270833333333336 0.025390625
0 0.6845703125 0.521484375 0.035807291666666664 0.021484375
0 0.4947916666666667 0.579833984375 0.03125 0.0244140625
0 0.6455078125 0.63330078125 0.020182291666666668 0.015625
0 0.4039713541666667 0.524658203125 0.032552083333333336 0.0166015625
0 0.7841796875 0.4560546875 0.029296875 0.0185546875
0 0.8815104166666666 0.56396484375 0.027994791666666668 0.01806640625
0 0.2864583333333333 0.3232421875 0.022135416666666668 0.01318359375
0 0.3352864583333333 0.58837890625 0.033854166666666664 0.02099609375
0 0.4254557291666667 0.6552734375 0.044270833333333336 0.02880859375
0 0.7783203125 0.53173828125 0.035807291666666664 0.0166015625
0 0.5380859375 0.3623046875 0.021484375 0.01123046875
0 0.5384114583333334 0.40478515625 0.031901041666666664 0.03125
0 0.66796875 0.4013671875 0.035807291666666664 0.01953125
0 0.9313151041666666 0.38232421875 0.037109375 0.0263671875
0 0.5856119791666666 0.322998046875 0.033203125 0.01904296875
0 0.650390625 0.59326171875 0.022135416666666668 0.01220703125
0 0.13053385416666666 0.661376953125 0.027994791666666668 0.0166015625
0 0.7353515625 0.54736328125 0.027994791666666668 0.02001953125
0 0.9895833333333334 0.284423828125 0.020833333333333332 0.02392578125
0 0.8050130208333334 0.331787109375 0.03125 0.01953125
0 0.201171875 0.653076171875 0.040364583333333336 0.02880859375
0 0.6145833333333334 0.442626953125 0.024088541666666668 0.02099609375
0 0.7936197916666666 0.62939453125 0.037760416666666664 0.0244140625
0 0.634765625 0.37939453125 0.022135416666666668 0.01708984375
0 0.9065755208333334 0.360595703125 0.026041666666666668 0.0146484375
0 0.4772135416666667 0.556640625 0.026692708333333332 0.0185546875
0 0.9931640625 0.40869140625 0.013671875 0.0185546875
0 0.2607421875 0.377197265625 0.028645833333333332 0.015625
0 0.9850260416666666 0.4775390625 0.029947916666666668 0.021484375
0 0.4075520833333333 0.377685546875 0.052083333333333336 0.037109375
0 0.8655598958333334 0.479248046875 0.04296875 0.02001953125
0 0.3860677083333333 0.584228515625 0.032552083333333336 0.0205078125
0 0.8382161458333334 0.5283203125 0.04296875 0.02490234375
0 0.8118489583333334 0.411376953125 0.047526041666666664 0.029296875
0 0.7177734375 0.660888671875 0.039713541666666664 0.02197265625
0 0.8834635416666666 0.340576171875 0.016276041666666668 0.0107421875
0 0.6220703125 0.485595703125 0.04296875 0.03271484375
0 0.8515625 0.3662109375 0.02734375 0.01513671875
0 0.3753255208333333 0.43212890625 0.01953125 0.013671875
0 0.9938151041666666 0.515625 0.012369791666666666 0.021484375
0 0.8216145833333334 0.45703125 0.046223958333333336 0.02587890625
0 0.8981119791666666 0.325439453125 0.030598958333333332 0.01806640625
0 0.6360677083333334 0.427001953125 0.024739583333333332 0.013671875
0 0.5179036458333334 0.43896484375 0.013020833333333334 0.009765625
0 0.6793619791666666 0.64208984375 0.022786458333333332 0.0185546875
0 0.7679036458333334 0.35791015625 0.037109375 0.0224609375
0 0.736328125 0.35595703125 0.026692708333333332 0.0205078125
0 0.9264322916666666 0.599609375 0.022135416666666668 0.01123046875
0 0.6002604166666666 0.647705078125 0.020182291666666668 0.01708984375
0 0.9938151041666666 0.437255859375 0.012369791666666666 0.03466796875
0 0.6363932291666666 0.31787109375 0.032552083333333336 0.01611328125
0 0.8587239583333334 0.44189453125 0.029296875 0.01416015625
0 0.6767578125 0.30615234375 0.01953125 0.0146484375
0 0.3776041666666667 0.609619140625 0.016927083333333332 0.02001953125
0 0.4931640625 0.463134765625 0.012369791666666666 0.009765625
0 0.310546875 0.653564453125 0.0234375 0.01513671875
0 0.29296875 0.579833984375 0.016927083333333332 0.0107421875
0 0.5758463541666666 0.531005859375 0.018880208333333332 0.01513671875
0 0.9944661458333334 0.650390625 0.011067708333333334 0.009765625
0 0.935546875 0.322021484375 0.026041666666666668 0.01513671875
0 0.732421875 0.447021484375 0.018229166666666668 0.01513671875
0 0.8108723958333334 0.37646484375 0.025390625 0.01513671875
0 0.8723958333333334 0.498779296875 0.035807291666666664 0.01953125
0 0.6656901041666666 0.35791015625 0.026041666666666668 0.01806640625
0 0.9840494791666666 0.38232421875 0.01953125 0.02099609375
0 0.2529296875 0.630126953125 0.020182291666666668 0.01513671875
0 0.8857421875 0.309814453125 0.015625 0.01025390625
0 0.8030598958333334 0.591064453125 0.022786458333333332 0.02001953125
0 0.4807942708333333 0.392578125 0.014973958333333334 0.0087890625
0 0.7151692708333334 0.324462890625 0.018880208333333332 0.01123046875
0 0.5719401041666666 0.50146484375 0.020182291666666668 0.0146484375
0 0.4251302083333333 0.484619140625 0.012369791666666666 0.0107421875
0 0.44921875 0.584716796875 0.014973958333333334 0.009765625
0 0.6985677083333334 0.377685546875 0.022135416666666668 0.01318359375
0 0.6630859375 0.43994140625 0.014322916666666666 0.0107421875
0 0.7272135416666666 0.589111328125 0.014973958333333334 0.009765625
0 0.916015625 0.439697265625 0.024739583333333332 0.013671875
0 0.646484375 0.650390625 0.014973958333333334 0.00927734375
0 0.9462890625 0.653564453125 0.02734375 0.01318359375
0 0.7900390625 0.486572265625 0.015625 0.01123046875
0 0.3662109375 0.672119140625 0.022135416666666668 0.0126953125
0 0.7659505208333334 0.310791015625 0.022786458333333332 0.017578125
0 0.33984375 0.559814453125 0.01953125 0.0107421875
0 0.5345052083333334 0.64208984375 0.015625 0.00830078125
0 0.90625 0.47998046875 0.015625 0.01318359375
0 0.453125 0.42138671875 0.015625 0.01123046875
0 0.673828125 0.5673828125 0.01171875 0.00634765625
0 0.7171223958333334 0.373291015625 0.013671875 0.01025390625
0 0.2526041666666667 0.657470703125 0.014322916666666666 0.00830078125
0 0.19856770833333334 0.408935546875 0.016276041666666668 0.01416015625
0 0.37890625 0.5673828125 0.014322916666666666 0.009765625
0 0.9016927083333334 0.587646484375 0.0234375 0.00830078125
0 0.4296875 0.349365234375 0.018880208333333332 0.01708984375
0 0.09049479166666667 0.37255859375 0.026041666666666668 0.0205078125
0 0.15787760416666666 0.400390625 0.009114583333333334 0.00732421875
0 0.15006510416666666 0.54248046875 0.020182291666666668 0.01171875
0 0.15234375 0.589599609375 0.01953125 0.00830078125
0 0.3512369791666667 0.54833984375 0.015625 0.01123046875
0 0.3147786458333333 0.563232421875 0.016927083333333332 0.01220703125
0 0.3873697916666667 0.6572265625 0.03125 0.021484375
0 0.466796875 0.376220703125 0.017578125 0.0146484375
0 0.3297526041666667 0.335693359375 0.014322916666666666 0.01513671875
0 0.6197916666666666 0.651123046875 0.018880208333333332 0.0224609375
0 0.796875 0.60546875 0.014973958333333334 0.009765625
0 0.8434244791666666 0.488525390625 0.025390625 0.02099609375
0 0.91796875 0.450927734375 0.016276041666666668 0.01171875
0 0.9293619791666666 0.458984375 0.029947916666666668 0.01904296875
0 0.9680989583333334 0.371337890625 0.018229166666666668 0.01171875
0 0.9879557291666666 0.464599609375 0.024088541666666668 0.01318359375
0 0.7809244791666666 0.32373046875 0.013671875 0.01416015625
0 0.8616536458333334 0.512939453125 0.013671875 0.00732421875
0 0.9593098958333334 0.411376953125 0.014973958333333334 0.01220703125
0 0.74609375 0.32421875 0.022786458333333332 0.02392578125
0 0.6617838541666666 0.470703125 0.020833333333333332 0.01904296875
0 0.5699869791666666 0.407470703125 0.01953125 0.01318359375
0 0.3548177083333333 0.4365234375 0.015625 0.0107421875
0 0.4212239583333333 0.470947265625 0.010416666666666666 0.0087890625
0 0.9524739583333334 0.42724609375 0.018880208333333332 0.01025390625
0 0.8128255208333334 0.2978515625 0.018229166666666668 0.00732421875
0 0.8245442708333334 0.3076171875 0.016276041666666668 0.01416015625
0 0.8111979166666666 0.31103515625 0.016276041666666668 0.01220703125
0 0.6809895833333334 0.354736328125 0.018880208333333332 0.013671875
0 0.4397786458333333 0.3720703125 0.009765625 0.0068359375
0 0.48828125 0.406494140625 0.014322916666666666 0.0107421875
0 0.3597005208333333 0.319580078125 0.011067708333333334 0.009765625
0 0.9866536458333334 0.62109375 0.016276041666666668 0.017578125