0 0.427734375 0.576171875 0.034505208333333336 0.01708984375
0 0.6536458333333334 0.388427734375 0.027994791666666668 0.01611328125
0 0.330078125 0.465576171875 0.028645833333333332 0.0205078125
0 0.61328125 0.3515625 0.024739583333333332 0.0244140625
0 0.7086588541666666 0.545654296875 0.027994791666666668 0.01904296875
0 0.5325520833333334 0.51513671875 0.024739583333333332 0.0126953125
0 0.3352864583333333 0.652587890625 0.033203125 0.01708984375
0 0.18880208333333334 0.527099609375 0.026041666666666668 0.0205078125
0 0.14290364583333334 0.514892578125 0.018229166666666668 0.01318359375
0 0.5540364583333334 0.626708984375 0.01953125 0.009765625
0 0.12434895833333333 0.38134765625 0.020182291666666668 0.0126953125
0 0.3447265625 0.31396484375 0.015625 0.0146484375
0 0.4869791666666667 0.488525390625 0.024739583333333332 0.01025390625
0 0.080078125 0.323974609375 0.016927083333333332 0.01318359375
0 0.8160807291666666 0.379638671875 0.031901041666666664 0.02978515625
0 0.004557291666666667 0.576416015625 0.009114583333333334 0.01904296875
0 0.005859375 0.296875 0.01171875 0.013671875
0 0.008463541666666666 0.33349609375 0.013671875 0.0126953125
0 0.1455078125 0.66552734375 0.020182291666666668 0.01123046875
0 0.17610677083333334 0.57470703125 0.021484375 0.0166015625
0 0.154296875 0.37451171875 0.02734375 0.01806640625
0 0.2613932291666667 0.65087890625 0.013020833333333334 0.01123046875
0 0.3271484375 0.63623046875 0.014322916666666666 0.01171875
0 0.3037109375 0.554931640625 0.016276041666666668 0.01123046875
0 0.2841796875 0.41748046875 0.018880208333333332 0.01513671875
0 0.5491536458333334 0.505615234375 0.014322916666666666 0.015625
0 0.6142578125 0.57373046875 0.012369791666666666 0.0107421875
0 0.6617838541666666 0.50244140625 0.01171875 0.0126953125
0 0.7307942708333334 0.310302734375 0.024088541666666668 0.01171875
0 0.5602213541666666 0.307861328125 0.020833333333333332 0.01220703125
0 0.5211588541666666 0.30712890625 0.021484375 0.01416015625
0 0.8033854166666666 0.488525390625 0.018229166666666668 0.013671875
0 0.8623046875 0.498046875 0.016276041666666668 0.013671875
0 0.8610026041666666 0.464599609375 0.0234375 0.02099609375
0 0.8167317708333334 0.328369140625 0.018880208333333332 0.01171875
0 0.8626302083333334 0.352294921875 0.015625 0.01416015625
0 0.8326822916666666 0.357666015625 0.014322916666666666 0.01416015625
0 0.7802734375 0.4052734375 0.010416666666666666 0.0107421875
0 0.7425130208333334 0.3818359375 0.013020833333333334 0.01171875
0 0.7454427083333334 0.3681640625 0.013020833333333334 0.01171875
0 0.810546875 0.39501953125 0.017578125 0.01513671875
0 0.8544921875 0.53564453125 0.013671875 0.01171875
0 0.8522135416666666 0.49609375 0.009765625 0.005859375
0 0.6930338541666666 0.50048828125 0.013671875 0.009765625
0 0.720703125 0.390625 0.016276041666666668 0.01123046875
0 0.8678385416666666 0.326171875 0.013020833333333334 0.009765625
0 0.7939453125 0.412841796875 0.010416666666666666 0.01123046875
0 0.69921875 0.469970703125 0.011067708333333334 0.005859375
0 0.4619140625 0.4833984375 0.0234375 0.0087890625
0 0.365234375 0.331298828125 0.017578125 0.01171875
0 0.2688802083333333 0.351806640625 0.014973958333333334 0.00927734375
0 0.0126953125 0.517822265625 0.025390625 0.02880859375
0 0.004231770833333333 0.497314453125 0.008463541666666666 0.00732421875
0 0.15755208333333334 0.56494140625 0.016276041666666668 0.00927734375
0 0.12662760416666666 0.525390625 0.014973958333333334 0.01513671875
0 0.09830729166666667 0.585205078125 0.014322916666666666 0.01904296875
0 0.3990885416666667 0.6181640625 0.020833333333333332 0.0234375
0 0.5055338541666666 0.62841796875 0.020833333333333332 0.01123046875
0 0.7799479166666666 0.52734375 0.01953125 0.009765625
0 0.6474609375 0.318115234375 0.014973958333333334 0.01611328125
0 0.5914713541666666 0.4169921875 0.012369791666666666 0.00830078125
0 0.3323567708333333 0.34716796875 0.013671875 0.0146484375
0 0.6572265625 0.330810546875 0.016276041666666668 0.0078125
0 0.6526692708333334 0.484375 0.014322916666666666 0.00830078125
0 0.7591145833333334 0.31396484375 0.012369791666666666 0.00732421875
0 0.7018229166666666 0.603759765625 0.014322916666666666 0.0107421875