0 0.363037109375 0.634765625 0.0234375 0.030598958333333332
0 0.651611328125 0.16145833333333334 0.0263671875 0.029296875
0 0.8896484375 0.3359375 0.02978515625 0.032552083333333336
0 0.58544921875 0.20572916666666666 0.0234375 0.027994791666666668
0 0.651611328125 0.2737630208333333 0.02685546875 0.02734375
0 0.41015625 0.24251302083333334 0.0244140625 0.037109375
0 0.596435546875 0.2796223958333333 0.01806640625 0.022786458333333332
0 0.798095703125 0.6302083333333334 0.01904296875 0.020182291666666668
0 0.6474609375 0.5970052083333334 0.02197265625 0.025390625
0 0.7421875 0.1416015625 0.029296875 0.028645833333333332
0 0.399658203125 0.4508463541666667 0.0341796875 0.040364583333333336
0 0.492919921875 0.5745442708333334 0.0146484375 0.016276041666666668
0 0.94921875 0.3528645833333333 0.0166015625 0.021484375
0 0.5537109375 0.357421875 0.01513671875 0.020182291666666668
0 0.5517578125 0.5172526041666666 0.013671875 0.016927083333333332
0 0.678466796875 0.4417317708333333 0.01513671875 0.01953125
0 0.093505859375 0.5751953125 0.01416015625 0.024739583333333332
0 0.54296875 0.6549479166666666 0.02587890625 0.0390625
0 0.42138671875 0.6474609375 0.01513671875 0.022135416666666668
0 0.03076171875 0.115234375 0.02099609375 0.01953125
0 0.764892578125 0.5807291666666666 0.0205078125 0.016927083333333332
0 0.800537109375 0.61328125 0.01904296875 0.021484375
0 0.236328125 0.2682291666666667 0.0458984375 0.044270833333333336
0 0.865966796875 0.6806640625 0.01806640625 0.022786458333333332
0 0.73681640625 0.17220052083333334 0.03662109375 0.0390625
0 0.753173828125 0.4313151041666667 0.04833984375 0.047526041666666664
0 0.091064453125 0.6875 0.0390625 0.048177083333333336
0 0.84033203125 0.2265625 0.0576171875 0.06380208333333333
0 0.897705078125 0.5283203125 0.0498046875 0.0546875
0 0.685546875 0.6458333333333334 0.03857421875 0.050130208333333336
0 0.030517578125 0.455078125 0.02587890625 0.02734375
0 0.781494140625 0.1181640625 0.03369140625 0.027994791666666668
0 0.724853515625 0.5436197916666666 0.0205078125 0.01953125
0 0.783203125 0.20247395833333334 0.01416015625 0.013671875
0 0.81884765625 0.5826822916666666 0.04296875 0.044921875
0 0.833984375 0.5130208333333334 0.04931640625 0.07096354166666667
0 0.43115234375 0.701171875 0.01611328125 0.01953125
0 0.561767578125 0.2789713541666667 0.02001953125 0.026041666666666668
0 0.71728515625 0.23177083333333334 0.0380859375 0.037760416666666664
0 0.81591796875 0.6256510416666666 0.0146484375 0.021484375
0 0.847412109375 0.6507161458333334 0.01904296875 0.027994791666666668
0 0.744873046875 0.6477864583333334 0.01123046875 0.017578125
0 0.744873046875 0.564453125 0.02099609375 0.011067708333333334
0 0.8935546875 0.693359375 0.015625 0.014973958333333334
0 0.85595703125 0.45703125 0.02099609375 0.024739583333333332
0 0.8818359375 0.4892578125 0.021484375 0.020182291666666668
0 0.860107421875 0.4860026041666667 0.021484375 0.016276041666666668
0 0.933349609375 0.1455078125 0.01904296875 0.020833333333333332
0 0.86767578125 0.123046875 0.0185546875 0.018880208333333332
0 0.827392578125 0.14420572916666666 0.01611328125 0.016276041666666668
0 0.71240234375 0.11100260416666667 0.01806640625 0.017578125
0 0.662353515625 0.1875 0.009765625 0.0078125
0 0.625244140625 0.1376953125 0.01318359375 0.017578125
0 0.685302734375 0.2724609375 0.01318359375 0.018880208333333332
0 0.65625 0.24934895833333334 0.013671875 0.014973958333333334
0 0.63525390625 0.2503255208333333 0.0234375 0.0234375
0 0.694580078125 0.3414713541666667 0.00830078125 0.012369791666666666
0 0.668212890625 0.3512369791666667 0.0087890625 0.010416666666666666
0 0.617919921875 0.357421875 0.02099609375 0.018229166666666668
0 0.232177734375 0.22981770833333334 0.021484375 0.018229166666666668
0 0.2744140625 0.087890625 0.033203125 0.016276041666666668
0 0.092529296875 0.11881510416666667 0.01318359375 0.016927083333333332
0 0.080322265625 0.12272135416666667 0.01123046875 0.017578125
0 0.051513671875 0.12630208333333334 0.015625 0.021484375
0 0.084228515625 0.2734375 0.01611328125 0.018229166666666668
0 0.10009765625 0.3079427083333333 0.01123046875 0.018880208333333332
0 0.0654296875 0.3011067708333333 0.01025390625 0.016276041666666668
0 0.02294921875 0.4134114583333333 0.015625 0.025390625
0 0.06689453125 0.6689453125 0.01513671875 0.015625
0 0.055908203125 0.6608072916666666 0.01171875 0.016927083333333332
0 0.105712890625 0.6643880208333334 0.0107421875 0.018229166666666668
0 0.436279296875 0.5537109375 0.013671875 0.020833333333333332
0 0.531982421875 0.576171875 0.01513671875 0.018229166666666668
0 0.57373046875 0.6272786458333334 0.0107421875 0.014973958333333334
0 0.3974609375 0.6848958333333334 0.01220703125 0.026692708333333332
0 0.45849609375 0.6982421875 0.01806640625 0.022786458333333332
0 0.451904296875 0.6796875 0.013671875 0.016927083333333332
0 0.494384765625 0.7112630208333334 0.0107421875 0.013020833333333334
0 0.550537109375 0.7034505208333334 0.01611328125 0.022135416666666668
0 0.580322265625 0.6806640625 0.0166015625 0.016927083333333332
0 0.554443359375 0.6751302083333334 0.0087890625 0.01171875
0 0.59228515625 0.7018229166666666 0.01123046875 0.020833333333333332
0 0.62158203125 0.6979166666666666 0.00927734375 0.010416666666666666
0 0.611328125 0.6598307291666666 0.00537109375 0.007161458333333333
0 0.6357421875 0.6751302083333334 0.01318359375 0.024088541666666668
0 0.73779296875 0.6145833333333334 0.01318359375 0.01171875
0 0.69189453125 0.5830078125 0.015625 0.016927083333333332
0 0.8349609375 0.1689453125 0.0087890625 0.021484375
0 0.0341796875 0.4762369791666667 0.00927734375 0.0078125
0 0.150634765625 0.712890625 0.01025390625 0.009765625
0 0.271240234375 0.6243489583333334 0.01025390625 0.016927083333333332
0 0.297119140625 0.6171875 0.01171875 0.015625
0 0.368896484375 0.4964192708333333 0.015625 0.018880208333333332
0 0.356201171875 0.4690755208333333 0.013671875 0.018880208333333332
0 0.438232421875 0.6881510416666666 0.01416015625 0.020182291666666668
0 0.4755859375 0.6233723958333334 0.0078125 0.012369791666666666
0 0.676513671875 0.5266927083333334 0.0078125 0.01171875
0 0.6455078125 0.4860026041666667 0.02392578125 0.020182291666666668
0 0.74755859375 0.6985677083333334 0.01904296875 0.024739583333333332
0 0.940673828125 0.6031901041666666 0.009765625 0.016276041666666668
0 0.727294921875 0.4485677083333333 0.01171875 0.018880208333333332
0 0.7138671875 0.4352213541666667 0.01025390625 0.011067708333333334
0 0.888671875 0.24186197916666666 0.02099609375 0.02734375
0 0.911865234375 0.220703125 0.017578125 0.024739583333333332
0 0.919677734375 0.18977864583333334 0.01806640625 0.0234375
0 0.73583984375 0.6731770833333334 0.02490234375 0.020182291666666668
0 0.789794921875 0.6969401041666666 0.01708984375 0.02734375
0 0.442626953125 0.537109375 0.0146484375 0.021484375
0 0.370361328125 0.5647786458333334 0.00732421875 0.013020833333333334
0 0.208740234375 0.2858072916666667 0.0126953125 0.022135416666666668
0 0.045654296875 0.10807291666666667 0.01416015625 0.013671875
0 0.2685546875 0.12890625 0.0146484375 0.016276041666666668
0 0.426025390625 0.24153645833333334 0.01611328125 0.021484375
0 0.50146484375 0.2545572916666667 0.0087890625 0.010416666666666666
0 0.6103515625 0.17936197916666666 0.01806640625 0.022786458333333332
0 0.8720703125 0.15983072916666666 0.017578125 0.021484375
0 0.771728515625 0.4918619791666667 0.0185546875 0.024088541666666668
0 0.8125 0.501953125 0.01806640625 0.021484375
0 0.8076171875 0.5270182291666666 0.01171875 0.026692708333333332
0 0.859619140625 0.5152994791666666 0.01220703125 0.026692708333333332
0 0.876708984375 0.4251302083333333 0.0166015625 0.018880208333333332
0 0.64404296875 0.5322265625 0.01416015625 0.021484375
0 0.4111328125 0.6907552083333334 0.017578125 0.022786458333333332
0 0.212890625 0.5638020833333334 0.01708984375 0.01953125
0 0.243408203125 0.6546223958333334 0.02001953125 0.020833333333333332
0 0.268798828125 0.21875 0.01220703125 0.016276041666666668
0 0.35302734375 0.18391927083333334 0.01025390625 0.01171875
0 0.2841796875 0.18391927083333334 0.01220703125 0.01171875
0 0.3193359375 0.140625 0.01416015625 0.016276041666666668
0 0.695068359375 0.2639973958333333 0.009765625 0.010416666666666666
0 0.854248046875 0.20377604166666666 0.0146484375 0.01171875
0 0.7060546875 0.4007161458333333 0.00927734375 0.022135416666666668
0 0.78564453125 0.529296875 0.01171875 0.016927083333333332
0 0.88330078125 0.63671875 0.01904296875 0.026041666666666668
0 0.951904296875 0.4602864583333333 0.01171875 0.022786458333333332
0 0.92822265625 0.4915364583333333 0.01416015625 0.017578125
0 0.676025390625 0.3922526041666667 0.01416015625 0.029296875
0 0.410400390625 0.3629557291666667 0.0234375 0.017578125
0 0.50341796875 0.4072265625 0.009765625 0.013020833333333334
0 0.564697265625 0.4274088541666667 0.0107421875 0.011067708333333334
0 0.42578125 0.3352864583333333 0.0166015625 0.017578125
0 0.787841796875 0.4169921875 0.01953125 0.022786458333333332
0 0.744873046875 0.4583333333333333 0.013671875 0.020182291666666668
0 0.4326171875 0.11783854166666667 0.01416015625 0.018880208333333332
0 0.6474609375 0.20670572916666666 0.01171875 0.026692708333333332