0 0.6142526455026455 0.581845238095238 0.03009259259259256 0.031746031746031855
0 0.39054232804232797 0.6066468253968254 0.04695767195767194 0.038690476190476275
0 0.4351851851851852 0.532986111111111 0.05820105820105814 0.044642857142857206
0 0.6068121693121693 0.6848958333333333 0.056216931216931165 0.046875
0 0.2934854497354497 0.769345238095238 0.04133597883597884 0.038690476190476275
0 0.6006944444444444 0.9117063492063492 0.027447089947089925 0.0367063492063493
0 0.45221560846560843 0.5753968253968254 0.042658730158730084 0.042162698412698374
0 0.47222222222222215 0.6948164682539683 0.04298941798941799 0.03397817460317465
0 0.3541666666666667 0.9055059523809523 0.02116402116402109 0.017857142857142794
0 0.314484126984127 0.44481646825396826 0.0330687830687831 0.02504960317460314
0 0.3439153439153439 0.5753968253968254 0.03769841269841271 0.03174603174603163
0 0.4174933862433862 0.7273065476190476 0.03802910052910047 0.03546626984126977
0 0.4846230158730158 0.7446676587301587 0.040674603174603106 0.039434523809523725
0 0.3854166666666667 0.5215773809523809 0.04199735449735442 0.03918650793650791
0 0.6607142857142857 0.5431547619047619 0.0145502645502645 0.014384920634920695
0 0.5517526455026455 0.7848462301587301 0.026124338624338606 0.018105158730158832
0 0.7018849206349206 0.620907738095238 0.02876984126984124 0.023065476190476275
0 0.380787037037037 0.8649553571428571 0.018187830687830697 0.018105158730158832
0 0.320271164021164 0.6830357142857143 0.03406084656084659 0.039682539682539764
0 0.3404431216931217 0.4933035714285714 0.04530423280423287 0.039682539682539764
0 0.29927248677248675 0.42013888888888884 0.041666666666666664 0.03472222222222221
0 0.5886243386243386 0.4497767857142857 0.033730158730158756 0.028025793650793607
0 0.42245370370370366 0.7807539682539683 0.047288359788359845 0.04166666666666674
0 0.6418650793650793 0.5435267857142857 0.02050264550264543 0.017609126984126977
0 0.5041335978835978 0.8129960317460317 0.04861111111111116 0.04662698412698418
0 0.42063492063492064 0.4673859126984127 0.033730158730158756 0.040426587301587324
0 0.599537037037037 0.8189484126984127 0.055555555555555504 0.03621031746031744
0 0.595734126984127 0.20126488095238093 0.012235449735449766 0.01661706349206349
0 0.3855820105820105 0.7028769841269841 0.04563492063492062 0.03918650793650791
0 0.4098875661375661 0.3077876984126984 0.025462962962962948 0.02182539682539686
0 0.45370370370370366 0.818328373015873 0.03968253968253969 0.05034722222222232
0 0.2638888888888889 0.5023561507936508 0.02976190476190473 0.024553571428571397
0 0.5373677248677248 0.5296378968253967 0.03769841269841271 0.035962301587301626
0 0.3230820105820106 0.6143353174603174 0.028439153439153413 0.028273809523809534
0 0.2901785714285714 0.2941468253968254 0.028108465608465583 0.029265873015873023
0 0.7260251322751322 0.4930555555555556 0.04728835978835969 0.04315476190476186
0 0.6845238095238094 0.5868055555555555 0.02777777777777768 0.02430555555555558
0 0.3630952380952381 0.8044394841269841 0.017857142857142794 0.017609126984126977
0 0.28538359788359785 0.3913690476190476 0.025132275132275117 0.023809523809523836
0 0.2893518518518518 0.8359375 0.04100529100529101 0.04191468253968256
0 0.6635251322751322 0.777405753968254 0.07903439153439162 0.049851190476190466
0 0.38260582010582006 0.9590773809523809 0.024470899470899532 0.015873015873015817
0 0.3449074074074074 0.7136656746031745 0.04365079365079364 0.031001984126984183
0 0.3680555555555555 0.8241567460317459 0.03108465608465612 0.027281746031746046
0 0.7455357142857143 0.34424603174603174 0.030753968253968367 0.031746031746031744
0 0.3624338624338624 0.6577380952380952 0.015873015873015817 0.012896825396825351
0 0.4626322751322751 0.9098462301587301 0.011904761904761862 0.010664682539682557
0 0.33052248677248675 0.3645833333333333 0.043981481481481545 0.03621031746031744
0 0.613260582010582 0.8757440476190476 0.024801587301587286 0.02083333333333326
0 0.43882275132275134 0.6979166666666666 0.02050264550264543 0.01984126984126977
0 0.5281084656084656 0.564484126984127 0.010582010582010545 0.012400793650793718
0 0.6350859788359788 0.9454365079365079 0.018849206349206355 0.016369047619047672
0 0.3326719576719576 0.800595238095238 0.019841269841269844 0.014880952380952328
0 0.5882936507936508 0.2579365079365079 0.03174603174603178 0.031746031746031744
0 0.4401455026455026 0.8823164682539683 0.037037037037037056 0.02256944444444442
0 0.3333333333333333 0.9073660714285714 0.017195767195767136 0.014632936507936511
0 0.39765211640211634 0.660218253968254 0.013558201058201083 0.01041666666666674
0 0.6504629629629629 0.939236111111111 0.010582010582010545 0.014384920634920695
0 0.5732473544973545 0.947296626984127 0.02347883597883597 0.03645833333333326
0 0.4887566137566137 0.9117063492063492 0.012566137566137522 0.013392857142857206
0 0.6636904761904762 0.8628472222222222 0.01851851851851845 0.019345238095238138
0 0.648313492063492 0.8717757936507936 0.013558201058201083 0.012896825396825351
0 0.4828042328042328 0.5620039682539683 0.01984126984126977 0.01388888888888884
0 0.38508597883597884 0.4773065476190476 0.04199735449735457 0.02951388888888884
0 0.4021164021164021 0.8912450396825397 0.011243386243386203 0.011656746031746046
0 0.701058201058201 0.8146081349206349 0.03505291005291008 0.031001984126984183
0 0.2934854497354497 0.6427331349206349 0.028108465608465583 0.018601190476190466
0 0.7000661375661376 0.560515873015873 0.013888888888888987 0.012400793650793718
0 0.2676917989417989 0.6066468253968254 0.016865079365079378 0.010912698412698374
0 0.3439153439153439 0.8544146825396824 0.017857142857142794 0.014384920634920695
0 0.6507936507936508 0.8912450396825397 0.02645502645502651 0.019593253968253954
0 0.6216931216931216 0.7418154761904762 0.03571428571428573 0.030753968253968145
0 0.5775462962962963 0.8461061507936507 0.034060846560846514 0.01909722222222232
0 0.47685185185185186 0.8649553571428571 0.01388888888888884 0.014136904761904656
0 0.29381613756613756 0.2578125 0.03009259259259256 0.02504960317460314
0 0.28009259259259256 0.9117063492063492 0.013888888888888914 0.01140873015873023
0 0.34821428571428564 0.7594246031746031 0.02579365079365085 0.029265873015873023
0 0.26537698412698413 0.8788442460317459 0.012235449735449766 0.011656746031746046
0 0.28786375661375657 0.5596478174603174 0.01554232804232806 0.014632936507936511
0 0.5580357142857143 0.7182539682539683 0.039351851851851784 0.03621031746031744
0 0.4231150793650793 0.27120535714285715 0.028108465608465583 0.03199404761904756
0 0.6994047619047619 0.8382936507936507 0.01322751322751318 0.008928571428571397
0 0.640542328042328 0.8107638888888888 0.012566137566137522 0.01041666666666674
0 0.37384259259259256 0.939236111111111 0.011574074074074106 0.011904761904761862
0 0.6370701058201058 0.859375 0.00958994708994713 0.01140873015873023
0 0.4054232804232804 0.919766865079365 0.015211640211640157 0.01116071428571419
0 0.39831349206349204 0.37053571428571425 0.018187830687830697 0.011408730158730118
0 0.5044642857142857 0.9340277777777777 0.01752645502645504 0.01388888888888884
0 0.7366071428571428 0.7465277777777778 0.014219576719576743 0.01140873015873023
0 0.41798941798941797 0.423735119047619 0.009920634920634885 0.010664682539682557
0 0.5902777777777778 0.642485119047619 0.017857142857142794 0.014136904761904656
0 0.44196428571428564 0.7467757936507936 0.010912698412698449 0.01041666666666674
0 0.6440145502645502 0.49181547619047616 0.019510582010582016 0.015376984126984072
0 0.29518518518518516 0.2758308531746032 0.013072089947089971 0.011354166666666665
0 0.3077414021164021 0.3709151785714285 0.014107142857142874 0.009546130952380993
0 0.25871693121693123 0.35014384920634917 0.017202380952380986 0.015481150793650755
0 0.31789021164021164 0.5186359126984127 0.047476851851851874 0.04644593253968243
0 0.3844609788359788 0.5515352182539682 0.016170634920634974 0.01109623015873007
0 0.42264880952380945 0.6188814484126983 0.03749999999999994 0.028640873015872925
0 0.42342592592592593 0.5907936507936508 0.008591269841269789 0.007616567460317469
0 0.44482804232804235 0.6277579365079364 0.01046626984126986 0.007264384920634859
0 0.4532638888888889 0.6347296626984127 0.017027116402116366 0.0160515873015874
0 0.5070800264550265 0.5958308531746032 0.017807539682539748 0.014645337301587347
0 0.3417261904761905 0.6977033730158729 0.022652116402116434 0.01593501984126977
0 0.30423280423280424 0.5951860119047618 0.04233465608465611 0.0243700396825397
0 0.2662731481481481 0.560858134920635 0.019216269841269822 0.013591269841269904
0 0.30079695767195763 0.5462127976190476 0.019837962962962957 0.010076884920634965
0 0.3690641534391534 0.5651934523809524 0.014527116402116421 0.017341269841269824
0 0.36078373015873016 0.6136979166666666 0.018277116402116416 0.0133556547619047
0 0.29501653439153436 0.6562872023809524 0.014841269841269877 0.007616567460317469
0 0.40288359788359784 0.7166269841269841 0.00843584656084658 0.009255952380952337
0 0.2618187830687831 0.7340823412698413 0.015621693121693111 0.006679067460317434
0 0.33766203703703707 0.8275198412698412 0.03952380952380959 0.037256944444444384
0 0.31665343915343913 0.8251785714285713 0.018121693121693132 0.011716269841269833
0 0.2996230158730158 0.8903199404761905 0.03842923280423283 0.019213789682539728
0 0.2754100529100529 0.8774900793650793 0.013435846560846546 0.00878720238095232
0 0.3041534391534391 0.9493700396825396 0.020621693121693152 0.008903769841269948
0 0.5897189153439153 0.9552281746031746 0.017182539682539726 0.01031001984126978
0 0.7154993386243387 0.891750992063492 0.036789021164021087 0.04374007936507929
0 0.7060978835978835 0.7940525793650793 0.019077380952380985 0.013080357142857046
0 0.6667162698412699 0.7178149801587301 0.018802910052910054 0.017576884920635027
0 0.6416468253968254 0.7284424603174603 0.012807539682539707 0.011445932539682513
0 0.6500925925925926 0.7532762896825397 0.0209854497354498 0.020235615079365
0 0.5162863756613757 0.7401959325396824 0.013898809523809508 0.012467757936508006
0 0.5628869047619047 0.6494469246031747 0.014990079365079309 0.012058531746031775
0 0.7099107142857143 0.6078521825396825 0.013624338624338725 0.010627480158730052
0 0.7150892857142855 0.5178199404761904 0.025618386243386304 0.022686011904761827
0 0.5483068783068782 0.635548115079365 0.010357142857142806 0.00960565476190478
0 0.579375 0.635344742063492 0.020165343915343897 0.00919642857142855
0 0.4548346560846561 0.7510267857142856 0.00981150793650798 0.012876984126984237
0 0.45714947089947094 0.8593551587301587 0.03842592592592586 0.025138888888888822
0 0.7088227513227513 0.8259374999999999 0.016894841269841383 0.011036706349206282
0 0.49053240740740733 0.7765773809523808 0.021256613756613696 0.013692956349206309
0 0.6326521164021164 0.474796626984127 0.014444444444444482 0.013898809523809508
0 0.7374371693121694 0.4735689484126984 0.015806878306878325 0.010627480158730163
0 0.6717592592592593 0.32252728174603174 0.016894841269841383 0.013489583333333277
0 0.7526984126984125 0.32743055555555556 0.017440476190476062 0.010218253968253932