0 0.5485026041666666 0.958740234375 0.052083333333333336 0.03662109375
0 0.7122395833333334 0.4970703125 0.041666666666666664 0.03271484375
0 0.2669270833333333 0.219970703125 0.049479166666666664 0.02734375
0 0.6507161458333334 0.255615234375 0.059244791666666664 0.0302734375
0 0.3414713541666667 0.687744140625 0.041015625 0.0341796875
0 0.5540364583333334 0.230712890625 0.048828125 0.04150390625
0 0.611328125 0.519775390625 0.04296875 0.02978515625
0 0.6591796875 0.586181640625 0.07552083333333333 0.046875
0 0.3919270833333333 0.6787109375 0.038411458333333336 0.02978515625
0 0.6845703125 0.95556640625 0.05078125 0.03271484375
0 0.4498697916666667 0.29638671875 0.051432291666666664 0.0322265625
0 0.677734375 0.871337890625 0.0546875 0.02978515625
0 0.7483723958333334 0.371337890625 0.06510416666666667 0.060546875
0 0.5397135416666666 0.678955078125 0.045572916666666664 0.03662109375
0 0.56640625 0.74169921875 0.048828125 0.03564453125
0 0.7200520833333334 0.8154296875 0.041015625 0.02880859375
0 0.5084635416666666 0.93603515625 0.037760416666666664 0.03173828125
0 0.2659505208333333 0.345703125 0.034505208333333336 0.029296875
0 0.3274739583333333 0.439697265625 0.03125 0.025390625
0 0.3287760416666667 0.905029296875 0.047526041666666664 0.0439453125
0 0.5029296875 0.18603515625 0.024739583333333332 0.03662109375
0 0.4114583333333333 0.9599609375 0.02734375 0.02880859375
0 0.3092447916666667 0.963623046875 0.035807291666666664 0.03173828125
0 0.2692057291666667 0.958740234375 0.029296875 0.025390625
0 0.6588541666666666 0.904541015625 0.034505208333333336 0.02099609375
0 0.5413411458333334 0.87255859375 0.029947916666666668 0.02392578125
0 0.5130208333333334 0.86279296875 0.030598958333333332 0.02197265625
0 0.4733072916666667 0.872314453125 0.031901041666666664 0.025390625
0 0.4029947916666667 0.876708984375 0.07877604166666667 0.1435546875
0 0.4342447916666667 0.899658203125 0.02734375 0.03564453125
0 0.3697916666666667 0.940185546875 0.029296875 0.02783203125
0 0.271484375 0.9296875 0.038411458333333336 0.02978515625
0 0.513671875 0.898193359375 0.018880208333333332 0.01513671875
0 0.572265625 0.903564453125 0.027994791666666668 0.03466796875
0 0.5999348958333334 0.906494140625 0.0234375 0.02880859375
0 0.5553385416666666 0.84130859375 0.022135416666666668 0.01708984375
0 0.578125 0.8056640625 0.033854166666666664 0.015625
0 0.5690104166666666 0.81787109375 0.015625 0.0126953125
0 0.501953125 0.787109375 0.021484375 0.02197265625
0 0.4296875 0.79443359375 0.033203125 0.02587890625
0 0.4007161458333333 0.797119140625 0.026041666666666668 0.017578125
0 0.3649088541666667 0.80078125 0.014973958333333334 0.009765625
0 0.3118489583333333 0.8271484375 0.03515625 0.02978515625
0 0.3170572916666667 0.860595703125 0.040364583333333336 0.02978515625
0 0.2779947916666667 0.85986328125 0.028645833333333332 0.02783203125
0 0.2620442708333333 0.823974609375 0.029947916666666668 0.02880859375
0 0.2884114583333333 0.79248046875 0.037760416666666664 0.033203125
0 0.2578125 0.77294921875 0.024088541666666668 0.02099609375
0 0.2916666666666667 0.76513671875 0.030598958333333332 0.0283203125
0 0.3297526041666667 0.725830078125 0.029947916666666668 0.0224609375
0 0.2600911458333333 0.68701171875 0.029947916666666668 0.02685546875
0 0.4794921875 0.76123046875 0.0390625 0.02685546875
0 0.65625 0.80029296875 0.06966145833333333 0.06591796875
0 0.75 0.75048828125 0.02734375 0.02490234375
0 0.7252604166666666 0.7333984375 0.045572916666666664 0.037109375
0 0.6783854166666666 0.75244140625 0.035807291666666664 0.029296875
0 0.7102864583333334 0.75439453125 0.040364583333333336 0.02783203125
0 0.7288411458333334 0.684814453125 0.039713541666666664 0.0283203125
0 0.705078125 0.670166015625 0.040364583333333336 0.0341796875
0 0.6767578125 0.69287109375 0.018880208333333332 0.01806640625
0 0.6448567708333334 0.697998046875 0.014322916666666666 0.0107421875
0 0.6103515625 0.71923828125 0.035807291666666664 0.02685546875
0 0.6236979166666666 0.64599609375 0.03125 0.02685546875
0 0.6663411458333334 0.6689453125 0.032552083333333336 0.0244140625
0 0.7220052083333334 0.64501953125 0.029296875 0.02392578125
0 0.7337239583333334 0.619873046875 0.033854166666666664 0.0302734375
0 0.744140625 0.590087890625 0.029296875 0.02783203125
0 0.6979166666666666 0.626953125 0.022135416666666668 0.0322265625
0 0.5947265625 0.604736328125 0.03515625 0.0205078125
0 0.7132161458333334 0.58544921875 0.030598958333333332 0.0302734375
0 0.7389322916666666 0.55126953125 0.037760416666666664 0.0224609375
0 0.666015625 0.515380859375 0.039713541666666664 0.041015625
0 0.7317708333333334 0.524169921875 0.027994791666666668 0.0185546875
0 0.66015625 0.471435546875 0.025390625 0.025390625
0 0.6341145833333334 0.476318359375 0.026041666666666668 0.0234375
0 0.5582682291666666 0.485595703125 0.07356770833333333 0.0595703125
0 0.5003255208333334 0.48291015625 0.047526041666666664 0.04296875
0 0.46484375 0.49609375 0.028645833333333332 0.021484375
0 0.57421875 0.5791015625 0.030598958333333332 0.01806640625
0 0.5869140625 0.544921875 0.012369791666666666 0.0087890625
0 0.5706380208333334 0.563232421875 0.01171875 0.0107421875
0 0.4283854166666667 0.57470703125 0.025390625 0.01904296875
0 0.4010416666666667 0.570556640625 0.01953125 0.0146484375
0 0.3623046875 0.506103515625 0.028645833333333332 0.03173828125
0 0.3404947916666667 0.55126953125 0.020833333333333332 0.0263671875
0 0.3841145833333333 0.596923828125 0.018229166666666668 0.01318359375
0 0.3115234375 0.60009765625 0.022135416666666668 0.02685546875
0 0.267578125 0.578125 0.04296875 0.0244140625
0 0.2545572916666667 0.6025390625 0.03125 0.0263671875
0 0.2854817708333333 0.599609375 0.030598958333333332 0.02978515625
0 0.3642578125 0.637939453125 0.032552083333333336 0.02783203125
0 0.4046223958333333 0.6337890625 0.01953125 0.01025390625
0 0.2939453125 0.494384765625 0.018229166666666668 0.013671875
0 0.2600911458333333 0.49951171875 0.026041666666666668 0.02978515625
0 0.26171875 0.522216796875 0.018229166666666668 0.01416015625
0 0.2779947916666667 0.514404296875 0.01953125 0.01806640625
0 0.3870442708333333 0.4091796875 0.037109375 0.03369140625
0 0.353515625 0.41748046875 0.028645833333333332 0.03076171875
0 0.5201822916666666 0.402099609375 0.026041666666666668 0.0234375
0 0.5553385416666666 0.3720703125 0.028645833333333332 0.02099609375
0 0.6490885416666666 0.444580078125 0.03125 0.0283203125
0 0.6920572916666666 0.46240234375 0.018880208333333332 0.0146484375
0 0.7581380208333334 0.422119140625 0.014973958333333334 0.01025390625
0 0.7272135416666666 0.459228515625 0.016927083333333332 0.009765625
0 0.703125 0.41796875 0.018229166666666668 0.01171875
0 0.73046875 0.40771484375 0.016927083333333332 0.01318359375
0 0.6490885416666666 0.408203125 0.038411458333333336 0.0224609375
0 0.6865234375 0.396728515625 0.027994791666666668 0.02734375
0 0.6552734375 0.38720703125 0.03125 0.0234375
0 0.6868489583333334 0.35546875 0.028645833333333332 0.021484375
0 0.7138671875 0.35009765625 0.0234375 0.0205078125
0 0.74609375 0.293212890625 0.03125 0.02978515625
0 0.7073567708333334 0.255615234375 0.029296875 0.021484375
0 0.6048177083333334 0.326416015625 0.09765625 0.0771484375
0 0.5364583333333334 0.311279296875 0.024739583333333332 0.015625
0 0.515625 0.33935546875 0.032552083333333336 0.03759765625
0 0.4459635416666667 0.35986328125 0.024088541666666668 0.01220703125
0 0.4856770833333333 0.32177734375 0.020833333333333332 0.01318359375
0 0.3421223958333333 0.37744140625 0.02734375 0.01953125
0 0.3909505208333333 0.34228515625 0.035807291666666664 0.0244140625
0 0.3219401041666667 0.3642578125 0.03125 0.03076171875
0 0.2978515625 0.328369140625 0.014322916666666666 0.01416015625
0 0.2763671875 0.32080078125 0.029947916666666668 0.021484375
0 0.4088541666666667 0.289794921875 0.022786458333333332 0.01708984375
0 0.3424479166666667 0.301513671875 0.013020833333333334 0.01171875
0 0.4534505208333333 0.245849609375 0.035807291666666664 0.0283203125
0 0.4964192708333333 0.25244140625 0.029947916666666668 0.0244140625
0 0.5445963541666666 0.25341796875 0.04296875 0.02587890625
0 0.6233723958333334 0.232421875 0.037109375 0.025390625
0 0.4397786458333333 0.177734375 0.029296875 0.025390625
0 0.4586588541666667 0.1728515625 0.024739583333333332 0.0126953125
0 0.5198567708333334 0.638671875 0.032552083333333336 0.02197265625
0 0.4365234375 0.714599609375 0.026041666666666668 0.02001953125
0 0.4541015625 0.666748046875 0.026692708333333332 0.0234375
0 0.4296875 0.66552734375 0.037760416666666664 0.0283203125
0 0.4296875 0.603515625 0.037760416666666664 0.0283203125
0 0.3473307291666667 0.62158203125 0.025390625 0.01611328125
0 0.2822265625 0.544921875 0.043619791666666664 0.025390625
0 0.3238932291666667 0.533935546875 0.024739583333333332 0.013671875
0 0.3678385416666667 0.529052734375 0.027994791666666668 0.01611328125
0 0.7555338541666666 0.5 0.0234375 0.021484375
0 0.4095052083333333 0.9150390625 0.037109375 0.02783203125
0 0.3675130208333333 0.8828125 0.026692708333333332 0.0205078125
0 0.4733072916666667 0.974853515625 0.046875 0.0419921875
0 0.6949869791666666 0.938720703125 0.037109375 0.02734375
0 0.7444661458333334 0.90283203125 0.029947916666666668 0.021484375
0 0.7340494791666666 0.881103515625 0.028645833333333332 0.0283203125
0 0.7073567708333334 0.887451171875 0.020833333333333332 0.0205078125
0 0.7190755208333334 0.9033203125 0.030598958333333332 0.025390625
0 0.7047526041666666 0.83837890625 0.02734375 0.017578125
0 0.7464192708333334 0.18798828125 0.020833333333333332 0.025390625
0 0.6832682291666666 0.224609375 0.010416666666666666 0.00927734375
0 0.6175130208333334 0.179931640625 0.008463541666666666 0.0087890625
0 0.5859375 0.212158203125 0.020833333333333332 0.01220703125
0 0.6487630208333334 0.234375 0.015625 0.01171875
0 0.6070963541666666 0.248779296875 0.013020833333333334 0.00927734375
0 0.6123046875 0.273681640625 0.029296875 0.03564453125
0 0.5787760416666666 0.266845703125 0.011067708333333334 0.01025390625
0 0.4918619791666667 0.275146484375 0.01953125 0.0146484375
0 0.4147135416666667 0.2705078125 0.026041666666666668 0.0166015625
0 0.4348958333333333 0.265869140625 0.011067708333333334 0.009765625
0 0.4202473958333333 0.254150390625 0.016276041666666668 0.0107421875
0 0.3362630208333333 0.2373046875 0.024088541666666668 0.0087890625
0 0.365234375 0.2099609375 0.020182291666666668 0.01611328125
0 0.24869791666666666 0.324462890625 0.027994791666666668 0.02294921875
0 0.2669270833333333 0.194091796875 0.026041666666666668 0.0185546875
0 0.4586588541666667 0.40478515625 0.07747395833333333 0.05029296875
0 0.5735677083333334 0.94189453125 0.032552083333333336 0.03076171875
0 0.7272135416666666 0.2333984375 0.016276041666666668 0.0126953125
0 0.3297526041666667 0.290283203125 0.017578125 0.01171875
0 0.3896484375 0.1650390625 0.013671875 0.0087890625
0 0.51171875 0.236328125 0.013671875 0.00927734375
0 0.4622395833333333 0.616943359375 0.016276041666666668 0.009765625
0 0.4098307291666667 0.493408203125 0.015625 0.01171875
0 0.6875 0.913818359375 0.022786458333333332 0.01708984375
0 0.7425130208333334 0.96044921875 0.01171875 0.00927734375
0 0.390625 0.435546875 0.018229166666666668 0.01416015625
0 0.3470052083333333 0.26123046875 0.031901041666666664 0.025390625
0 0.7337239583333334 0.47607421875 0.009765625 0.005859375
0 0.6468098958333334 0.163330078125 0.021484375 0.01171875
0 0.5354817708333334 0.448974609375 0.009765625 0.0126953125
0 0.60546875 0.431640625 0.010416666666666666 0.01220703125
0 0.4778645833333333 0.41796875 0.010416666666666666 0.009765625
0 0.6813151041666666 0.549560546875 0.014973958333333334 0.0107421875
0 0.49609375 0.692138671875 0.009114583333333334 0.01416015625
0 0.7366536458333334 0.702392578125 0.026692708333333332 0.02294921875
0 0.7298177083333334 0.784423828125 0.009114583333333334 0.00927734375
0 0.689453125 0.8466796875 0.014973958333333334 0.0087890625
0 0.5348307291666666 0.921142578125 0.015625 0.0166015625
0 0.5013020833333334 0.814208984375 0.013020833333333334 0.00732421875
0 0.6051432291666666 0.751220703125 0.022135416666666668 0.01611328125
0 0.2815755208333333 0.901123046875 0.05859375 0.0224609375
0 0.3258463541666667 0.957275390625 0.020182291666666668 0.0224609375
0 0.353515625 0.909912109375 0.027994791666666668 0.02734375
0 0.357421875 0.865234375 0.016276041666666668 0.00927734375
0 0.515625 0.8447265625 0.020182291666666668 0.01513671875
0 0.4342447916666667 0.693359375 0.018229166666666668 0.01025390625
0 0.40234375 0.741943359375 0.022786458333333332 0.01171875
0 0.2809244791666667 0.7041015625 0.015625 0.01171875
0 0.2532552083333333 0.707275390625 0.016927083333333332 0.01171875
0 0.4153645833333333 0.61767578125 0.013020833333333334 0.009765625
0 0.3662109375 0.600830078125 0.020833333333333332 0.01123046875
0 0.3053385416666667 0.427978515625 0.012369791666666666 0.0146484375
0 0.4052734375 0.32275390625 0.03515625 0.0126953125
0 0.5227864583333334 0.62353515625 0.024739583333333332 0.01123046875
0 0.5709635416666666 0.6845703125 0.020833333333333332 0.0185546875
0 0.6005859375 0.8359375 0.017578125 0.0107421875
0 0.4879557291666667 0.778564453125 0.009114583333333334 0.01025390625
0 0.3567708333333333 0.7568359375 0.024739583333333332 0.015625