0 0.6784449404761904 0.5680952380952381 0.02592509920634911 0.025701058201058242
0 0.7195411706349206 0.5948544973544972 0.03137400793650791 0.03711970899470899
0 0.7303472222222223 0.4016369047619048 0.026651785714285614 0.026263227513227516
0 0.7144394841269841 0.3392195767195767 0.034489087301587285 0.04122354497354497
0 0.8086706349206348 0.3173809523809524 0.01412698412698421 0.013796296296296306
0 0.43353422619047616 0.6935879629629628 0.01668154761904761 0.016590608465608447
0 0.8220461309523809 0.38754960317460313 0.01308531746031738 0.018065476190476232
0 0.5776438492063491 0.3800198412698413 0.015736607142857073 0.028525132275132314
0 0.7899156746031746 0.4008333333333333 0.019017857142857197 0.019864417989417998
0 0.6562847222222221 0.5592493386243386 0.016669146825396775 0.015337301587301658
0 0.2736954365079365 0.33295965608465605 0.011785714285714288 0.012559523809523817
0 0.43729910714285714 0.6506878306878306 0.019340277777777803 0.020578703703703738
0 0.5575644841269841 0.34170965608465603 0.010431547619047521 0.01206349206349211
0 0.786671626984127 0.28801917989417986 0.02894097222222225 0.024021164021164054
0 0.7689558531746031 0.30723214285714284 0.010133928571428585 0.009828042328042352
0 0.6043526785714285 0.4107671957671957 0.047844742063491985 0.059636243386243404
0 0.9185044642857142 0.560978835978836 0.010664682539682557 0.014487433862433896
0 0.7090203373015873 0.6669345238095238 0.012638888888888866 0.016402116402116345
0 0.8127926587301586 0.6709358465608465 0.01056299603174593 0.020916005291005273
0 0.8219270833333333 0.73073082010582 0.013583829365079403 0.014570105820105836
0 0.8105605158730158 0.6004530423280423 0.017948908730158752 0.018779761904761976
0 0.5448983134920635 0.37054894179894177 0.007289186507936529 0.012873677248677199
0 0.5180183531746032 0.6972222222222223 0.009836309523809428 0.014064153439153534
0 0.6337450396825397 0.4328141534391534 0.012361111111111045 0.013991402116402115
0 0.28075396825396826 0.5922354497354497 0.009144345238095264 0.01155753968253966
0 0.3511507936507936 0.5553306878306877 0.01113839285714291 0.01096230158730164
0 0.7669742063492063 0.4803968253968254 0.02771081349206339 0.022787698412698454
0 0.37533730158730155 0.6795171957671958 0.02872767857142855 0.027658730158730254
0 0.38049603174603175 0.6496759259259258 0.015625 0.01911044973544973
0 0.6255580357142857 0.3705522486772486 0.010319940476190448 0.015869708994708926
0 0.5138244047619047 0.39626653439153436 0.012048611111111107 0.021997354497354554
0 0.41009672619047616 0.3813690476190476 0.01489583333333333 0.019070767195767207
0 0.4129439484126984 0.4097089947089947 0.009637896825396841 0.018501984126984155
0 0.4065922619047619 0.3140178571428571 0.009637896825396841 0.01581349206349203
0 0.5180977182539682 0.29546626984126984 0.009201388888888884 0.012003968253968248
0 0.47669394841269835 0.35755291005291 0.006133432539682571 0.013505291005291001
0 0.3345287698412698 0.6495105820105819 0.009074900793650809 0.018716931216931226
0 0.3310069444444444 0.6088988095238095 0.00876240079365076 0.02065806878306879
0 0.27514880952380955 0.5336904761904763 0.010223214285714266 0.007833994708994782
0 0.32972718253968253 0.5140542328042328 0.0105877976190476 0.017562830687830672
0 0.3149429563492063 0.44009589947089944 0.006525297619047632 0.008948412698412659
0 0.3022445436507937 0.41549933862433863 0.00922123015873011 0.009312169312169308
0 0.2960739087301587 0.34598214285714285 0.006810515873015843 0.007982804232804211
0 0.5869320436507937 0.4671593915343915 0.01685267857142847 0.023597883597883545
0 0.811750992063492 0.4317857142857143 0.0096552579365079 0.009540343915343938
0 0.9135615079365079 0.4048743386243386 0.007666170634920588 0.010869708994709034
0 0.6541393849206348 0.7011177248677248 0.0108010912698413 0.013581349206349161
0 0.6453174603174603 0.7006150793650793 0.008340773809523805 0.011091269841269735
0 0.7604811507936508 0.7163756613756614 0.01112103174603174 0.01586309523809515
0 0.9884176587301587 0.5944047619047619 0.013826884920634885 0.010042989417989348
0 0.8246428571428571 0.6009589947089947 0.009985119047619007 0.017344576719576715
0 0.2581522817460317 0.7037169312169311 0.010520833333333313 0.019933862433862377
0 0.2400520833333333 0.7070568783068781 0.007140376984127006 0.00857473544973549
0 0.5686011904761904 0.5816435185185186 0.007906746031746126 0.016011904761904727
0 0.6551810515873016 0.3472619047619047 0.006693948412698436 0.013161375661375688
0 0.6190277777777777 0.4535615079365079 0.00971230158730152 0.01579034391534388
0 0.5643030753968253 0.5083399470899471 0.009186507936507882 0.015105820105820142
0 0.6313715277777777 0.71823082010582 0.0057514880952380665 0.008336640211640342
0 0.5035416666666667 0.5911177248677248 0.006798115079365008 0.008224206349206398
0 0.5623412698412699 0.5968518518518519 0.010704365079365008 0.01024470899470901
0 0.562921626984127 0.6044246031746031 0.010560515873015763 0.004510582010582039
0 0.23706597222222223 0.5892294973544973 0.012274305555555531 0.014196428571428518
0 0.44120535714285714 0.6710152116402116 0.009260912698412671 0.015459656084656123
0 0.7155257936507936 0.6224636243386242 0.017003968253968216 0.015671296296296305
0 0.8415500992063492 0.32595568783068785 0.007534722222222179 0.01943452380952378
0 0.9878348214285714 0.7058432539682539 0.010012400793650844 0.015132275132275256
0 0.8584102182539682 0.5771130952380953 0.020528273809523823 0.020248015873015834