0 0.546630859375 0.5354817708333334 0.02001953125 0.0234375
0 0.61572265625 0.5139973958333334 0.0234375 0.029947916666666668
0 0.37451171875 0.5618489583333334 0.05712890625 0.048177083333333336
0 0.4130859375 0.61328125 0.0234375 0.027994791666666668
0 0.45068359375 0.5517578125 0.0244140625 0.0390625
0 0.109130859375 0.3076171875 0.044921875 0.06705729166666667
0 0.30029296875 0.4153645833333333 0.0439453125 0.038411458333333336
0 0.696044921875 0.552734375 0.01953125 0.029947916666666668
0 0.041015625 0.3850911458333333 0.05224609375 0.06380208333333333
0 0.731201171875 0.662109375 0.01904296875 0.024088541666666668
0 0.36669921875 0.296875 0.0283203125 0.032552083333333336
0 0.60009765625 0.4368489583333333 0.0380859375 0.036458333333333336
0 0.605712890625 0.4847005208333333 0.01611328125 0.01953125
0 0.2001953125 0.396484375 0.02294921875 0.022786458333333332
0 0.798828125 0.6051432291666666 0.01513671875 0.015625
0 0.28515625 0.5406901041666666 0.0185546875 0.0234375
0 0.12109375 0.572265625 0.025390625 0.031901041666666664
0 0.49072265625 0.400390625 0.02880859375 0.035807291666666664
0 0.449951171875 0.4153645833333333 0.03759765625 0.044270833333333336
0 0.35498046875 0.466796875 0.041015625 0.052083333333333336
0 0.168701171875 0.4127604166666667 0.02685546875 0.029947916666666668
0 0.079345703125 0.76953125 0.02685546875 0.022786458333333332
0 0.17333984375 0.23990885416666666 0.033203125 0.044921875
0 0.1044921875 0.5211588541666666 0.021484375 0.029296875
0 0.38720703125 0.3857421875 0.0185546875 0.021484375
0 0.80517578125 0.4016927083333333 0.02197265625 0.034505208333333336
0 0.3232421875 0.3274739583333333 0.0263671875 0.03125
0 0.56884765625 0.3388671875 0.02783203125 0.03515625
0 0.68798828125 0.48828125 0.02978515625 0.029296875
0 0.087158203125 0.4723307291666667 0.03076171875 0.030598958333333332
0 0.11474609375 0.23404947916666666 0.02490234375 0.024088541666666668
0 0.286865234375 0.2809244791666667 0.02587890625 0.033854166666666664
0 0.109375 0.6243489583333334 0.0185546875 0.01953125
0 0.143310546875 0.2978515625 0.02392578125 0.022135416666666668
0 0.558349609375 0.4166666666666667 0.01513671875 0.015625
0 0.03662109375 0.7639973958333334 0.02587890625 0.030598958333333332
0 0.0439453125 0.2620442708333333 0.021484375 0.029947916666666668
0 0.685302734375 0.6741536458333334 0.017578125 0.016276041666666668
0 0.2333984375 0.34765625 0.02880859375 0.037760416666666664
0 0.22265625 0.24837239583333334 0.01318359375 0.015625
0 0.6416015625 0.5074869791666666 0.025390625 0.022786458333333332
0 0.47119140625 0.306640625 0.01904296875 0.021484375
0 0.569580078125 0.6715494791666666 0.01318359375 0.014973958333333334
0 0.022705078125 0.2513020833333333 0.025390625 0.034505208333333336
0 0.334228515625 0.5472005208333334 0.01513671875 0.022135416666666668
0 0.416259765625 0.3453776041666667 0.0166015625 0.024739583333333332
0 0.15966796875 0.7386067708333334 0.0380859375 0.044270833333333336
0 0.349365234375 0.6796875 0.02685546875 0.031901041666666664
0 0.02392578125 0.6578776041666666 0.02685546875 0.04296875
0 0.60498046875 0.5885416666666666 0.0390625 0.037109375
0 0.52490234375 0.22688802083333334 0.01611328125 0.01953125
0 0.20556640625 0.28515625 0.0390625 0.04296875
0 0.5693359375 0.576171875 0.01953125 0.029296875
0 0.6005859375 0.5550130208333334 0.0146484375 0.020182291666666668
0 0.800537109375 0.25 0.01220703125 0.014322916666666666
0 0.55029296875 0.3766276041666667 0.01416015625 0.0234375
0 0.677978515625 0.4322916666666667 0.01416015625 0.022135416666666668
0 0.430908203125 0.6637369791666666 0.01171875 0.012369791666666666
0 0.7451171875 0.5764973958333334 0.0146484375 0.014973958333333334
0 0.150146484375 0.6624348958333334 0.0146484375 0.014322916666666666
0 0.299072265625 0.3518880208333333 0.03857421875 0.029296875
0 0.048095703125 0.7369791666666666 0.02734375 0.030598958333333332
0 0.0712890625 0.22265625 0.01708984375 0.017578125
0 0.016845703125 0.3180338541666667 0.0322265625 0.029296875
0 0.778564453125 0.669921875 0.01318359375 0.011067708333333334
0 0.59521484375 0.5182291666666666 0.01318359375 0.013020833333333334
0 0.58447265625 0.560546875 0.01171875 0.013020833333333334
0 0.10205078125 0.5895182291666666 0.0126953125 0.014322916666666666
0 0.142822265625 0.21940104166666666 0.015625 0.013671875
0 0.454345703125 0.2600911458333333 0.01171875 0.015625
0 0.719482421875 0.2727864583333333 0.01953125 0.022135416666666668
0 0.071044921875 0.53515625 0.01953125 0.0234375
0 0.02587890625 0.2158203125 0.0166015625 0.018880208333333332
0 0.517822265625 0.4016927083333333 0.01220703125 0.01171875
0 0.5693359375 0.4319661458333333 0.01123046875 0.013020833333333334
0 0.095703125 0.3649088541666667 0.01953125 0.032552083333333336
0 0.116943359375 0.2581380208333333 0.0146484375 0.017578125
0 0.761962890625 0.2981770833333333 0.0166015625 0.015625
0 0.0498046875 0.7034505208333334 0.02001953125 0.022786458333333332
0 0.42919921875 0.365234375 0.0146484375 0.013671875
0 0.78271484375 0.21419270833333334 0.01416015625 0.014322916666666666
0 0.04443359375 0.494140625 0.03564453125 0.038411458333333336
0 0.76220703125 0.1982421875 0.0146484375 0.013671875
0 0.163818359375 0.630859375 0.02783203125 0.03515625
0 0.146728515625 0.6002604166666666 0.01904296875 0.026692708333333332
0 0.371337890625 0.6389973958333334 0.01416015625 0.01171875
0 0.286865234375 0.5107421875 0.02783203125 0.021484375
0 0.744873046875 0.6409505208333334 0.01025390625 0.014973958333333334
0 0.095703125 0.4319661458333333 0.01513671875 0.018880208333333332
0 0.6591796875 0.2718098958333333 0.01123046875 0.014322916666666666
0 0.758544921875 0.6097005208333334 0.01171875 0.014322916666666666
0 0.429931640625 0.2874348958333333 0.01416015625 0.014322916666666666
0 0.79248046875 0.3515625 0.0126953125 0.011067708333333334
0 0.43603515625 0.24055989583333334 0.0146484375 0.015625
0 0.59130859375 0.22981770833333334 0.015625 0.013020833333333334
0 0.409423828125 0.6412760416666666 0.0166015625 0.01953125
0 0.702392578125 0.6692708333333334 0.01025390625 0.008463541666666666
0 0.67333984375 0.23763020833333334 0.01025390625 0.009114583333333334
0 0.515869140625 0.4947916666666667 0.01025390625 0.011067708333333334
0 0.14794921875 0.703125 0.01171875 0.014973958333333334
0 0.657958984375 0.400390625 0.01220703125 0.01171875
0 0.670654296875 0.4124348958333333 0.00927734375 0.015625
0 0.178466796875 0.279296875 0.009765625 0.010416666666666666
0 0.10546875 0.5511067708333334 0.01123046875 0.011067708333333334
0 0.464599609375 0.5862630208333334 0.0107421875 0.016276041666666668
0 0.20947265625 0.3440755208333333 0.01708984375 0.0234375
0 0.701904296875 0.3450520833333333 0.00927734375 0.013020833333333334
0 0.06787109375 0.6692708333333334 0.0107421875 0.011067708333333334
0 0.602783203125 0.2581380208333333 0.01171875 0.016276041666666668
0 0.368408203125 0.3414713541666667 0.009765625 0.009765625
0 0.232177734375 0.4046223958333333 0.0087890625 0.011067708333333334
0 0.759765625 0.4456380208333333 0.01806640625 0.029296875
0 0.622802734375 0.2535807291666667 0.0146484375 0.022786458333333332
0 0.573974609375 0.3684895833333333 0.0146484375 0.018880208333333332
0 0.7353515625 0.2887369791666667 0.00732421875 0.01171875
0 0.76171875 0.2841796875 0.013671875 0.011067708333333334
0 0.812255859375 0.20540364583333334 0.0078125 0.012369791666666666
0 0.739990234375 0.5198567708333334 0.0234375 0.026041666666666668
0 0.72119140625 0.6764322916666666 0.0126953125 0.015625
0 0.739990234375 0.4322916666666667 0.0078125 0.013020833333333334
0 0.608154296875 0.228515625 0.01025390625 0.014322916666666666
0 0.5595703125 0.2965494791666667 0.009765625 0.013671875
0 0.40478515625 0.25390625 0.017578125 0.02734375
0 0.40478515625 0.2718098958333333 0.01025390625 0.013020833333333334
0 0.343994140625 0.2877604166666667 0.0126953125 0.01953125
0 0.388427734375 0.40625 0.009765625 0.013671875
0 0.392333984375 0.4534505208333333 0.00927734375 0.014322916666666666
0 0.3876953125 0.4690755208333333 0.01171875 0.015625
0 0.73095703125 0.6389973958333334 0.00927734375 0.011067708333333334
0 0.07421875 0.6276041666666666 0.037109375 0.050130208333333336
0 0.212646484375 0.5696614583333334 0.03857421875 0.054036458333333336
0 0.31298828125 0.4563802083333333 0.013671875 0.014973958333333334
0 0.315185546875 0.3678385416666667 0.009765625 0.013671875
0 0.325439453125 0.3512369791666667 0.013671875 0.013671875
0 0.23291015625 0.279296875 0.01318359375 0.018229166666666668
0 0.08984375 0.3177083333333333 0.021484375 0.022786458333333332
0 0.077392578125 0.3736979166666667 0.0283203125 0.029947916666666668
0 0.324951171875 0.5751953125 0.01123046875 0.013020833333333334
0 0.37353515625 0.673828125 0.01220703125 0.018229166666666668
0 0.3916015625 0.3427734375 0.0107421875 0.013020833333333334
0 0.16064453125 0.3151041666666667 0.00927734375 0.010416666666666666
0 0.79833984375 0.4462890625 0.01171875 0.016927083333333332
0 0.684814453125 0.3411458333333333 0.01025390625 0.01171875
0 0.721923828125 0.3889973958333333 0.0205078125 0.036458333333333336
0 0.665771484375 0.5045572916666666 0.00830078125 0.011067708333333334
0 0.778564453125 0.6412760416666666 0.0068359375 0.010416666666666666
0 0.622802734375 0.5501302083333334 0.01171875 0.018229166666666668
0 0.65234375 0.4788411458333333 0.00830078125 0.01171875