0 0.23893229166666666 0.56201171875 0.029296875 0.02294921875
0 0.6979166666666666 0.60205078125 0.037760416666666664 0.02294921875
0 0.16471354166666666 0.458984375 0.02734375 0.02392578125
0 0.0556640625 0.378173828125 0.029947916666666668 0.015625
0 0.009440104166666666 0.293701171875 0.018880208333333332 0.01904296875
0 0.4684244791666667 0.518310546875 0.02734375 0.01513671875
0 0.8600260416666666 0.37646484375 0.035807291666666664 0.02734375
0 0.056315104166666664 0.455322265625 0.040364583333333336 0.03759765625
0 0.5537109375 0.312744140625 0.028645833333333332 0.01953125
0 0.8564453125 0.548095703125 0.050130208333333336 0.0380859375
0 0.3512369791666667 0.64599609375 0.018229166666666668 0.0107421875
0 0.1845703125 0.473876953125 0.016927083333333332 0.01318359375
0 0.047526041666666664 0.395751953125 0.011067708333333334 0.009765625
0 0.08235677083333333 0.483642578125 0.015625 0.0078125
0 0.16080729166666666 0.56396484375 0.017578125 0.0146484375
0 0.19303385416666666 0.423583984375 0.017578125 0.013671875
0 0.271484375 0.42578125 0.04296875 0.03466796875
0 0.47265625 0.338134765625 0.020833333333333332 0.01806640625
0 0.8587239583333334 0.57177734375 0.016927083333333332 0.01220703125
0 0.5927734375 0.31982421875 0.03515625 0.03076171875
0 0.5139973958333334 0.590576171875 0.022135416666666668 0.0126953125
0 0.2669270833333333 0.570556640625 0.01171875 0.00830078125
0 0.5602213541666666 0.696533203125 0.022135416666666668 0.01513671875
0 0.44921875 0.49658203125 0.018880208333333332 0.017578125
0 0.7457682291666666 0.58642578125 0.013671875 0.01318359375
0 0.3294270833333333 0.443603515625 0.013671875 0.01123046875