0 0.4130859375 0.9619140625 0.034505208333333336 0.0439453125
0 0.3512369791666667 0.377197265625 0.054036458333333336 0.0439453125
0 0.5377604166666666 0.896240234375 0.046875 0.04150390625
0 0.5550130208333334 0.73486328125 0.017578125 0.01611328125
0 0.701171875 0.4384765625 0.041015625 0.03857421875
0 0.4814453125 0.94580078125 0.030598958333333332 0.02392578125
0 0.4332682291666667 0.60791015625 0.020182291666666668 0.01708984375
0 0.453125 0.49072265625 0.01953125 0.01611328125
0 0.3352864583333333 0.869140625 0.020182291666666668 0.0185546875
0 0.6637369791666666 0.31103515625 0.04296875 0.02880859375
0 0.4554036458333333 0.35400390625 0.044921875 0.0419921875
0 0.6038411458333334 0.56640625 0.039713541666666664 0.03466796875
0 0.4798177083333333 0.55029296875 0.034505208333333336 0.02587890625
0 0.6988932291666666 0.385009765625 0.038411458333333336 0.0419921875
0 0.4768880208333333 0.659912109375 0.018229166666666668 0.01806640625
0 0.5875651041666666 0.279296875 0.022786458333333332 0.02099609375
0 0.7265625 0.669677734375 0.039713541666666664 0.03271484375
0 0.4986979166666667 0.88818359375 0.022135416666666668 0.0244140625
0 0.6438802083333334 0.839111328125 0.037109375 0.02490234375
0 0.3828125 0.72802734375 0.017578125 0.0185546875
0 0.560546875 0.777587890625 0.024088541666666668 0.02197265625
0 0.2955729166666667 0.673095703125 0.024088541666666668 0.01611328125
0 0.44921875 0.877685546875 0.0234375 0.0234375
0 0.5188802083333334 0.501708984375 0.033203125 0.02490234375
0 0.3551432291666667 0.481689453125 0.020182291666666668 0.01904296875
0 0.2942708333333333 0.572265625 0.018880208333333332 0.01513671875
0 0.3323567708333333 0.83154296875 0.0390625 0.0546875
0 0.4016927083333333 0.91357421875 0.0234375 0.01904296875
0 0.5458984375 0.347900390625 0.014322916666666666 0.0126953125
0 0.5211588541666666 0.61572265625 0.015625 0.0166015625
0 0.5478515625 0.6123046875 0.032552083333333336 0.04443359375
0 0.48046875 0.60009765625 0.043619791666666664 0.03759765625
0 0.7080078125 0.596923828125 0.037760416666666664 0.03076171875
0 0.416015625 0.439208984375 0.018229166666666668 0.01171875
0 0.4475911458333333 0.720458984375 0.025390625 0.021484375
0 0.4147135416666667 0.4609375 0.018229166666666668 0.015625
0 0.623046875 0.291259765625 0.03125 0.0244140625
0 0.6630859375 0.5986328125 0.014973958333333334 0.01611328125
0 0.2633463541666667 0.64501953125 0.025390625 0.017578125
0 0.5634765625 0.823486328125 0.01953125 0.01953125
0 0.5237630208333334 0.43994140625 0.01953125 0.01416015625
0 0.5595703125 0.287353515625 0.017578125 0.01416015625
0 0.5986328125 0.445556640625 0.015625 0.01416015625
0 0.4059244791666667 0.2607421875 0.039713541666666664 0.0283203125
0 0.4137369791666667 0.758056640625 0.014322916666666666 0.01123046875
0 0.2972005208333333 0.35546875 0.014322916666666666 0.01416015625
0 0.3538411458333333 0.54541015625 0.017578125 0.01123046875
0 0.396484375 0.40673828125 0.014973958333333334 0.0126953125
0 0.419921875 0.77490234375 0.018229166666666668 0.01416015625
0 0.4977213541666667 0.48095703125 0.014973958333333334 0.015625
0 0.5569661458333334 0.37841796875 0.017578125 0.01611328125
0 0.498046875 0.337158203125 0.020182291666666668 0.0146484375
0 0.7389322916666666 0.343017578125 0.024088541666666668 0.0234375
0 0.6087239583333334 0.31298828125 0.013020833333333334 0.01513671875
0 0.5859375 0.47705078125 0.014973958333333334 0.009765625
0 0.6051432291666666 0.9267578125 0.04296875 0.0302734375
0 0.447265625 0.806396484375 0.029296875 0.02734375
0 0.5582682291666666 0.325927734375 0.017578125 0.01513671875
0 0.3157552083333333 0.461669921875 0.016927083333333332 0.01513671875
0 0.5335286458333334 0.39990234375 0.017578125 0.01220703125
0 0.4752604166666667 0.42431640625 0.016276041666666668 0.01025390625
0 0.6432291666666666 0.52001953125 0.01953125 0.017578125
0 0.6953125 0.945556640625 0.029296875 0.02587890625
0 0.3977864583333333 0.349609375 0.015625 0.0126953125
0 0.3291015625 0.5673828125 0.014322916666666666 0.01220703125
0 0.6891276041666666 0.516357421875 0.017578125 0.0107421875
0 0.3037109375 0.332763671875 0.013020833333333334 0.01416015625
0 0.4384765625 0.6767578125 0.016276041666666668 0.01416015625
0 0.3756510416666667 0.333251953125 0.013671875 0.01513671875
0 0.654296875 0.48046875 0.016276041666666668 0.01416015625
0 0.7470703125 0.705322265625 0.014973958333333334 0.0126953125
0 0.5338541666666666 0.37353515625 0.016276041666666668 0.01171875
0 0.513671875 0.315185546875 0.016276041666666668 0.01171875
0 0.3743489583333333 0.348388671875 0.016927083333333332 0.01416015625
0 0.2893880208333333 0.274658203125 0.011067708333333334 0.01123046875
0 0.724609375 0.477783203125 0.018229166666666668 0.01220703125
0 0.294921875 0.39306640625 0.012369791666666666 0.0146484375
0 0.3531901041666667 0.61279296875 0.014973958333333334 0.009765625
0 0.529296875 0.267578125 0.013020833333333334 0.0107421875
0 0.6393229166666666 0.47412109375 0.011067708333333334 0.00830078125
0 0.5462239583333334 0.796142578125 0.026041666666666668 0.02197265625
0 0.505859375 0.5400390625 0.015625 0.0107421875
0 0.5638020833333334 0.428955078125 0.01953125 0.01513671875
0 0.7438151041666666 0.589111328125 0.016276041666666668 0.0166015625
0 0.4007161458333333 0.76416015625 0.014322916666666666 0.0107421875
0 0.5804036458333334 0.840576171875 0.015625 0.00927734375
0 0.5703125 0.492431640625 0.014973958333333334 0.01123046875
0 0.4967447916666667 0.914794921875 0.018880208333333332 0.0126953125
0 0.3167317708333333 0.266357421875 0.017578125 0.01123046875
0 0.3206380208333333 0.88720703125 0.016276041666666668 0.015625
0 0.4007161458333333 0.625732421875 0.012369791666666666 0.01220703125
0 0.4908854166666667 0.375732421875 0.050130208333333336 0.03857421875
0 0.6712239583333334 0.426513671875 0.051432291666666664 0.0419921875
0 0.7220052083333334 0.3603515625 0.021484375 0.0126953125
0 0.6650390625 0.26513671875 0.01171875 0.01220703125
0 0.4235026041666667 0.27685546875 0.013020833333333334 0.00830078125
0 0.3255208333333333 0.272705078125 0.018229166666666668 0.009765625
0 0.322265625 0.332275390625 0.01171875 0.00927734375
0 0.4264322916666667 0.369873046875 0.020182291666666668 0.01025390625
0 0.3736979166666667 0.427734375 0.01171875 0.009765625
0 0.41015625 0.41357421875 0.015625 0.015625
0 0.3782552083333333 0.4384765625 0.017578125 0.01025390625
0 0.5003255208333334 0.39794921875 0.018880208333333332 0.015625
0 0.5696614583333334 0.418212890625 0.013020833333333334 0.00927734375
0 0.6256510416666666 0.6240234375 0.014322916666666666 0.013671875
0 0.6669921875 0.666015625 0.016276041666666668 0.0146484375
0 0.6184895833333334 0.903076171875 0.017578125 0.0126953125
0 0.5384114583333334 0.9501953125 0.021484375 0.01171875
0 0.3157552083333333 0.923583984375 0.022135416666666668 0.0146484375
0 0.4127604166666667 0.84912109375 0.018880208333333332 0.01806640625
0 0.4495442708333333 0.858642578125 0.014322916666666666 0.01318359375
0 0.3434244791666667 0.80224609375 0.013020833333333334 0.01025390625
0 0.3209635416666667 0.656494140625 0.018880208333333332 0.01123046875
0 0.384765625 0.62060546875 0.021484375 0.013671875
0 0.3317057291666667 0.50146484375 0.014322916666666666 0.01513671875
0 0.3157552083333333 0.50146484375 0.018880208333333332 0.0087890625
0 0.3824869791666667 0.526611328125 0.018229166666666668 0.01171875
0 0.3053385416666667 0.493408203125 0.017578125 0.01220703125
0 0.3219401041666667 0.466552734375 0.01171875 0.009765625
0 0.4814453125 0.8076171875 0.016276041666666668 0.0068359375
0 0.5901692708333334 0.854736328125 0.0234375 0.01318359375
0 0.5602213541666666 0.5185546875 0.020833333333333332 0.00830078125