0 0.2526041666666667 0.713623046875 0.0625 0.0380859375
0 0.4658203125 0.74072265625 0.037109375 0.03076171875
0 0.5263671875 0.741455078125 0.042317708333333336 0.03564453125
0 0.5716145833333334 0.757080078125 0.044270833333333336 0.0185546875
0 0.5631510416666666 0.708251953125 0.039713541666666664 0.02880859375
0 0.4635416666666667 0.6923828125 0.0390625 0.0263671875
0 0.4143880208333333 0.67822265625 0.036458333333333336 0.0244140625
0 0.2747395833333333 0.677490234375 0.029296875 0.02685546875
0 0.400390625 0.653564453125 0.028645833333333332 0.02197265625
0 0.4964192708333333 0.69091796875 0.020182291666666668 0.0185546875
0 0.591796875 0.663818359375 0.030598958333333332 0.02783203125
0 0.6295572916666666 0.677734375 0.01953125 0.01220703125
0 0.4645182291666667 0.62744140625 0.026041666666666668 0.01904296875
0 0.5110677083333334 0.592529296875 0.031901041666666664 0.0244140625
0 0.462890625 0.56494140625 0.046875 0.029296875
0 0.4339192708333333 0.5263671875 0.055338541666666664 0.03515625
0 0.5432942708333334 0.52685546875 0.029296875 0.021484375
0 0.5579427083333334 0.53759765625 0.024739583333333332 0.02685546875
0 0.5953776041666666 0.5458984375 0.033203125 0.02294921875
0 0.609375 0.5244140625 0.029947916666666668 0.02685546875
0 0.6809895833333334 0.508544921875 0.032552083333333336 0.02392578125
0 0.6468098958333334 0.57568359375 0.015625 0.017578125
0 0.6647135416666666 0.6171875 0.040364583333333336 0.0224609375
0 0.2451171875 0.598388671875 0.040364583333333336 0.02880859375
0 0.4134114583333333 0.46875 0.031901041666666664 0.03271484375
0 0.3251953125 0.510986328125 0.028645833333333332 0.01953125
0 0.2766927083333333 0.53271484375 0.027994791666666668 0.0224609375
0 0.24674479166666666 0.518798828125 0.034505208333333336 0.0283203125
0 0.28515625 0.49072265625 0.01953125 0.01611328125
0 0.2314453125 0.49755859375 0.024739583333333332 0.0224609375
0 0.3421223958333333 0.442626953125 0.029947916666666668 0.01904296875
0 0.4469401041666667 0.35986328125 0.03515625 0.0283203125
0 0.5504557291666666 0.311279296875 0.061848958333333336 0.04931640625
0 0.6184895833333334 0.39501953125 0.025390625 0.02685546875
0 0.5862630208333334 0.439453125 0.015625 0.02490234375
0 0.67578125 0.46435546875 0.03515625 0.0283203125
0 0.6930338541666666 0.427001953125 0.034505208333333336 0.0322265625
0 0.7086588541666666 0.4775390625 0.015625 0.02490234375
0 0.6510416666666666 0.364990234375 0.046875 0.04248046875
0 0.6315104166666666 0.28173828125 0.034505208333333336 0.0244140625
0 0.6809895833333334 0.2890625 0.026692708333333332 0.02197265625
0 0.6494140625 0.232177734375 0.024739583333333332 0.03955078125
0 0.7008463541666666 0.238525390625 0.03125 0.0283203125
0 0.6494140625 0.195068359375 0.026041666666666668 0.02392578125
0 0.6516927083333334 0.158935546875 0.03125 0.041015625
0 0.6998697916666666 0.166259765625 0.016276041666666668 0.02294921875
0 0.3863932291666667 0.224609375 0.037109375 0.02685546875
0 0.3170572916666667 0.2431640625 0.046223958333333336 0.0458984375
0 0.2698567708333333 0.265380859375 0.037760416666666664 0.02978515625
0 0.234375 0.27490234375 0.020182291666666668 0.0302734375
0 0.2542317708333333 0.28125 0.03125 0.03466796875
0 0.2763671875 0.332763671875 0.038411458333333336 0.02099609375
0 0.236328125 0.430419921875 0.029947916666666668 0.02197265625
0 0.251953125 0.194580078125 0.034505208333333336 0.02294921875
0 0.3141276041666667 0.145751953125 0.024739583333333332 0.02734375
0 0.2503255208333333 0.118896484375 0.030598958333333332 0.03076171875
0 0.2919921875 0.083740234375 0.029947916666666668 0.0263671875
0 0.4235026041666667 0.09228515625 0.037760416666666664 0.0322265625
0 0.5911458333333334 0.083740234375 0.031901041666666664 0.02880859375
0 0.619140625 0.126953125 0.026692708333333332 0.02294921875
0 0.5983072916666666 0.16748046875 0.027994791666666668 0.01904296875
0 0.5807291666666666 0.214111328125 0.024739583333333332 0.01416015625
0 0.6949869791666666 0.720703125 0.034505208333333336 0.01611328125
0 0.2158203125 0.642578125 0.024739583333333332 0.0244140625
0 0.24348958333333334 0.65966796875 0.015625 0.01123046875
0 0.330078125 0.643310546875 0.015625 0.009765625
0 0.3330078125 0.69482421875 0.021484375 0.01416015625
0 0.2490234375 0.794189453125 0.014322916666666666 0.0107421875
0 0.22200520833333334 0.788330078125 0.009765625 0.01171875
0 0.4934895833333333 0.6494140625 0.013020833333333334 0.01171875
0 0.3880208333333333 0.757080078125 0.026041666666666668 0.01708984375
0 0.2763671875 0.75830078125 0.014973958333333334 0.01806640625
0 0.2649739583333333 0.736572265625 0.028645833333333332 0.017578125
0 0.373046875 0.6611328125 0.011067708333333334 0.00830078125
0 0.3987630208333333 0.715087890625 0.01171875 0.00830078125
0 0.3307291666666667 0.667236328125 0.016276041666666668 0.0126953125
0 0.2275390625 0.701171875 0.010416666666666666 0.00927734375
0 0.3440755208333333 0.599609375 0.021484375 0.01171875
0 0.3619791666666667 0.5966796875 0.01953125 0.01416015625
0 0.3349609375 0.5419921875 0.018229166666666668 0.01123046875
0 0.287109375 0.5146484375 0.024739583333333332 0.02197265625
0 0.22102864583333334 0.516845703125 0.013020833333333334 0.00732421875
0 0.6402994791666666 0.468994140625 0.012369791666666666 0.00830078125
0 0.7001953125 0.45361328125 0.007161458333333333 0.00732421875
0 0.5901692708333334 0.343017578125 0.012369791666666666 0.01220703125
0 0.5530598958333334 0.4033203125 0.01171875 0.01416015625
0 0.4423828125 0.38720703125 0.018880208333333332 0.01123046875
0 0.4775390625 0.4091796875 0.018880208333333332 0.013671875
0 0.5882161458333334 0.38232421875 0.013671875 0.00927734375
0 0.5963541666666666 0.434326171875 0.013671875 0.00732421875
0 0.6813151041666666 0.39404296875 0.017578125 0.01171875
0 0.6292317708333334 0.319091796875 0.020182291666666668 0.01123046875
0 0.478515625 0.33447265625 0.016276041666666668 0.0107421875
0 0.4641927083333333 0.30419921875 0.016927083333333332 0.01611328125
0 0.3212890625 0.330810546875 0.015625 0.01806640625
0 0.3050130208333333 0.33203125 0.014973958333333334 0.013671875
0 0.2545572916666667 0.35791015625 0.016276041666666668 0.01025390625
0 0.33984375 0.357666015625 0.016276041666666668 0.00830078125
0 0.3688151041666667 0.368408203125 0.008463541666666666 0.01025390625
0 0.2854817708333333 0.368896484375 0.01171875 0.01025390625
0 0.2757161458333333 0.349365234375 0.011067708333333334 0.00732421875
0 0.23567708333333334 0.31787109375 0.013020833333333334 0.009765625
0 0.22428385416666666 0.3125 0.012369791666666666 0.0107421875
0 0.2294921875 0.3623046875 0.013671875 0.01171875
0 0.2421875 0.3779296875 0.013020833333333334 0.01220703125
0 0.2802734375 0.38037109375 0.027994791666666668 0.015625
0 0.3017578125 0.421630859375 0.018880208333333332 0.01123046875
0 0.2770182291666667 0.42919921875 0.014973958333333334 0.01025390625
0 0.23470052083333334 0.446533203125 0.016927083333333332 0.01220703125
0 0.2864583333333333 0.461181640625 0.010416666666666666 0.00732421875
0 0.23111979166666666 0.46142578125 0.009114583333333334 0.00537109375
0 0.2392578125 0.415771484375 0.018880208333333332 0.01220703125
0 0.2659505208333333 0.212646484375 0.013671875 0.01123046875
0 0.3404947916666667 0.149169921875 0.024088541666666668 0.01220703125
0 0.22298177083333334 0.151123046875 0.01171875 0.01416015625
0 0.2932942708333333 0.18310546875 0.01171875 0.01220703125
0 0.3170572916666667 0.1826171875 0.021484375 0.01123046875
0 0.3470052083333333 0.21142578125 0.020182291666666668 0.017578125
0 0.2861328125 0.117431640625 0.01171875 0.00830078125
0 0.2509765625 0.0947265625 0.018229166666666668 0.01513671875
0 0.24251302083333334 0.078857421875 0.026692708333333332 0.01513671875
0 0.4078776041666667 0.1484375 0.01171875 0.01025390625
0 0.3014322916666667 0.16015625 0.012369791666666666 0.01318359375
0 0.2623697916666667 0.1376953125 0.014322916666666666 0.00732421875
0 0.2275390625 0.134033203125 0.01171875 0.00537109375
0 0.2838541666666667 0.15771484375 0.01171875 0.00732421875
0 0.2679036458333333 0.180419921875 0.01953125 0.00927734375
0 0.3626302083333333 0.201416015625 0.016276041666666668 0.0078125
0 0.4720052083333333 0.183837890625 0.018880208333333332 0.01513671875
0 0.4430338541666667 0.11328125 0.014322916666666666 0.015625
0 0.6162109375 0.148681640625 0.013020833333333334 0.01513671875
0 0.6949869791666666 0.193359375 0.013020833333333334 0.0078125
0 0.6272786458333334 0.181396484375 0.016927083333333332 0.013671875
0 0.7001953125 0.21728515625 0.0078125 0.009765625
0 0.5729166666666666 0.283447265625 0.0078125 0.0087890625
0 0.6279296875 0.333740234375 0.018229166666666668 0.01318359375
0 0.646484375 0.350830078125 0.022135416666666668 0.01318359375
0 0.650390625 0.404541015625 0.041666666666666664 0.02587890625
0 0.7005208333333334 0.44580078125 0.0078125 0.00634765625
0 0.6376953125 0.55224609375 0.014322916666666666 0.0068359375
0 0.6090494791666666 0.5732421875 0.0234375 0.01806640625
0 0.7001953125 0.548583984375 0.010416666666666666 0.00634765625
0 0.58984375 0.610595703125 0.009765625 0.0078125
0 0.6080729166666666 0.612548828125 0.0234375 0.01025390625
0 0.6119791666666666 0.64013671875 0.012369791666666666 0.00732421875
0 0.6223958333333334 0.637451171875 0.0078125 0.00537109375
0 0.6923828125 0.638916015625 0.01171875 0.0087890625
0 0.6097005208333334 0.76416015625 0.016276041666666668 0.0087890625
0 0.6041666666666666 0.795166015625 0.015625 0.005859375
0 0.5478515625 0.736572265625 0.010416666666666666 0.0087890625
0 0.6233723958333334 0.663330078125 0.017578125 0.0166015625
0 0.4222005208333333 0.65478515625 0.01171875 0.0068359375
0 0.3030598958333333 0.51513671875 0.016276041666666668 0.0146484375
0 0.2314453125 0.3271484375 0.01171875 0.0078125
0 0.5074869791666666 0.3984375 0.018880208333333332 0.01171875
0 0.6653645833333334 0.4140625 0.016276041666666668 0.01025390625
0 0.4573567708333333 0.246337890625 0.024739583333333332 0.01708984375
0 0.357421875 0.29248046875 0.01171875 0.00830078125
0 0.5725911458333334 0.1298828125 0.013671875 0.01171875
0 0.5670572916666666 0.23681640625 0.017578125 0.01318359375
0 0.333984375 0.2685546875 0.011067708333333334 0.009765625