0 0.7212301587301587 0.6563740079365079 0.033730158730158756 0.027529761904761862
0 0.44064153439153436 0.5855654761904762 0.04332010582010589 0.03224206349206349
0 0.5901124338624338 0.5602678571428571 0.04265873015873023 0.037698412698412787
0 0.44097222222222215 0.36842757936507936 0.03869047619047613 0.03397817460317465
0 0.3429232804232804 0.6811755952380952 0.01984126984126977 0.015625
0 0.755621693121693 0.8498263888888888 0.01984126984126977 0.01909722222222232
0 0.49669312169312163 0.40860615079365076 0.03571428571428573 0.02504960317460314
0 0.4851190476190476 0.5391865079365079 0.028439153439153486 0.028273809523809534
0 0.6294642857142857 0.8844246031746031 0.05720899470899473 0.04315476190476186
0 0.34821428571428564 0.24144345238095236 0.015211640211640157 0.012648809523809534
0 0.6870039682539683 0.35007440476190477 0.04265873015873023 0.02951388888888884
0 0.5398478835978836 0.6623263888888888 0.044642857142857206 0.050843253968253954
0 0.533068783068783 0.4367559523809524 0.02777777777777783 0.025793650793650813
0 0.3854166666666667 0.8324652777777777 0.04133597883597876 0.03546626984126977
0 0.6870039682539683 0.532986111111111 0.0327380952380952 0.01835317460317465
0 0.3485449735449735 0.44481646825396826 0.030423280423280463 0.028025793650793607
0 0.41798941798941797 0.8872767857142857 0.05291005291005287 0.03546626984126977
0 0.6418650793650793 0.7310267857142857 0.03769841269841271 0.030505952380952328
0 0.7490079365079364 0.734375 0.02579365079365085 0.02331349206349209
0 0.34788359788359785 0.310515873015873 0.030423280423280463 0.023809523809523836
0 0.32010582010582006 0.2881944444444444 0.03108465608465612 0.025793650793650813
0 0.439484126984127 0.6428571428571428 0.03174603174603178 0.02529761904761907
0 0.6623677248677248 0.43985615079365076 0.024470899470899532 0.02356150793650791
0 0.7235449735449735 0.7504960317460317 0.015211640211640306 0.015873015873015817
0 0.3968253968253968 0.4967757936507936 0.041666666666666664 0.037698412698412787
0 0.33151455026455023 0.8216765873015872 0.034060846560846514 0.029265873015873023
0 0.40922619047619047 0.654265873015873 0.04199735449735457 0.034226190476190466
0 0.6302910052910052 0.5166170634920635 0.03769841269841271 0.02777777777777768
0 0.7390873015873015 0.8940972222222222 0.017195767195767136 0.016865079365079305
0 0.386574074074074 0.7997271825396824 0.030423280423280463 0.020585317460317443
0 0.3569775132275132 0.9332837301587301 0.01554232804232806 0.017857142857142794
0 0.35846560846560843 0.527405753968254 0.03571428571428573 0.03645833333333326
0 0.6183862433862434 0.7999751984126984 0.04629629629629628 0.028025793650793718
0 0.6891534391534391 0.745907738095238 0.03769841269841271 0.03298611111111116
0 0.3776455026455026 0.900173611111111 0.011243386243386203 0.015128968253968145
0 0.3325066137566137 0.5611359126984127 0.034060846560846514 0.02703373015873023
0 0.6291335978835978 0.5474950396825397 0.039351851851851784 0.030505952380952328
0 0.3875661375661375 0.5493551587301587 0.030423280423280463 0.026289682539682557
0 0.3229166666666667 0.6956845238095237 0.02215608465608465 0.02331349206349209
0 0.5963955026455027 0.9206349206349206 0.01554232804232806 0.014384920634920695
0 0.3326719576719576 0.9098462301587301 0.033730158730158756 0.03397817460317465
0 0.4818121693121693 0.9045138888888888 0.01851851851851845 0.016369047619047672
0 0.5049603174603174 0.894345238095238 0.01851851851851845 0.012896825396825351
0 0.6623677248677248 0.5437748015873015 0.015211640211640306 0.018105158730158832
0 0.37152777777777773 0.7488839285714285 0.02215608465608465 0.022073412698412787
0 0.5018220899470899 0.448531746031746 0.013614417989418056 0.024104662698412715
0 0.6572420634920635 0.4104662698412698 0.044642857142857206 0.02182539682539686
0 0.6213624338624338 0.751736111111111 0.0145502645502645 0.014880952380952328
0 0.7046957671957671 0.5737847222222222 0.029761904761904805 0.03645833333333326
0 0.42427248677248675 0.7563244047619048 0.0330687830687831 0.03546626984126977
0 0.44064153439153436 0.4596974206349206 0.013558201058201083 0.013144841269841279
0 0.31299603174603174 0.3239087301587301 0.02281746031746031 0.02529761904761907
0 0.39451058201058203 0.9556051587301587 0.01984126984126977 0.01140873015873023
0 0.722718253968254 0.6313244047619048 0.0109126984126983 0.008184523809523725
0 0.341765873015873 0.8823164682539683 0.016865079365079378 0.015625
0 0.4054232804232804 0.7819940476190476 0.012566137566137522 0.013392857142857206
0 0.603505291005291 0.6155753968253967 0.01322751322751318 0.011904761904761862
0 0.550595238095238 0.9552331349206349 0.05489417989417985 0.04489087301587302
0 0.4750330687830688 0.6242559523809523 0.011574074074074106 0.013392857142857206
0 0.39351851851851855 0.42249503968253965 0.009920634920634885 0.008184523809523836
0 0.5398478835978836 0.4593253968253968 0.013558201058201083 0.014880952380952328
0 0.43584656084656087 0.7929067460317459 0.03108465608465612 0.019345238095238138
0 0.7410714285714285 0.48561507936507936 0.009920634920635033 0.009920634920634885
0 0.6873346560846559 0.298735119047619 0.014219576719576743 0.011160714285714302
0 0.5957043650793651 0.2521081349206349 0.028657407407407447 0.020009920634920686
0 0.5588128306878306 0.24975942460317457 0.018115079365079428 0.012847222222222232
0 0.4221130952380952 0.21171626984126982 0.011527777777777803 0.008400297619047592
0 0.636712962962963 0.24593005952380953 0.014494047619047675 0.014082341269841314
0 0.5658928571428571 0.38884672619047617 0.023716931216931265 0.013834325396825387
0 0.6022916666666666 0.49173859126984126 0.012185846560846572 0.011116071428571406
0 0.47992063492063486 0.44764136904761903 0.036891534391534364 0.02371527777777782
0 0.41717261904761904 0.4087326388888889 0.014163359788359772 0.010622519841269829
0 0.3237896825396825 0.4539409722222222 0.03754960317460313 0.023963293650793638
0 0.33630621693121693 0.46431795634920636 0.011200396825396789 0.010128968253968251
0 0.6708035714285714 0.6566393849206349 0.015482804232804348 0.010376984126984068
0 0.772420634920635 0.6596056547619048 0.015810185185185215 0.00889384920634928
0 0.6656977513227512 0.588578869047619 0.016468253968253983 0.011116071428571406
0 0.7006150793650793 0.8290773809523809 0.014494047619047675 0.016798115079365017
0 0.6273247354497354 0.8489632936507936 0.019434523809523856 0.011612103174603261
0 0.5640806878306878 0.6883854166666666 0.029315476190476215 0.018529265873015843
0 0.5047916666666666 0.6704737103174603 0.03458664021164015 0.02816220238095246
0 0.4840410052910053 0.6789980158730158 0.014163359788359772 0.014575892857142891
0 0.4573578042328042 0.7187723214285714 0.011527777777777803 0.011612103174603261
0 0.46921626984126985 0.7972073412698413 0.051712962962962905 0.029151785714285783
0 0.34569444444444447 0.8605753968253969 0.022070105820105823 0.018529265873015843
0 0.3615046296296296 0.8332762896825396 0.017457010582010508 0.015811011904761862
0 0.5476124338624339 0.8799677579365079 0.017457010582010508 0.01334077380952392
0 0.6823313492063492 0.7970833333333334 0.015482804232804348 0.01605902777777768
0 0.6889219576719577 0.6430530753968253 0.01416335978835992 0.010376984126984068
0 0.4092691798941799 0.77015625 0.012847222222222232 0.012599206349206415
0 0.32625992063492065 0.42701388888888886 0.01086970899470896 0.012105654761904727
0 0.4851917989417989 0.38131200396825393 0.015810185185185215 0.011116071428571406
0 0.5532109788359788 0.5612822420634921 0.012185846560846572 0.010870535714285756
0 0.46295965608465606 0.6022916666666667 0.027999338624338677 0.027175099206349307
0 0.6548280423280423 0.7051835317460318 0.011200396825396789 0.01062251984126994
0 0.5352612433862434 0.7350768849206348 0.013174603174603247 0.01062251984126994
0 0.5370701058201057 0.7750967261904762 0.012847222222222232 0.011116071428571406
0 0.7225198412698414 0.7064186507936508 0.014821428571428541 0.01358630952380957
0 0.3590343915343915 0.7316170634920635 0.018445767195767182 0.01902281746031753
0 0.5587566137566137 0.7829017857142856 0.01402777777777775 0.014377480158730194
0 0.32661044973544967 0.509265873015873 0.018326719576719608 0.014590773809523894
0 0.40230820105820103 0.5220585317460318 0.014659391534391553 0.008881448412698445
0 0.5118386243386243 0.7791741071428572 0.010995370370370386 0.007189980158730069
0 0.49957341269841266 0.783720238095238 0.010714285714285676 0.009513888888888822
0 0.6958498677248678 0.8197172619047618 0.012387566137566234 0.015848214285714368
0 0.31606150793650795 0.7927480158730159 0.012919973544973576 0.01216021825396818
0 0.30465939153439153 0.8784474206349207 0.00886904761904761 0.01026041666666666
0 0.663994708994709 0.4607812499999999 0.00741402116402116 0.00686259920634924
0 0.4538260582010581 0.22189236111111107 0.011220238095238125 0.007971230158730136
0 0.33247023809523807 0.3681622023809524 0.010628306878306848 0.01040922619047624
0 0.5615972222222222 0.8055257936507937 0.0076785714285714235 0.013509424603174613