0 0.4485677083333333 0.283203125 0.033203125 0.02294921875
0 0.24251302083333334 0.48828125 0.025390625 0.0263671875
0 0.4820963541666667 0.81494140625 0.021484375 0.01904296875
0 0.3014322916666667 0.32177734375 0.024739583333333332 0.0224609375
0 0.3870442708333333 0.21337890625 0.02734375 0.02392578125
0 0.3642578125 0.745849609375 0.029296875 0.0341796875
0 0.17578125 0.298828125 0.025390625 0.02880859375
0 0.5875651041666666 0.168212890625 0.022135416666666668 0.0244140625
0 0.3076171875 0.693115234375 0.021484375 0.0205078125
0 0.7340494791666666 0.369140625 0.0234375 0.0234375
0 0.4700520833333333 0.6357421875 0.018880208333333332 0.01806640625
0 0.6484375 0.642333984375 0.037109375 0.02880859375
0 0.5670572916666666 0.61328125 0.030598958333333332 0.0283203125
0 0.24641927083333334 0.19482421875 0.026692708333333332 0.01708984375
0 0.5192057291666666 0.88671875 0.036458333333333336 0.01611328125
0 0.21809895833333334 0.339599609375 0.016276041666666668 0.02099609375
0 0.4000651041666667 0.742431640625 0.045572916666666664 0.0283203125
0 0.3424479166666667 0.6796875 0.029947916666666668 0.025390625
0 0.4716796875 0.342529296875 0.03125 0.0224609375
0 0.6751302083333334 0.178955078125 0.025390625 0.01708984375
0 0.515625 0.170654296875 0.017578125 0.01513671875
0 0.4264322916666667 0.756591796875 0.024088541666666668 0.01416015625
0 0.2542317708333333 0.365234375 0.041666666666666664 0.04296875
0 0.24446614583333334 0.2451171875 0.044921875 0.03564453125
0 0.2568359375 0.13916015625 0.01953125 0.01904296875
0 0.5504557291666666 0.144775390625 0.049479166666666664 0.04443359375
0 0.2421875 0.44677734375 0.01953125 0.0185546875
0 0.2513020833333333 0.563232421875 0.021484375 0.0205078125
0 0.4514973958333333 0.762451171875 0.017578125 0.017578125
0 0.1396484375 0.16552734375 0.029296875 0.04248046875
0 0.18684895833333334 0.272705078125 0.048177083333333336 0.03076171875
0 0.4192708333333333 0.19140625 0.052734375 0.04638671875
0 0.2770182291666667 0.590576171875 0.014322916666666666 0.0126953125
0 0.30078125 0.3896484375 0.016927083333333332 0.0146484375
0 0.6484375 0.8505859375 0.032552083333333336 0.0322265625
0 0.21647135416666666 0.51025390625 0.020833333333333332 0.01513671875
0 0.6868489583333334 0.2763671875 0.0234375 0.0263671875
0 0.158203125 0.4921875 0.057942708333333336 0.04443359375
0 0.71875 0.215576171875 0.014973958333333334 0.0146484375
0 0.3961588541666667 0.711181640625 0.037109375 0.02197265625
0 0.6822916666666666 0.3515625 0.022786458333333332 0.02197265625
0 0.3802083333333333 0.935302734375 0.014973958333333334 0.009765625
0 0.3450520833333333 0.93115234375 0.022786458333333332 0.01611328125
0 0.4186197916666667 0.80322265625 0.029296875 0.0224609375
0 0.3720703125 0.802001953125 0.021484375 0.01611328125
0 0.6943359375 0.75390625 0.09505208333333333 0.05224609375
0 0.572265625 0.730224609375 0.018880208333333332 0.0166015625
0 0.5618489583333334 0.740966796875 0.018229166666666668 0.01708984375
0 0.546875 0.740478515625 0.017578125 0.01318359375
0 0.5260416666666666 0.740478515625 0.021484375 0.01708984375
0 0.5511067708333334 0.75341796875 0.020833333333333332 0.0087890625
0 0.5152994791666666 0.517822265625 0.06575520833333333 0.044921875
0 0.6022135416666666 0.41943359375 0.045572916666666664 0.0576171875
0 0.5634765625 0.179931640625 0.029296875 0.0205078125
0 0.46484375 0.172119140625 0.027994791666666668 0.01904296875
0 0.6692708333333334 0.14697265625 0.018880208333333332 0.01513671875
0 0.6800130208333334 0.1650390625 0.021484375 0.013671875
0 0.6038411458333334 0.209228515625 0.049479166666666664 0.0478515625
0 0.3401692708333333 0.459228515625 0.017578125 0.01220703125
0 0.2587890625 0.486083984375 0.020182291666666668 0.02099609375
0 0.2731119791666667 0.4873046875 0.018880208333333332 0.01513671875
0 0.4833984375 0.566162109375 0.029296875 0.01318359375
0 0.3802083333333333 0.58203125 0.022135416666666668 0.0078125
0 0.4007161458333333 0.560546875 0.01953125 0.01904296875
0 0.3876953125 0.61279296875 0.01953125 0.021484375
0 0.6057942708333334 0.482421875 0.026041666666666668 0.02099609375
0 0.6438802083333334 0.977783203125 0.016927083333333332 0.01220703125
0 0.6341145833333334 0.784912109375 0.025390625 0.0166015625
0 0.1435546875 0.792236328125 0.014973958333333334 0.01123046875
0 0.3199869791666667 0.427490234375 0.018229166666666668 0.0166015625
0 0.16536458333333334 0.411376953125 0.021484375 0.01123046875
0 0.7600911458333334 0.220947265625 0.037760416666666664 0.0185546875
0 0.7522786458333334 0.204345703125 0.018229166666666668 0.01611328125
0 0.6682942708333334 0.313720703125 0.021484375 0.01513671875
0 0.7177734375 0.412841796875 0.015625 0.0126953125
0 0.427734375 0.523681640625 0.0234375 0.015625
0 0.7044270833333334 0.7275390625 0.013671875 0.01953125
0 0.18229166666666666 0.729736328125 0.017578125 0.0126953125
0 0.2763671875 0.654296875 0.015625 0.01025390625
0 0.373046875 0.55419921875 0.018229166666666668 0.01220703125
0 0.4680989583333333 0.488525390625 0.01953125 0.01513671875
0 0.4456380208333333 0.459716796875 0.022786458333333332 0.015625
0 0.5279947916666666 0.428466796875 0.018880208333333332 0.01318359375
0 0.3499348958333333 0.19677734375 0.014322916666666666 0.017578125
0 0.16243489583333334 0.16015625 0.014973958333333334 0.02001953125
0 0.6471354166666666 0.355712890625 0.01953125 0.01513671875
0 0.7213541666666666 0.345458984375 0.013020833333333334 0.0146484375
0 0.6829427083333334 0.328125 0.047526041666666664 0.02197265625
0 0.7249348958333334 0.330078125 0.025390625 0.017578125
0 0.6227213541666666 0.460205078125 0.016276041666666668 0.009765625
0 0.6624348958333334 0.5234375 0.013671875 0.02001953125
0 0.5091145833333334 0.548828125 0.020833333333333332 0.015625
0 0.6656901041666666 0.6328125 0.020833333333333332 0.0146484375
0 0.5455729166666666 0.613525390625 0.013020833333333334 0.017578125
0 0.7203776041666666 0.716064453125 0.013671875 0.017578125
0 0.318359375 0.896484375 0.018229166666666668 0.01708984375
0 0.1767578125 0.91845703125 0.015625 0.0146484375
0 0.22200520833333334 0.9228515625 0.026692708333333332 0.0107421875
0 0.6842447916666666 0.607666015625 0.013671875 0.01123046875
0 0.5989583333333334 0.503173828125 0.016276041666666668 0.01220703125
0 0.5162760416666666 0.470458984375 0.014973958333333334 0.0126953125
0 0.3948567708333333 0.642578125 0.018229166666666668 0.01123046875
0 0.4440104166666667 0.8525390625 0.01171875 0.00830078125
0 0.6940104166666666 0.870361328125 0.01953125 0.0107421875
0 0.7109375 0.826416015625 0.017578125 0.02294921875
0 0.2578125 0.87890625 0.013020833333333334 0.01611328125
0 0.14583333333333334 0.730224609375 0.01953125 0.017578125
0 0.13444010416666666 0.724365234375 0.013020833333333334 0.0166015625
0 0.2552083333333333 0.71484375 0.016276041666666668 0.01611328125
0 0.20442708333333334 0.702392578125 0.015625 0.0107421875
0 0.14029947916666666 0.613525390625 0.024739583333333332 0.01220703125
0 0.3040364583333333 0.589599609375 0.014322916666666666 0.01513671875
0 0.23209635416666666 0.5244140625 0.014322916666666666 0.01513671875
0 0.2685546875 0.4453125 0.0234375 0.02099609375
0 0.15657552083333334 0.391845703125 0.020833333333333332 0.015625
0 0.20540364583333334 0.4482421875 0.020182291666666668 0.0205078125
0 0.2548828125 0.277099609375 0.022786458333333332 0.02099609375
0 0.3863932291666667 0.3818359375 0.016276041666666668 0.01611328125
0 0.2890625 0.124755859375 0.020833333333333332 0.013671875
0 0.2197265625 0.234619140625 0.022135416666666668 0.0185546875
0 0.4573567708333333 0.190673828125 0.021484375 0.0185546875
0 0.7259114583333334 0.11328125 0.018880208333333332 0.0205078125
0 0.7333984375 0.13232421875 0.01953125 0.01904296875
0 0.6529947916666666 0.19140625 0.020182291666666668 0.01904296875
0 0.6302083333333334 0.385986328125 0.025390625 0.01904296875
0 0.5244140625 0.689697265625 0.024739583333333332 0.01611328125
0 0.6044921875 0.769287109375 0.016276041666666668 0.01025390625
0 0.7112630208333334 0.8935546875 0.014322916666666666 0.01513671875
0 0.3564453125 0.730712890625 0.024739583333333332 0.015625
0 0.5009765625 0.6591796875 0.015625 0.01806640625
0 0.5393880208333334 0.2939453125 0.016927083333333332 0.0166015625
0 0.2747395833333333 0.0966796875 0.020182291666666668 0.013671875