0 0.29591931216931217 0.19556795634920632 0.023832671957671952 0.014288194444444458
0 0.48657738095238096 0.1694940476190476 0.019861111111111107 0.023211805555555576
0 0.30634589947089946 0.2864583333333333 0.03078373015873015 0.02775297619047623
0 0.48657738095238096 0.3560912698412698 0.0337632275132275 0.02253720238095236
0 0.532255291005291 0.34789682539682537 0.03177579365079364 0.025510912698412658
0 0.5764451058201058 0.3497594246031746 0.028796296296296358 0.026257440476190497
0 0.7507175925925926 0.467797619047619 0.025816798941799075 0.026986607142857166
0 0.6350330687830688 0.47003224206349203 0.02681216931216938 0.028479662698412733
0 0.5729695767195767 0.49796874999999996 0.02979166666666666 0.026259920634920553
0 0.5421858465608466 0.42793898809523806 0.021845238095238084 0.01727926587301587
0 0.5411904761904761 0.40782490079365075 0.021845238095238084 0.020245535714285667
0 0.29343584656084654 0.5501041666666666 0.04269841269841268 0.02626240079365072
0 0.4647288359788359 0.6342807539682539 0.047665343915343904 0.03374999999999995
0 0.534239417989418 0.7147222222222223 0.03574735449735448 0.02185019841269842
0 0.5541005291005291 0.6927455357142857 0.02979166666666666 0.024072420634920544
0 0.4890575396825397 0.7333482142857143 0.04865740740740746 0.03229166666666661
0 0.7164583333333333 0.41193700396825395 0.018865740740740655 0.018043154761904767
0 0.6231150793650794 0.3970362103174603 0.010922619047619117 0.010582837301587267
0 0.6434722222222221 0.4018774801587301 0.013902116402116397 0.012822420634920673
0 0.651415343915344 0.3478670634920635 0.019861111111111107 0.015022321428571406
0 0.34457671957671954 0.3538194444444444 0.01787367724867724 0.017993551587301537
0 0.3967096560846561 0.33817460317460313 0.024824735449735513 0.010533234126984148
0 0.40664021164021164 0.5273511904761905 0.022840608465608387 0.012036210317460272
0 0.40664021164021164 0.50984375 0.024824735449735513 0.014260912698412787
0 0.41954695767195765 0.5407589285714286 0.018865740740740804 0.013534226190476284
0 0.24924603174603174 0.6375917658730158 0.027804232804232793 0.019516369047618998
0 0.24279100529100528 0.6048115079365078 0.02482473544973544 0.020987103174603172
0 0.2730787037037037 0.6185937499999999 0.01787367724867724 0.01578125000000008
0 0.2661276455026455 0.6055555555555555 0.01787367724867724 0.013536706349206451
0 0.2949239417989418 0.6040674603174603 0.023832671957671952 0.018005952380952372
0 0.26116071428571425 0.6651537698412698 0.019861111111111107 0.013573908730158735
0 0.3674140211640211 0.7120634920634921 0.01787367724867724 0.019511408730158664
0 0.3743650793650793 0.696046626984127 0.021845238095238084 0.012797619047619113
0 0.5118981481481482 0.7772445436507935 0.0327678571428572 0.026242559523809605
0 0.5436739417989417 0.7500520833333333 0.0327678571428572 0.029950396825396908
0 0.5913392857142857 0.7764980158730158 0.024824735449735513 0.01283234126984123
0 0.6975925925925925 0.8398239087301587 0.04468584656084662 0.038199404761904754
0 0.24577050264550263 0.8331175595238095 0.04269841269841268 0.026277281746031722
0 0.5828968253968254 0.9094791666666666 0.02581679894179893 0.016636904761904825
0 0.5759457671957672 0.8360962301587301 0.021845238095238084 0.017338789682539657
0 0.6251025132275132 0.8334895833333333 0.02681216931216938 0.024040178571428594
0 0.2502380952380952 0.7846924603174603 0.023832671957671952 0.02177579365079363
0 0.3262037037037037 0.7921428571428571 0.030783730158730222 0.01880208333333333
0 0.26811507936507933 0.7388690476190476 0.023832671957671952 0.01949900793650783
0 0.7268849206349205 0.6826240079365079 0.02979166666666681 0.021698908730158672
0 0.6097089947089946 0.6725669642857143 0.02581679894179893 0.02243799603174601
0 0.594318783068783 0.6096155753968253 0.02681216931216938 0.023144841269841177
0 0.7406415343915342 0.26412946428571427 0.030787037037036964 0.01344742063492066
0 0.5225099206349205 0.1893377976190476 0.019242724867724863 0.012904265873015852
0 0.3482804232804233 0.20350694444444442 0.015042989417989391 0.009754464285714304
0 0.2790939153439153 0.27069444444444446 0.018121693121693132 0.010905257936507984
0 0.33139219576719575 0.3180877976190476 0.013981481481481447 0.01442956349206348
0 0.3052414021164021 0.32294394841269836 0.012946428571428545 0.008993055555555518
0 0.2801289682539682 0.307405753968254 0.017605820105820087 0.007819940476190501
0 0.2890608465608466 0.31682539682539684 0.010615079365079364 0.009962797619047614
0 0.40983796296296293 0.3017733134920635 0.015016534391534423 0.009759424603174582
0 0.3307440476190476 0.28322420634920636 0.012169312169312127 0.011495535714285743
0 0.4128141534391534 0.2835168650793651 0.014758597883597938 0.010917658730158708
0 0.48711970899470897 0.2870138888888889 0.013720238095238072 0.012472718253968229
0 0.5079596560846561 0.30245535714285715 0.012946428571428617 0.013841765873015888
0 0.5590939153439153 0.28342757936507934 0.033915343915343975 0.017341269841269824
0 0.4926851851851852 0.2644890873015873 0.019160052910052922 0.006259920634920646
0 0.4560284391534391 0.2633110119047619 0.01046296296296297 0.009685019841269793
0 0.5346494708994708 0.23760912698412695 0.013260582010582075 0.009174107142857157
0 0.6730820105820107 0.2148784722222222 0.014074074074074202 0.011617063492063484
0 0.5059623015873015 0.17152777777777778 0.013802910052910011 0.008950892857142845
0 0.3052810846560846 0.20542658730158728 0.013531746031746042 0.010168650793650813
0 0.582688492063492 0.3251934523809524 0.024897486772486783 0.010592757936507935
0 0.6388458994708994 0.300625 0.019216269841269895 0.009766865079365084
0 0.7185515873015872 0.3552380952380952 0.0146130952380951 0.011820436507936516
0 0.6684821428571429 0.3626438492063492 0.022192460317460434 0.01282490079365084
0 0.6063690476190476 0.44718749999999996 0.01759259259259253 0.012219742063492078
0 0.6056944444444444 0.48261656746031745 0.025982142857142804 0.012038690476190439
0 0.5527843915343914 0.4778472222222222 0.018131613756613724 0.012239583333333304
0 0.5124570105820105 0.45266617063492065 0.018131613756613724 0.010190972222222205
0 0.3916170634920635 0.4878844246031746 0.01461309523809525 0.01242311507936511
0 0.4181382275132275 0.45581349206349203 0.04979828042328046 0.017294146825396872
0 0.3618452380952381 0.42404513888888884 0.017321428571428637 0.01587053571428576
0 0.38701719576719573 0.36801835317460313 0.016236772486772466 0.009370039682539688
0 0.35264550264550265 0.39197916666666666 0.021111111111111153 0.00735367063492065
0 0.28214285714285714 0.3849751984126984 0.044113756613756605 0.02745039682539685
0 0.3166501322751322 0.3529092261904762 0.013531746031746042 0.010004960317460343
0 0.27591931216931215 0.3529092261904762 0.013260582010582 0.009191468253968216
0 0.28254960317460315 0.3345337301587301 0.01515542328042326 0.009382440476190523
0 0.2617096560846561 0.47225198412698405 0.017863756613756648 0.014446924603174649
0 0.2962169312169312 0.5203645833333334 0.014345238095238097 0.009995039682539675
0 0.27293981481481483 0.5190451388888888 0.011097883597883587 0.009791666666666643
0 0.25264219576719577 0.5461507936507936 0.01705026455026452 0.008387896825396757
0 0.2400595238095238 0.5320411706349206 0.011908068783068751 0.017921626984126915
0 0.3472321428571428 0.5673611111111111 0.01948743386243379 0.014270833333333233
0 0.28011243386243384 0.586140873015873 0.015697751322751346 0.008799603174603154
0 0.3926984126984127 0.5805580357142857 0.01353174603174597 0.010218253968254043
0 0.43505291005290997 0.592938988095238 0.011097883597883662 0.011436011904761845
0 0.44926256613756604 0.6009598214285714 0.022192460317460288 0.0144866071428571
0 0.5115112433862433 0.5072693452380952 0.011908068783068751 0.009786706349206309
0 0.677007275132275 0.4447470238095238 0.019216269841269746 0.009779265873015919
0 0.6217956349206348 0.457437996031746 0.010555555555555577 0.008772321428571428
0 0.5466931216931217 0.4918353174603174 0.01894510582010585 0.007743055555555545
0 0.5349206349206349 0.6062103174603174 0.021921296296296244 0.011185515873015861
0 0.7100264550264549 0.6530133928571428 0.024087301587301546 0.01344742063492066
0 0.5705092592592592 0.6947296626984126 0.024897486772486783 0.024618055555555518
0 0.7351951058201057 0.7402901785714285 0.015426587301587228 0.01627976190476188
0 0.6991997354497355 0.7032341269841269 0.012721560846560879 0.01442956349206348
0 0.7078604497354498 0.7664831349206349 0.020839947089947113 0.01913938492063494
0 0.6998776455026454 0.7750099206349206 0.02056878306878307 0.00817956349206339
0 0.6929761904761905 0.794704861111111 0.023544973544973462 0.01022073412698421
0 0.6722718253968254 0.7847544642857143 0.014074074074074202 0.011026785714285614
0 0.6537334656084656 0.7511507936507936 0.015968915343915313 0.009992559523809508
0 0.5998743386243386 0.8091989087301587 0.012721560846560879 0.00714037698412695
0 0.5891832010582011 0.822296626984127 0.01677910052910055 0.013038194444444429
0 0.6069113756613757 0.8571180555555555 0.014345238095238097 0.0128571428571429
0 0.7215277777777778 0.9949677579365079 0.01677910052910055 0.01006448412698413
0 0.48580026455026454 0.87781498015873 0.015155423280423333 0.014464285714285818
0 0.555489417989418 0.8711135912698412 0.013802910052910011 0.010399305555555571
0 0.3821428571428571 0.8695932539682538 0.030853174603174605 0.02400297619047609
0 0.24750000000000003 0.873640873015873 0.011636904761904784 0.014236111111111116
0 0.2771362433862434 0.8188343253968253 0.02435846560846559 0.014640376984127013
0 0.30663690476190475 0.8272594246031746 0.015697751322751346 0.009975198412698338
0 0.4069080687830688 0.8085887896825397 0.025168650793650826 0.016478174603174578
0 0.4449338624338624 0.8046304563492063 0.023816137566137503 0.01627232142857138
0 0.4499404761904761 0.8162028769841269 0.027334656084656128 0.014655257936508015
0 0.624371693121693 0.5327951388888889 0.02265873015873021 0.01364335317460319
0 0.4540079365079365 0.5321478174603174 0.016832010582010632 0.010729166666666679
0 0.640406746031746 0.3306820436507936 0.012457010582010616 0.012033730158730105
0 0.45316137566137565 0.6632986111111111 0.016587301587301557 0.01081845238095247
0 0.459864417989418 0.6939583333333332 0.015423280423280486 0.012180059523809517
0 0.25979497354497355 0.8896081349206348 0.019785052910052874 0.016416170634920624
0 0.43906415343915345 0.9304637896825396 0.023743386243386233 0.012289186507936423
0 0.7165013227513226 0.9084672619047619 0.009285714285714342 0.01131696428571427
0 0.3087962962962963 0.7679613095238095 0.010142195767195735 0.009689980158730238
0 0.2978174603174603 0.6947445436507936 0.010307539682539687 0.010446428571428523
0 0.4145601851851852 0.7063541666666666 0.016164021164021197 0.011597222222222259
0 0.35614748677248675 0.7040476190476189 0.009375000000000059 0.008660714285714244
0 0.2829728835978836 0.22113839285714285 0.011087962962962994 0.007522321428571455
0 0.44980158730158726 0.32369047619047614 0.013197751322751325 0.012671130952380927
0 0.4709193121693121 0.2687524801587301 0.019004629629629566 0.017224702380952417
0 0.7080952380952382 0.3209201388888889 0.01874338624338634 0.011877480158730136
0 0.5915542328042328 0.4380233134920634 0.019533730158730094 0.012075892857142834
0 0.7454464285714285 0.518797123015873 0.01953373015873024 0.011681547619047716
0 0.6956878306878308 0.5524528769841269 0.024550264550264583 0.017224702380952417
0 0.5626488095238095 0.5213715277777777 0.011878306878306896 0.007720734126984041
0 0.5551256613756613 0.5150347222222221 0.008974867724867774 0.008511904761904665
0 0.7293452380952381 0.5082043650793651 0.011087962962962846 0.009503968253968154
0 0.5709623015873015 0.6774751984126983 0.0179497354497354 0.009898313492063382
0 0.7355489417989419 0.8969320436507936 0.019798280423280506 0.016036706349206398
0 0.612010582010582 0.9356349206349206 0.01082341269841273 0.012671130952381038
0 0.5214682539682539 0.7734920634920635 0.0171593915343915 0.010689484126984228
0 0.2219973544973545 0.9120758928571427 0.010029761904761939 0.011877480158730247
0 0.4767261904761904 0.8292237103174602 0.014781746031746016 0.011681547619047716
0 0.30910714285714286 0.7337003968253968 0.020588624338624333 0.012274305555555642
0 0.47897156084656084 0.48504216269841266 0.02507605820105822 0.0158382936507937
0 0.44333333333333336 0.2207440476190476 0.012407407407407423 0.00791914682539685