0 0.24580853174603173 0.3111309523809524 0.030084325396825373 0.03011574074074071
0 0.09067708333333332 0.5309556878306877 0.020389384920634912 0.030128968253968196
0 0.6925223214285714 0.3011607142857143 0.024719742063492145 0.028082010582010614
0 0.6764285714285714 0.7813955026455027 0.028861607142857126 0.03501984126984118
0 0.8799255952380952 0.23314814814814813 0.028174603174603075 0.0324834656084656
0 0.2220734126984127 0.7423842592592592 0.034685019841269815 0.03737764550264563
0 0.059310515873015876 0.24516865079365077 0.031183035714285712 0.03375330687830691
0 0.3244543650793651 0.30975529100529103 0.036240079365079336 0.03978505291005289
0 0.8267584325396824 0.5542063492063493 0.01741815476190478 0.03347222222222227
0 0.8745213293650793 0.3375892857142857 0.02849950396825407 0.030863095238095273
0 0.21284474206349208 0.7855522486772487 0.024970238095238073 0.022695105820105848
0 0.6696478174603174 0.23314153439153437 0.02069444444444435 0.028730158730158717
0 0.17334821428571429 0.7116104497354496 0.03565724206349208 0.039507275132275
0 0.8554191468253968 0.21578703703703703 0.035307539682539746 0.03851190476190477
0 0.25935515873015874 0.24124338624338623 0.027904265873015865 0.02424272486772483
0 0.9097643849206349 0.567146164021164 0.02009424603174592 0.0301587301587302
0 0.619828869047619 0.49842261904761903 0.02050595238095232 0.027169312169312104
0 0.6476537698412699 0.48598544973544966 0.019799107142857153 0.021455026455026466
0 0.37275049603174604 0.22155753968253966 0.01742559523809528 0.02144841269841269
0 0.5791393849206349 0.5641633597883597 0.025989583333333233 0.029765211640211692
0 0.01367311507936508 0.6959424603174603 0.020178571428571428 0.020664682539682566
0 0.8473115079365079 0.24840277777777775 0.03152281746031749 0.031927910052910034
0 0.5892609126984127 0.3879861111111111 0.01929563492063502 0.018630952380952397
0 0.8031076388888889 0.7708862433862432 0.014399801587301697 0.018842592592592727
0 0.8671924603174602 0.36871693121693117 0.019947916666666732 0.023568121693121686
0 0.7682762896825397 0.5464285714285714 0.0222991071428571 0.0201157407407407
0 0.49219990079365084 0.4384358465608465 0.025620039682539675 0.026223544973544993
0 0.8005257936507936 0.34530423280423284 0.045634920634920695 0.050178571428571406
0 0.8326264880952381 0.3989186507936508 0.04053819444444451 0.04856481481481486
0 0.0696453373015873 0.21792328042328044 0.028874007936507934 0.0370701058201058
0 0.025262896825396824 0.2519510582010582 0.02755208333333333 0.042146164021164
0 0.1985863095238095 0.28345238095238096 0.01585565476190476 0.017867063492063462
0 0.2894618055555555 0.5074206349206349 0.049310515873015826 0.04792328042328039
0 0.11290674603174602 0.7190939153439153 0.03271329365079367 0.042195767195767196
0 0.6753472222222222 0.20026785714285714 0.012135416666666732 0.013111772486772496
0 0.051875 0.4301752645502645 0.03557291666666666 0.041025132275132346
0 0.653702876984127 0.4244246031746031 0.015176091269841319 0.021461640211640248
0 0.17005704365079363 0.22763227513227513 0.041951884920634896 0.049917328042328034
0 0.3262599206349206 0.5831283068783069 0.050629960317460254 0.05974537037037031
0 0.4330109126984127 0.36393849206349205 0.03376984126984128 0.04242394179894182
0 0.25816964285714283 0.367228835978836 0.06112351190476195 0.07067791005291009
0 0.09751488095238095 0.3985416666666666 0.03733630952380951 0.04294312169312168
0 0.5667113095238095 0.657172619047619 0.04245287698412703 0.051491402116402206
0 0.924719742063492 0.22162698412698412 0.026349206349206344 0.02213955026455028
0 0.19652281746031744 0.748449074074074 0.01649801587301586 0.02128306878306881
0 0.06055555555555555 0.32760582010582007 0.041555059523809515 0.059841269841269806
0 0.13005456349206349 0.25901785714285713 0.03407738095238094 0.04955026455026457
0 0.8231944444444443 0.8041997354497354 0.01871279761904754 0.023373015873015806
0 0.3797668650793651 0.7573478835978835 0.07136408730158728 0.08178902116402131
0 0.893157242063492 0.7849074074074074 0.021245039682539657 0.018723544973545003
0 0.37542906746031746 0.585651455026455 0.035069444444444486 0.03785052910052903
0 0.1242361111111111 0.7558267195767194 0.0365252976190476 0.03294973544973553
0 0.7452628968253968 0.2390376984126984 0.038993055555555545 0.05284722222222219
0 0.7974776785714285 0.2853075396825397 0.02078373015873014 0.020863095238095264
0 0.43753224206349206 0.7025859788359788 0.03515376984126983 0.042281746031746024
0 0.5092460317460318 0.211630291005291 0.05385416666666676 0.0551058201058201
0 0.27266617063492066 0.7112665343915343 0.042080853174603194 0.05407407407407394
0 0.5379489087301588 0.3393253968253968 0.046197916666666616 0.050158730158730215
0 0.5744270833333334 0.7447519841269842 0.04578373015873005 0.03977843915343904
0 0.49904017857142857 0.3664153439153439 0.04628720238095241 0.06130621693121693
0 0.1331547619047619 0.3178406084656084 0.0495734126984127 0.05134920634920633
0 0.7721106150793651 0.6125661375661375 0.03219990079365087 0.033928571428571384
0 0.6164732142857142 0.3896593915343915 0.01843998015873005 0.018561507936507866
0 0.8960863095238095 0.39189484126984125 0.02383184523809523 0.027063492063492085
0 0.600639880952381 0.4702347883597883 0.02031746031746029 0.022645502645502653
0 0.3253769841269841 0.26355820105820105 0.04179563492063487 0.0468287037037037
0 0.6245163690476191 0.2371924603174603 0.03906001984126983 0.04547619047619045
0 0.5569791666666666 0.2121759259259259 0.0466691468253968 0.04353835978835977
0 0.7441765873015873 0.7034457671957671 0.039608134920634974 0.062377645502645386
0 0.5883953373015872 0.6891567460317461 0.038960813492063595 0.0547189153439153
0 0.4006969246031746 0.6649107142857141 0.0583953373015873 0.056587301587301596
0 0.15134672619047618 0.35285052910052905 0.03553819444444445 0.0336706349206349
0 0.5137003968253967 0.24744378306878304 0.017194940476190412 0.021177248677248645
0 0.5104489087301587 0.48651455026455026 0.01885912698412695 0.020942460317460387
0 0.4309523809523809 0.19375992063492062 0.03341269841269845 0.04741402116402119
0 0.36952132936507937 0.3310085978835979 0.019156746031745997 0.026296296296296262
0 0.4811954365079365 0.5652083333333333 0.040486111111111 0.03282076719576713
0 0.4847247023809524 0.7732969576719575 0.03413938492063495 0.06273809523809515
0 0.8965972222222222 0.1914451058201058 0.03773809523809524 0.038544973544973514
0 0.7830357142857142 0.7911177248677248 0.04382192460317458 0.05413690476190484
0 0.4164335317460317 0.31049272486772483 0.044446924603174565 0.06063161375661378
0 0.7232142857142857 0.21277447089947088 0.034226190476190466 0.04812830687830686
0 0.5591393849206349 0.41069113756613757 0.05951636904761903 0.06276785714285715
0 0.6060763888888888 0.3064880952380952 0.03267609126984117 0.05939814814814818
0 0.2784499007936508 0.21017526455026456 0.018544146825396846 0.028984788359788387
0 0.9450917658730158 0.6859027777777778 0.03788938492063498 0.04254629629629628
0 0.2911780753968254 0.7556382275132275 0.04173363095238092 0.05554563492063499
0 0.9169221230158731 0.358584656084656 0.05304811507936513 0.041402116402116405
0 0.3474751984126984 0.198125 0.013018353174603203 0.011392195767195782
0 0.40733878968253967 0.579589947089947 0.048164682539682535 0.07941468253968258
0 0.7390376984126984 0.2813326719576719 0.012405753968254052 0.017731481481481515
0 0.6533556547619047 0.7303835978835979 0.023663194444444535 0.02303240740740738
0 0.4367088293650793 0.21920634920634918 0.023988095238095197 0.022086640211640196
0 0.7706374007936507 0.6524074074074074 0.02111855158730158 0.03241071428571433
0 0.7619692460317461 0.20041666666666666 0.013926091269841345 0.018766534391534417
0 0.09174107142857142 0.2771626984126984 0.04931547619047619 0.07618386243386244
0 0.28061507936507935 0.2923280423280423 0.04780257936507937 0.07126653439153441
0 0.262594246031746 0.18756283068783072 0.027693452380952333 0.02856150793650795
0 0.2040500992063492 0.34353174603174597 0.05888144841269838 0.10029100529100532
0 0.37193700396825397 0.26569113756613755 0.0682713293650794 0.05289682539682539
0 0.46279513888888885 0.24419973544973547 0.039337797619047654 0.050515873015873014
0 0.4308159722222222 0.26095568783068784 0.03832341269841266 0.05966600529100526
0 0.47155009920634916 0.3343882275132275 0.04568204365079365 0.0556051587301587
0 0.9136086309523809 0.41830687830687835 0.03653025793650788 0.05129629629629632
0 0.9070188492063491 0.47967923280423275 0.022219742063491976 0.018888888888888882
0 0.8735962301587301 0.5534953703703703 0.019017857142857197 0.022913359788359806
0 0.8731249999999999 0.6155291005291005 0.015064484126984024 0.030988756613756625
0 0.946937003968254 0.5974404761904762 0.012805059523809614 0.015906084656084712
0 0.8717435515873015 0.7131845238095238 0.02114583333333342 0.02387566137566151
0 0.8183928571428571 0.6961111111111111 0.018430059523809605 0.01817791005291003
0 0.8017088293650793 0.6739880952380952 0.01610119047619052 0.02463293650793652
0 0.7259523809523809 0.6792890211640211 0.01629712301587305 0.012986111111111143
0 0.7133407738095238 0.7548148148148148 0.013578869047619069 0.017635582010581945
0 0.7555357142857143 0.75442791005291 0.02075892857142847 0.013237433862433848
0 0.7863839285714285 0.7471825396825397 0.008343253968253972 0.009093915343915349
0 0.569295634920635 0.7104563492063493 0.030069444444444482 0.03186507936507935
0 0.5459176587301586 0.7707473544973543 0.045396825396825324 0.05363756613756602
0 0.4548635912698412 0.7751256613756614 0.03709077380952386 0.029748677248677247
0 0.44934771825396824 0.7951719576719576 0.024114583333333384 0.027741402116402192
0 0.4388690476190476 0.5700826719576719 0.032375992063492065 0.06263888888888891
0 0.15538194444444445 0.6292294973544973 0.054811507936507964 0.09187499999999993
0 0.06882688492063492 0.7856415343915345 0.016956845238095236 0.018852513227513096
0 0.09066468253968253 0.7836177248677249 0.01326388888888888 0.009755291005290859
0 0.018586309523809522 0.7237400793650793 0.011150793650793654 0.018634259259259284
0 0.031502976190476185 0.6352810846560846 0.013566468253968247 0.017655423280423282
0 0.14164930555555555 0.4068419312169312 0.0153422619047619 0.02367724867724874
0 0.13048363095238094 0.434239417989418 0.01926091269841268 0.022556216931216937
0 0.10406249999999999 0.340489417989418 0.013124999999999998 0.014609788359788359
0 0.16142113095238095 0.3133267195767196 0.013635912698412689 0.014375000000000027
0 0.17488839285714283 0.31537367724867726 0.013978174603174576 0.022562830687830715
0 0.16355406746031748 0.26854828042328044 0.013467261904761885 0.017089947089947117
0 0.1831547619047619 0.26002314814814814 0.021307043650793667 0.01594907407407405
0 0.2425595238095238 0.247744708994709 0.008864087301587276 0.010482804232804233
0 0.25099702380952377 0.2708201058201058 0.020625000000000004 0.018908730158730142
0 0.21511656746031746 0.28161706349206345 0.0153422619047619 0.011412037037037045
0 0.40001984126984125 0.21215277777777775 0.017031250000000053 0.013346560846560829
0 0.3568179563492063 0.21326058201058198 0.012876984126984126 0.015562169312169324
0 0.5212028769841269 0.2872619047619047 0.017604166666666643 0.018819444444444427
0 0.5062400793650793 0.3049933862433862 0.012509920634920624 0.01326719576719578
0 0.5822495039682539 0.2456216931216931 0.016220238095238093 0.018551587301587274
0 0.565562996031746 0.24531084656084656 0.013886408730158672 0.01699735449735451
0 0.5874751984126984 0.20930224867724864 0.01529761904761906 0.027642195767195732
0 0.7955977182539682 0.22785052910052908 0.01852430555555551 0.023554894179894204
0 0.8062152777777777 0.20284391534391533 0.016264880952380878 0.0221329365079365
0 0.7931870039682539 0.1838558201058201 0.012499999999999956 0.01347883597883596
0 0.8513219246031746 0.2727248677248677 0.017018849206349218 0.012093253968253967
0 0.8308382936507936 0.29803902116402115 0.02153769841269848 0.022552910052910047
0 0.8431150793650793 0.32585648148148144 0.009940476190476222 0.017949735449735476
0 0.8553124999999999 0.32625992063492065 0.009940476190476222 0.01674603174603173
0 0.9013988095238095 0.27113095238095236 0.010543154761904816 0.024563492063492065
0 0.9265525793650794 0.2889054232804233 0.015362103174603181 0.017542989417989412
0 0.942063492063492 0.2789616402116402 0.015964781746031775 0.012916666666666687
0 0.9353621031746031 0.18876984126984128 0.012199900793650853 0.016078042328042292
0 0.9608903769841269 0.2303505291005291 0.01837549603174593 0.013690476190476216
0 0.96375248015873 0.2094609788359788 0.018675595238095255 0.014080687830687832
0 0.8080357142857142 0.4694312169312169 0.013377976190476204 0.02384259259259262
0 0.6939756944444444 0.5853637566137566 0.01554315476190471 0.021183862433862426
0 0.618172123015873 0.5233895502645503 0.015248015873015941 0.01688492063492057
0 0.5678794642857142 0.5247652116402116 0.012023809523809437 0.015724206349206387
0 0.56890625 0.6135482804232804 0.014662698412698516 0.022033730158730187
0 0.5262375992063492 0.5918419312169312 0.01671626984126995 0.022410714285714246
0 0.5431001984126984 0.4780257936507936 0.018767361111111214 0.022344576719576754
0 0.483422619047619 0.47313492063492063 0.01085069444444442 0.01569113756613764
0 0.3624578373015873 0.5142063492063492 0.01231646825396826 0.024322089947089953
0 0.3796130952380952 0.5122486772486772 0.012609126984126973 0.015717592592592606
0 0.39969990079365075 0.4750925925925926 0.01524801587301583 0.020390211640211636
0 0.20564980158730156 0.5420568783068783 0.020992063492063506 0.019679232804232782
0 0.3363541666666667 0.35007605820105825 0.015416666666666634 0.016180555555555493
0 0.13398313492063493 0.37237764550264546 0.0180406746031746 0.02580026455026448
0 0.27895585317460314 0.4370998677248677 0.01344742063492066 0.014431216931216925
0 0.3547222222222222 0.7091137566137565 0.01344742063492066 0.02230489417989408
0 0.17411706349206346 0.7441402116402117 0.015404265873015854 0.020539021164021065
0 0.2816815476190476 0.5654431216931217 0.0197371031746032 0.01823743386243389
0 0.07262896825396824 0.45117724867724857 0.013330853174603169 0.01454365079365072
0 0.20637152777777779 0.30193783068783064 0.015235615079365106 0.020314153439153475
0 0.2949280753968254 0.3618419312169312 0.036183035714285716 0.059788359788359724
0 0.22264632936507936 0.21329695767195767 0.01592757936507938 0.02677910052910056
0 0.19996527777777776 0.21006613756613757 0.017313988095238098 0.02123677248677251
0 0.36564980158730154 0.2885515873015873 0.01454365079365083 0.027701719576719592
0 0.38919642857142855 0.30228505291005286 0.016274801587301546 0.014080687830687832
0 0.48303323412698407 0.2660416666666667 0.01454365079365083 0.027470238095238075
0 0.4986135912698413 0.2843948412698412 0.01350446428571428 0.018005952380952372
0 0.6059548611111111 0.20925595238095238 0.016619543650793656 0.0334722222222222
0 0.6951165674603175 0.25496362433862435 0.015235615079365106 0.026084656084656082
0 0.9041716269841269 0.24365079365079365 0.0181795634920634 0.024239417989418015
0 0.9458953373015873 0.40535383597883595 0.01852430555555551 0.024007936507936496
0 0.7386607142857143 0.790628306878307 0.020255456349206336 0.01708333333333319
0 0.5814583333333333 0.7757374338624338 0.01956349206349217 0.02516203703703705
0 0.41542658730158727 0.7000231481481481 0.020602678571428612 0.019160052910052922
0 0.4082415674603174 0.6445072751322751 0.01696676587301582 0.025853174603174562
0 0.4663268849206349 0.6386177248677248 0.011599702380952426 0.01038690476190481
0 0.42131200396825397 0.7772387566137565 0.015062003968253967 0.02077711640211651
0 0.46518849206349205 0.27430886243386243 0.017757936507936556 0.01886243386243384
0 0.5777604166666667 0.370625 0.02197172619047616 0.018058862433862455
0 0.63109375 0.36865410052910047 0.01291418650793652 0.018905423280423328
0 0.5710218253968254 0.3464583333333333 0.014811507936507873 0.018399470899470877
0 0.4076463293650794 0.2469510582010582 0.01620535714285709 0.019242724867724863
0 0.30539682539682533 0.19999007936507937 0.01849950396825395 0.011147486772486781
0 0.6434176587301588 0.29157738095238095 0.015367063492063515 0.01790013227513228
0 0.5543005952380953 0.2814484126984127 0.009890873015873103 0.01271825396825399