0 0.4833984375 0.455078125 0.046223958333333336 0.0361328125
0 0.4674479166666667 0.552734375 0.041015625 0.03173828125
0 0.9072265625 0.50927734375 0.053385416666666664 0.0361328125
0 0.3583984375 0.54296875 0.04296875 0.03515625
0 0.0703125 0.541015625 0.057291666666666664 0.04052734375
0 0.15755208333333334 0.4599609375 0.034505208333333336 0.02197265625
0 0.06510416666666667 0.626220703125 0.028645833333333332 0.02392578125
0 0.13736979166666666 0.41357421875 0.026041666666666668 0.0146484375
0 0.2421875 0.510009765625 0.056640625 0.04443359375
0 0.15397135416666666 0.384765625 0.03515625 0.01904296875
0 0.3427734375 0.480224609375 0.051432291666666664 0.02978515625
0 0.21614583333333334 0.550048828125 0.052083333333333336 0.03857421875
0 0.7438151041666666 0.315185546875 0.046223958333333336 0.02734375
0 0.798828125 0.6123046875 0.035807291666666664 0.0283203125
0 0.7060546875 0.520751953125 0.042317708333333336 0.0185546875
0 0.283203125 0.400146484375 0.06770833333333333 0.04443359375
0 0.3912760416666667 0.330078125 0.044921875 0.033203125
0 0.4850260416666667 0.400634765625 0.08072916666666667 0.05859375
0 0.8587239583333334 0.4462890625 0.027994791666666668 0.02392578125
0 0.19563802083333334 0.466796875 0.022135416666666668 0.0146484375
0 0.20084635416666666 0.443359375 0.048828125 0.0361328125
0 0.4309895833333333 0.557373046875 0.037760416666666664 0.029296875
0 0.68359375 0.447509765625 0.0234375 0.01220703125
0 0.5888671875 0.44287109375 0.052083333333333336 0.033203125
0 0.3606770833333333 0.436279296875 0.018229166666666668 0.01123046875
0 0.5380859375 0.599853515625 0.016276041666666668 0.009765625
0 0.4440104166666667 0.478759765625 0.056640625 0.03369140625
0 0.9554036458333334 0.516845703125 0.030598958333333332 0.01953125
0 0.053059895833333336 0.357666015625 0.012369791666666666 0.01025390625
0 0.09733072916666667 0.557373046875 0.024739583333333332 0.01416015625
0 0.12044270833333333 0.476806640625 0.012369791666666666 0.01025390625
0 0.0615234375 0.41845703125 0.007161458333333333 0.0087890625
0 0.302734375 0.47314453125 0.016927083333333332 0.01611328125
0 0.3590494791666667 0.39990234375 0.013671875 0.009765625
0 0.7073567708333334 0.649658203125 0.012369791666666666 0.0126953125
0 0.7379557291666666 0.65966796875 0.016276041666666668 0.013671875
0 0.6376953125 0.5791015625 0.017578125 0.01416015625
0 0.6194661458333334 0.498291015625 0.020833333333333332 0.01220703125
0 0.970703125 0.62451171875 0.032552083333333336 0.025390625
0 0.9768880208333334 0.567626953125 0.046223958333333336 0.03564453125
0 0.9615885416666666 0.34375 0.016927083333333332 0.009765625
0 0.9430338541666666 0.297119140625 0.013020833333333334 0.0107421875
0 0.3837890625 0.357666015625 0.020182291666666668 0.0146484375