0 0.640625 0.807373046875 0.018880208333333332 0.01806640625
0 0.6689453125 0.284912109375 0.018880208333333332 0.0166015625
0 0.5315755208333334 0.48876953125 0.042317708333333336 0.04052734375
0 0.4059244791666667 0.37548828125 0.0390625 0.02880859375
0 0.7154947916666666 0.41943359375 0.018880208333333332 0.01513671875
0 0.265625 0.604248046875 0.037109375 0.02685546875
0 0.2620442708333333 0.28369140625 0.015625 0.0146484375
0 0.6676432291666666 0.677001953125 0.024088541666666668 0.021484375
0 0.5983072916666666 0.85205078125 0.025390625 0.0166015625
0 0.2718098958333333 0.94482421875 0.048177083333333336 0.0361328125
0 0.55078125 0.594970703125 0.017578125 0.01611328125
0 0.2659505208333333 0.845458984375 0.016276041666666668 0.0166015625
0 0.3623046875 0.780517578125 0.013020833333333334 0.0185546875
0 0.5771484375 0.296630859375 0.054036458333333336 0.052734375
0 0.44140625 0.851806640625 0.039713541666666664 0.03076171875
0 0.474609375 0.822265625 0.025390625 0.02001953125
0 0.6435546875 0.34326171875 0.020182291666666668 0.01513671875
0 0.6549479166666666 0.496337890625 0.021484375 0.0146484375
0 0.2333984375 0.95751953125 0.018229166666666668 0.01806640625
0 0.3248697916666667 0.494140625 0.018880208333333332 0.0146484375
0 0.701171875 0.379150390625 0.022786458333333332 0.01416015625
0 0.6328125 0.448486328125 0.027994791666666668 0.02197265625
0 0.7119140625 0.9150390625 0.033203125 0.0302734375
0 0.6546223958333334 0.7724609375 0.014973958333333334 0.01416015625
0 0.5423177083333334 0.176513671875 0.017578125 0.013671875
0 0.7125651041666666 0.64501953125 0.022135416666666668 0.01806640625
0 0.3212890625 0.779296875 0.013020833333333334 0.013671875
0 0.7096354166666666 0.59912109375 0.01953125 0.01416015625
0 0.28515625 0.902099609375 0.01171875 0.01123046875
0 0.3912760416666667 0.651123046875 0.013671875 0.01416015625
0 0.6357421875 0.92041015625 0.013671875 0.01123046875
0 0.3307291666666667 0.92041015625 0.011067708333333334 0.0126953125
0 0.6692708333333334 0.633056640625 0.012369791666666666 0.0126953125
0 0.4899088541666667 0.935546875 0.018229166666666668 0.01171875
0 0.67578125 0.794921875 0.01171875 0.01025390625
0 0.3818359375 0.29345703125 0.014322916666666666 0.01171875
0 0.2978515625 0.673095703125 0.016276041666666668 0.0107421875
0 0.6429036458333334 0.8583984375 0.009765625 0.00927734375
0 0.4638671875 0.34521484375 0.011067708333333334 0.01025390625
0 0.2731119791666667 0.666259765625 0.0234375 0.017578125
0 0.5947265625 0.90673828125 0.013020833333333334 0.01318359375
0 0.5712890625 0.75146484375 0.014973958333333334 0.01171875
0 0.5048828125 0.74169921875 0.009114583333333334 0.009765625
0 0.7112630208333334 0.6162109375 0.016276041666666668 0.013671875
0 0.52734375 0.253173828125 0.014973958333333334 0.01025390625
0 0.65234375 0.517822265625 0.017578125 0.01123046875
0 0.2646484375 0.23681640625 0.013671875 0.01123046875
0 0.4866536458333333 0.9091796875 0.013671875 0.00927734375
0 0.6754557291666666 0.93896484375 0.015625 0.01611328125
0 0.41796875 0.18505859375 0.013020833333333334 0.00927734375
0 0.302734375 0.48681640625 0.01171875 0.0107421875
0 0.4833984375 0.279541015625 0.014322916666666666 0.0087890625
0 0.4163411458333333 0.7958984375 0.012369791666666666 0.0087890625
0 0.5787760416666666 0.425537109375 0.012369791666666666 0.00927734375
0 0.361328125 0.23046875 0.013671875 0.00927734375
0 0.556640625 0.56494140625 0.012369791666666666 0.0087890625
0 0.53515625 0.27783203125 0.029947916666666668 0.03173828125
0 0.3912760416666667 0.603271484375 0.013020833333333334 0.01025390625
0 0.7275390625 0.37548828125 0.016927083333333332 0.0126953125
0 0.6764322916666666 0.57470703125 0.013671875 0.01123046875
0 0.7141927083333334 0.31591796875 0.009765625 0.00927734375
0 0.4905598958333333 0.53515625 0.011067708333333334 0.00927734375
0 0.3157552083333333 0.726806640625 0.010416666666666666 0.00927734375
0 0.5052083333333334 0.23046875 0.010416666666666666 0.0087890625
0 0.4166666666666667 0.987548828125 0.021484375 0.0126953125
0 0.6005859375 0.256591796875 0.008463541666666666 0.00830078125
0 0.7145182291666666 0.29443359375 0.008463541666666666 0.01025390625
0 0.361328125 0.179443359375 0.009114583333333334 0.00732421875
0 0.4521484375 0.169921875 0.009765625 0.0087890625
0 0.3951822916666667 0.297607421875 0.013671875 0.01318359375
0 0.3518880208333333 0.3955078125 0.009765625 0.01171875
0 0.2978515625 0.59423828125 0.012369791666666666 0.0107421875
0 0.4404296875 0.6650390625 0.016927083333333332 0.00927734375
0 0.5234375 0.6884765625 0.014322916666666666 0.009765625
0 0.3779296875 0.79052734375 0.008463541666666666 0.01025390625
0 0.3111979166666667 0.718017578125 0.012369791666666666 0.01025390625
0 0.3151041666666667 0.853271484375 0.013671875 0.00927734375
0 0.2568359375 0.91796875 0.03125 0.02294921875
0 0.3121744791666667 0.9462890625 0.014973958333333334 0.01025390625
0 0.4580078125 0.91455078125 0.01171875 0.01220703125
0 0.4986979166666667 0.8642578125 0.012369791666666666 0.01025390625
0 0.44140625 0.8720703125 0.017578125 0.015625
0 0.4635416666666667 0.867919921875 0.020182291666666668 0.01171875
0 0.6490885416666666 0.95361328125 0.021484375 0.01513671875
0 0.6940104166666666 0.9208984375 0.021484375 0.02099609375
0 0.6569010416666666 0.734619140625 0.016927083333333332 0.01025390625
0 0.5921223958333334 0.5732421875 0.016927083333333332 0.0146484375
0 0.6087239583333334 0.543701171875 0.013671875 0.009765625
0 0.6878255208333334 0.48974609375 0.015625 0.00927734375
0 0.6038411458333334 0.460205078125 0.01953125 0.00927734375
0 0.7294921875 0.385498046875 0.013020833333333334 0.01171875
0 0.3382161458333333 0.2119140625 0.013671875 0.00927734375
0 0.7044270833333334 0.54052734375 0.020182291666666668 0.01318359375
0 0.2659505208333333 0.627197265625 0.024739583333333332 0.02001953125
0 0.6194661458333334 0.661376953125 0.014973958333333334 0.01416015625
0 0.4684244791666667 0.576904296875 0.013671875 0.00927734375
0 0.328125 0.521728515625 0.01171875 0.0068359375