0 0.7065013227513227 0.3750099206349206 0.027734788359788414 0.02069444444444446
0 0.25308862433862434 0.4943080357142856 0.029150132275132263 0.025357142857142856
0 0.382797619047619 0.3898040674603174 0.021970899470899436 0.016374007936507895
0 0.5340244708994709 0.3195436507936508 0.026564153439153415 0.023514384920634956
0 0.46918320105820105 0.5960540674603174 0.03768849206349204 0.030942460317460396
0 0.6228935185185185 0.4605580357142857 0.04278108465608469 0.033603670634920646
0 0.4112996031746032 0.2131845238095238 0.03183201058201061 0.019156746031746053
0 0.2368121693121693 0.5893526785714285 0.047251984126984135 0.04139632936507942
0 0.32311838624338624 0.24571924603174602 0.027691798941798924 0.024151785714285723
0 0.560896164021164 0.37546626984126985 0.02181547619047623 0.01805059523809527
0 0.3386673280423281 0.942921626984127 0.018045634920634896 0.019967757936507846
0 0.33196759259259256 0.4231770833333333 0.019537037037037058 0.015022321428571406
0 0.43658399470899467 0.5023561507936508 0.022556216931216937 0.027284226190476213
0 0.3402513227513228 0.32135416666666666 0.02559193121693119 0.021560019841269873
0 0.2721064814814815 0.6497470238095239 0.054027777777777786 0.04999503968253971
0 0.44739087301587305 0.26043402777777774 0.04068783068783066 0.0321602182539682
0 0.356683201058201 0.9321155753968253 0.022503306878306855 0.01548611111111109
0 0.43969907407407405 0.3694593253968254 0.022113095238095237 0.015285218253968225
0 0.4767791005291005 0.9420560515873015 0.03796957671957676 0.04074900793650804
0 0.585459656084656 0.8486061507936508 0.03688822751322748 0.03191220238095238
0 0.39139550264550255 0.8981746031746032 0.023501984126984194 0.019764384920634814
0 0.41881283068783065 0.8669469246031746 0.026769179894179967 0.03766121031746028
0 0.43660383597883595 0.8588690476190476 0.02056547619047618 0.021011904761904843
0 0.31517195767195766 0.9068650793650793 0.032318121693121725 0.02588541666666666
0 0.2412334656084656 0.8937648809523808 0.024156746031746 0.018789682539682495
0 0.34308201058201054 0.7626488095238095 0.018931878306878296 0.022485119047618962
0 0.36952380952380953 0.7696304563492063 0.015667989417989414 0.010969742063491994
0 0.24205026455026454 0.7627728174603174 0.015995370370370354 0.013425099206349156
0 0.23878637566137564 0.7919171626984127 0.025135582010582008 0.016835317460317523
0 0.2180588624338624 0.7293477182539683 0.016322751322751294 0.02445436507936516
0 0.22540013227513225 0.5289558531746031 0.040376984126984095 0.027333829365079332
0 0.6775859788359787 0.5447296626984126 0.02986772486772497 0.026480654761904754
0 0.6330588624338623 0.5109126984126984 0.01714616402116409 0.013638392857142856
0 0.6726091269841269 0.5183829365079364 0.014381613756613731 0.011143353174603243
0 0.5628108465608466 0.5297941468253968 0.012721560846560879 0.010721726190476177
0 0.49533068783068784 0.5318675595238095 0.021570767195767154 0.013209325396825289
0 0.5702777777777778 0.5414136904761905 0.00995701058201052 0.008224206349206398
0 0.4447189153439153 0.8046378968253969 0.056418650793650826 0.061736111111111214
0 0.4635251322751323 0.8359747023809524 0.01991402116402119 0.023955853174603137
0 0.5415145502645502 0.8042286706349207 0.016593915343915338 0.013598710317460405
0 0.5706977513227512 0.7181473214285714 0.03291666666666663 0.01816468253968262
0 0.6073379629629628 0.7631473214285714 0.01880621693121694 0.012795138888888946
0 0.5979596560846561 0.9817956349206348 0.03704365079365083 0.013573908730158735
0 0.5147486772486772 0.9349231150793651 0.018799603174603163 0.017750496031746055
0 0.2593088624338624 0.4292485119047619 0.026537698412698447 0.014809027777777817
0 0.41594576719576715 0.33949156746031744 0.020234788359788425 0.01248015873015873
0 0.492662037037037 0.32489335317460316 0.019791666666666725 0.010319940476190448
0 0.4570833333333333 0.32631200396825394 0.017566137566137563 0.009484126984126928
0 0.45775132275132274 0.3163888888888889 0.020234788359788425 0.010362103174603177
0 0.31522156084656083 0.28848214285714285 0.018055555555555564 0.014357638888888857
0 0.26933201058201056 0.25250248015873017 0.014295634920634903 0.012403273809523774
0 0.39779100529100525 0.2465749007936508 0.020687830687830644 0.015230654761904772
0 0.507063492063492 0.26056547619047615 0.016550925925925924 0.01546130952380953
0 0.49371031746031746 0.25506200396825396 0.010155423280423292 0.012924107142857189
0 0.5066865079365079 0.22543154761904763 0.017304894179894188 0.013506944444444446
0 0.6627017195767194 0.2065203373015873 0.02208664021164027 0.0169097222222222
0 0.2794312169312169 0.22565228174603175 0.024427910052910045 0.018320932539682533
0 0.4198611111111111 0.19586061507936509 0.015727513227513274 0.010877976190476202
0 0.30496362433862434 0.2258878968253968 0.015115740740740735 0.015778769841269857
0 0.35990740740740734 0.39593501984126983 0.026144179894179942 0.016086309523809517
0 0.28566137566137567 0.3949404761904762 0.016954365079365097 0.012254464285714306
0 0.6537400793650794 0.36774801587301587 0.018587962962962983 0.01210317460317456
0 0.6401554232804232 0.3664459325396825 0.015932539682539677 0.01041666666666663
0 0.7134854497354497 0.3954761904761904 0.029821428571428516 0.016086309523809517
0 0.42047288359788354 0.5917212301587301 0.019814814814814802 0.012715773809523823
0 0.28989417989417987 0.5114930555555556 0.014527116402116421 0.011049107142857117
0 0.3097123015873016 0.4667485119047619 0.01763888888888891 0.011827876984127017
0 0.23356812169312166 0.8479712301587301 0.01773809523809522 0.012261904761904807
0 0.2505621693121693 0.8757787698412698 0.028458994708994673 0.013963293650793629
0 0.2881712962962963 0.9133382936507936 0.032757936507936534 0.031024305555555465
0 0.6200661375661375 0.9888169642857142 0.013048941798941746 0.011659226190476213
0 0.6983564814814814 0.923125 0.014712301587301488 0.019779265873015817
0 0.4630720899470899 0.4635912698412698 0.0249867724867725 0.011867559523809468
0 0.43156084656084653 0.45234871031746027 0.019156746031746035 0.013117559523809552
0 0.5351157407407408 0.40956101190476185 0.01526785714285713 0.014575892857142891
0 0.5262665343915344 0.937765376984127 0.011233465608465535 0.01198908730158732
0 0.21953042328042327 0.7545808531746031 0.013872354497354467 0.012467757936508006
0 0.26744708994708993 0.5006919642857143 0.020876322751322746 0.015282738095238058
0 0.3322321428571428 0.38276537698412694 0.014923941798941817 0.00691964285714286
0 0.26308862433862434 0.4118849206349206 0.020162037037037006 0.011927083333333366
0 0.24051587301587304 0.4062425595238095 0.013062169312169303 0.010860615079365088
0 0.3746858465608465 0.5647991071428571 0.011643518518518489 0.009796626984126977
0 0.6011474867724867 0.8681770833333332 0.028964947089947124 0.018529265873015843
0 0.6768220899470899 0.8573139880952381 0.017321428571428637 0.011713789682539666
0 0.6762533068783069 0.8024751984126983 0.011643518518518489 0.016185515873015976
0 0.2910615079365079 0.6987574404761904 0.011359126984126963 0.013630952380952355
0 0.6472883597883597 0.6377405753968254 0.02186507936507942 0.017676091269841265
0 0.7321957671957672 0.46832341269841266 0.01561838624338622 0.011500496031746077
0 0.6360747354497355 0.2646155753968254 0.02442129629629634 0.022361111111111165