0 0.4036458333333333 0.513916015625 0.045572916666666664 0.025390625
0 0.24153645833333334 0.490966796875 0.044270833333333336 0.0234375
0 0.12141927083333333 0.596923828125 0.017578125 0.01513671875
0 0.6507161458333334 0.400146484375 0.038411458333333336 0.029296875
0 0.6474609375 0.626953125 0.039713541666666664 0.0263671875
0 0.650390625 0.55126953125 0.030598958333333332 0.0205078125
0 0.4007161458333333 0.3115234375 0.029947916666666668 0.017578125
0 0.10546875 0.348388671875 0.014973958333333334 0.01171875
0 0.5472005208333334 0.55615234375 0.035807291666666664 0.02392578125
0 0.010091145833333334 0.56591796875 0.020182291666666668 0.01953125
0 0.2565104166666667 0.517578125 0.017578125 0.0087890625
0 0.09830729166666667 0.642822265625 0.016276041666666668 0.00927734375
0 0.3141276041666667 0.542236328125 0.016276041666666668 0.01025390625
0 0.5354817708333334 0.3935546875 0.0390625 0.02392578125
0 0.8173828125 0.600830078125 0.022786458333333332 0.01416015625
0 0.009440104166666666 0.526123046875 0.018229166666666668 0.01220703125
0 0.7408854166666666 0.377197265625 0.022135416666666668 0.01025390625
0 0.9615885416666666 0.5595703125 0.01953125 0.0185546875
0 0.744140625 0.395751953125 0.018880208333333332 0.0107421875
0 0.4544270833333333 0.604736328125 0.015625 0.009765625
0 0.028971354166666668 0.4912109375 0.016927083333333332 0.0126953125
0 0.5071614583333334 0.36865234375 0.015625 0.01123046875
0 0.16764322916666666 0.525634765625 0.016276041666666668 0.00830078125
0 0.1474609375 0.356689453125 0.016276041666666668 0.01220703125
0 0.007486979166666667 0.331298828125 0.014973958333333334 0.02197265625
0 0.2197265625 0.630126953125 0.014973958333333334 0.009765625
0 0.22493489583333334 0.64404296875 0.017578125 0.0087890625
0 0.3505859375 0.573486328125 0.020833333333333332 0.013671875
0 0.2639973958333333 0.666748046875 0.009765625 0.0068359375
0 0.5611979166666666 0.496826171875 0.008463541666666666 0.0078125
0 0.7073567708333334 0.53759765625 0.022135416666666668 0.01123046875
0 0.8486328125 0.60546875 0.016927083333333332 0.01220703125
0 0.9977213541666666 0.576171875 0.004557291666666667 0.01171875
0 0.72265625 0.32861328125 0.016276041666666668 0.01220703125
0 0.80078125 0.33349609375 0.01171875 0.009765625
0 0.7802734375 0.359130859375 0.014322916666666666 0.00927734375
0 0.6640625 0.324462890625 0.01171875 0.009765625
0 0.22526041666666666 0.33935546875 0.017578125 0.00732421875
0 0.16634114583333334 0.386962890625 0.014973958333333334 0.00927734375
0 0.4114583333333333 0.5556640625 0.014973958333333334 0.009765625
0 0.13118489583333334 0.338623046875 0.018880208333333332 0.01513671875