0 0.6742724867724866 0.45126488095238093 0.048941798941799064 0.05183531746031744
0 0.7733134920634921 0.06919642857142856 0.03802910052910047 0.03373015873015872
0 0.8316798941798941 0.7418154761904762 0.05753968253968248 0.05654761904761907
0 0.9264219576719577 0.285094246031746 0.03472222222222232 0.02504960317460314
0 0.45089285714285715 0.1362847222222222 0.05522486772486775 0.04092261904761907
0 0.7336309523809524 0.050967261904761904 0.03472222222222232 0.022569444444444448
0 0.5076058201058201 0.5797371031746031 0.047619047619047596 0.03546626984126977
0 0.3819444444444444 0.25049603174603174 0.022486772486772555 0.016865079365079416
0 0.8253306878306877 0.6069394841269841 0.08386574074074075 0.04593998015873013
0 0.7015542328042327 0.20225694444444442 0.030753968253968367 0.03447420634920634
0 0.9163359788359787 0.1240079365079365 0.04298941798941799 0.04166666666666666
0 0.7359457671957671 0.7836061507936507 0.026785714285714413 0.02703373015873023
0 0.5610119047619048 0.021577380952380952 0.02281746031746031 0.014384920634920632
0 0.4750330687830688 0.17311507936507936 0.026785714285714263 0.02132936507936506
0 0.759755291005291 0.1728670634920635 0.01752645502645489 0.017361111111111105
0 0.6020171957671957 0.2041170634920635 0.026124338624338606 0.02331349206349209
0 0.7470238095238094 0.26103670634920634 0.02116402116402109 0.016121031746031744
0 0.8971560846560847 0.7223462301587301 0.017857142857142943 0.017609126984126977
0 0.796792328042328 0.015997023809523808 0.024801587301587286 0.01860119047619048
0 0.7923280423280423 0.24553571428571427 0.015211640211640306 0.01686507936507936
0 0.966765873015873 0.4456845238095238 0.025462962962963093 0.01736111111111116
0 0.22982804232804233 0.23524305555555555 0.037037037037037056 0.023561507936507964
0 0.8058862433862434 0.36160714285714285 0.015873015873015817 0.014384920634920584
0 0.9809854497354497 0.6192956349206349 0.033399470899471005 0.018849206349206282
0 0.9302248677248676 0.48561507936507936 0.01322751322751318 0.017857142857142905
0 0.17212301587301584 0.644345238095238 0.02215608465608465 0.017857142857142794
0 0.46617394179894184 0.11267857142857142 0.022199074074074066 0.012487599206349204