0 0.470947265625 0.5807291666666666 0.0322265625 0.045572916666666664
0 0.390380859375 0.5403645833333334 0.0283203125 0.038411458333333336
0 0.381103515625 0.69921875 0.017578125 0.022135416666666668
0 0.598388671875 0.5494791666666666 0.01708984375 0.0234375
0 0.56982421875 0.7740885416666666 0.02001953125 0.026692708333333332
0 0.426513671875 0.353515625 0.02685546875 0.029947916666666668
0 0.366943359375 0.3330078125 0.01953125 0.046223958333333336
0 0.622314453125 0.4029947916666667 0.03076171875 0.036458333333333336
0 0.6123046875 0.3531901041666667 0.0283203125 0.027994791666666668
0 0.629638671875 0.22591145833333334 0.02294921875 0.018229166666666668
0 0.5712890625 0.3046875 0.0185546875 0.01953125
0 0.569091796875 0.25390625 0.015625 0.020182291666666668
0 0.5869140625 0.337890625 0.0244140625 0.025390625
0 0.333984375 0.59765625 0.01513671875 0.022786458333333332
0 0.505859375 0.3619791666666667 0.015625 0.01953125
0 0.631591796875 0.017578125 0.017578125 0.026692708333333332
0 0.596923828125 0.427734375 0.01806640625 0.025390625
0 0.508056640625 0.490234375 0.01123046875 0.014322916666666666
0 0.57958984375 0.09309895833333333 0.0185546875 0.024088541666666668
0 0.3232421875 0.41015625 0.017578125 0.027994791666666668
0 0.49169921875 0.2526041666666667 0.017578125 0.022135416666666668
0 0.608154296875 0.21614583333333334 0.02001953125 0.029947916666666668
0 0.3603515625 0.287109375 0.01171875 0.016927083333333332
0 0.376708984375 0.2838541666666667 0.01904296875 0.0234375
0 0.5419921875 0.7513020833333334 0.02294921875 0.026692708333333332
0 0.3857421875 0.3248697916666667 0.02197265625 0.026692708333333332
0 0.30908203125 0.2926432291666667 0.00830078125 0.01953125
0 0.385498046875 0.439453125 0.017578125 0.022135416666666668
0 0.33544921875 0.6227213541666666 0.0146484375 0.009765625
0 0.2998046875 0.09049479166666667 0.0224609375 0.029296875
0 0.627685546875 0.11979166666666667 0.0126953125 0.013671875
0 0.458740234375 0.150390625 0.017578125 0.022786458333333332
0 0.49072265625 0.17122395833333334 0.0146484375 0.015625
0 0.559814453125 0.05859375 0.0107421875 0.018880208333333332
0 0.581787109375 0.028971354166666668 0.01171875 0.022786458333333332
0 0.30029296875 0.11848958333333333 0.0126953125 0.013671875
0 0.436279296875 0.2858072916666667 0.0078125 0.013671875
0 0.279296875 0.00390625 0.017578125 0.0078125
0 0.605712890625 0.08528645833333333 0.0263671875 0.02734375
0 0.442626953125 0.004557291666666667 0.01611328125 0.009114583333333334
0 0.585205078125 0.134765625 0.0107421875 0.014322916666666666
0 0.3623046875 0.2392578125 0.01416015625 0.016927083333333332
0 0.349365234375 0.46875 0.01220703125 0.025390625
0 0.299560546875 0.3668619791666667 0.01416015625 0.014973958333333334
0 0.302978515625 0.4912109375 0.0126953125 0.026692708333333332
0 0.591064453125 0.6533203125 0.01171875 0.014973958333333334
0 0.59521484375 0.6637369791666666 0.01318359375 0.018880208333333332
0 0.334716796875 0.38671875 0.0087890625 0.018229166666666668
0 0.301513671875 0.3981119791666667 0.00830078125 0.01171875
0 0.33544921875 0.3658854166666667 0.0087890625 0.009114583333333334
0 0.32373046875 0.3219401041666667 0.0087890625 0.007161458333333333
0 0.3271484375 0.5546875 0.01806640625 0.009114583333333334
0 0.41357421875 0.037760416666666664 0.041015625 0.057291666666666664
0 0.485595703125 0.1025390625 0.03759765625 0.048828125
0 0.5595703125 0.119140625 0.0107421875 0.012369791666666666
0 0.559326171875 0.10514322916666667 0.009765625 0.01953125
0 0.2958984375 0.0035807291666666665 0.0166015625 0.007161458333333333
0 0.38623046875 0.1103515625 0.00927734375 0.012369791666666666
0 0.570068359375 0.7535807291666666 0.0107421875 0.011067708333333334
0 0.304443359375 0.8792317708333334 0.0126953125 0.016927083333333332
0 0.486572265625 0.4033203125 0.01123046875 0.016927083333333332
0 0.434814453125 0.16569010416666666 0.01025390625 0.021484375
0 0.343994140625 0.08268229166666667 0.0126953125 0.016927083333333332
0 0.343017578125 0.09928385416666667 0.0166015625 0.026041666666666668
0 0.438720703125 0.042643229166666664 0.00732421875 0.02734375
0 0.631591796875 0.466796875 0.0126953125 0.016927083333333332
0 0.376953125 0.7796223958333334 0.0146484375 0.032552083333333336
0 0.44873046875 0.6305338541666666 0.005859375 0.012369791666666666
0 0.388671875 0.22623697916666666 0.02099609375 0.024088541666666668
0 0.400390625 0.13151041666666666 0.01220703125 0.016276041666666668