0 0.3984375 0.9000651041666666 0.0380859375 0.0546875
0 0.44091796875 0.5013020833333334 0.017578125 0.026041666666666668
0 0.37841796875 0.4541015625 0.0244140625 0.029296875
0 0.5009765625 0.3828125 0.01708984375 0.041015625
0 0.569091796875 0.8720703125 0.02197265625 0.028645833333333332
0 0.645751953125 0.5078125 0.0185546875 0.026041666666666668
0 0.72265625 0.7763671875 0.01318359375 0.018229166666666668
0 0.577392578125 0.7692057291666666 0.041015625 0.060546875
0 0.646240234375 0.8740234375 0.0234375 0.029947916666666668
0 0.396240234375 0.8509114583333334 0.013671875 0.038411458333333336
0 0.608642578125 0.4583333333333333 0.03515625 0.044270833333333336
0 0.42333984375 0.21907552083333334 0.02099609375 0.03125
0 0.60595703125 0.6477864583333334 0.0361328125 0.039713541666666664
0 0.590087890625 0.2962239583333333 0.02001953125 0.02734375
0 0.57373046875 0.5364583333333334 0.021484375 0.026041666666666668
0 0.71630859375 0.4625651041666667 0.01171875 0.020833333333333332
0 0.653076171875 0.4817708333333333 0.0166015625 0.03125
0 0.536376953125 0.9931640625 0.01123046875 0.013671875
0 0.6005859375 0.18196614583333334 0.02099609375 0.031901041666666664
0 0.372314453125 0.5283203125 0.0107421875 0.022786458333333332
0 0.65185546875 0.833984375 0.0185546875 0.020833333333333332
0 0.6787109375 0.2708333333333333 0.01123046875 0.018880208333333332
0 0.72412109375 0.9537760416666666 0.009765625 0.0234375
0 0.53369140625 0.8597005208333334 0.0166015625 0.022786458333333332
0 0.65771484375 0.9596354166666666 0.01171875 0.012369791666666666
0 0.59716796875 0.13997395833333334 0.025390625 0.030598958333333332
0 0.513427734375 0.203125 0.0166015625 0.028645833333333332
0 0.562744140625 0.681640625 0.0107421875 0.012369791666666666
0 0.616455078125 0.4222005208333333 0.01513671875 0.024739583333333332
0 0.466552734375 0.7893880208333334 0.02197265625 0.020833333333333332
0 0.590087890625 0.5670572916666666 0.01171875 0.007161458333333333
0 0.657958984375 0.3629557291666667 0.015625 0.022786458333333332
0 0.64599609375 0.6217447916666666 0.0185546875 0.018880208333333332
0 0.549072265625 0.341796875 0.01318359375 0.015625
0 0.53076171875 0.2897135416666667 0.013671875 0.011067708333333334
0 0.54736328125 0.099609375 0.01123046875 0.016927083333333332
0 0.47021484375 0.21907552083333334 0.01953125 0.016927083333333332
0 0.4296875 0.14388020833333334 0.0146484375 0.014322916666666666
0 0.483642578125 0.4423828125 0.01123046875 0.009114583333333334
0 0.55224609375 0.5680338541666666 0.015625 0.013671875
0 0.493896484375 0.6119791666666666 0.0146484375 0.015625
0 0.513427734375 0.681640625 0.01513671875 0.012369791666666666
0 0.517822265625 0.8225911458333334 0.0087890625 0.014322916666666666
0 0.63037109375 0.9781901041666666 0.0107421875 0.010416666666666666
0 0.607666015625 0.9303385416666666 0.01123046875 0.015625
0 0.61083984375 0.8779296875 0.00927734375 0.009765625
0 0.7158203125 0.6171875 0.01220703125 0.016927083333333332
0 0.70849609375 0.5452473958333334 0.0087890625 0.016276041666666668
0 0.70263671875 0.5647786458333334 0.00830078125 0.021484375
0 0.695068359375 0.4326171875 0.01123046875 0.014973958333333334
0 0.684326171875 0.4964192708333333 0.01025390625 0.011067708333333334
0 0.66796875 0.4703776041666667 0.0146484375 0.018229166666666668
0 0.697021484375 0.4124348958333333 0.013671875 0.01953125
0 0.7041015625 0.3313802083333333 0.0166015625 0.021484375
0 0.72509765625 0.3740234375 0.0126953125 0.012369791666666666
0 0.72265625 0.3590494791666667 0.0078125 0.014973958333333334
0 0.714599609375 0.2897135416666667 0.00927734375 0.009114583333333334
0 0.70361328125 0.3089192708333333 0.0166015625 0.021484375
0 0.694091796875 0.205078125 0.0146484375 0.015625
0 0.6669921875 0.21842447916666666 0.01220703125 0.017578125
0 0.685302734375 0.09342447916666667 0.0107421875 0.013020833333333334
0 0.67529296875 0.1533203125 0.01025390625 0.01171875
0 0.654052734375 0.12467447916666667 0.01025390625 0.010416666666666666
0 0.547607421875 0.17805989583333334 0.00927734375 0.009765625
0 0.49755859375 0.16927083333333334 0.00830078125 0.013020833333333334
0 0.5263671875 0.1953125 0.009765625 0.013671875
0 0.368896484375 0.9163411458333334 0.00732421875 0.013020833333333334
0 0.431884765625 0.9241536458333334 0.02685546875 0.037109375
0 0.361083984375 0.328125 0.01953125 0.029296875
0 0.396484375 0.666015625 0.013671875 0.016927083333333332
0 0.716064453125 0.9524739583333334 0.01123046875 0.020833333333333332
0 0.6083984375 0.7652994791666666 0.017578125 0.021484375
0 0.683349609375 0.609375 0.01806640625 0.0234375
0 0.592041015625 0.5582682291666666 0.009765625 0.014322916666666666
0 0.65576171875 0.4046223958333333 0.0185546875 0.025390625
0 0.41552734375 0.07356770833333333 0.009765625 0.014973958333333334