0 0.603505291005291 0.529265873015873 0.029761904761904805 0.034226190476190466
0 0.5557208994708994 0.43799603174603174 0.02876984126984124 0.030753968253968256
0 0.5028108465608465 0.43303571428571425 0.053240740740740776 0.04712301587301593
0 0.33101851851851843 0.5205853174603174 0.03835978835978837 0.03472222222222232
0 0.701223544973545 0.4324156746031746 0.039351851851851784 0.03745039682539686
0 0.2814153439153439 0.5367063492063492 0.031084656084656048 0.03472222222222232
0 0.6779100529100529 0.378844246031746 0.05820105820105829 0.053323412698412676
0 0.5049603174603174 0.3427579365079365 0.047619047619047596 0.0401785714285714
0 0.3311838624338624 0.6257440476190476 0.04530423280423287 0.04365079365079372
0 0.6028439153439152 0.6321031746031746 0.029761904761904805 0.025119047619047707
0 0.4895833333333333 0.4739583333333333 0.03207671957671954 0.027281746031746046
0 0.4168320105820105 0.41393849206349204 0.04133597883597876 0.035218253968253954
0 0.6502976190476191 0.660094246031746 0.03538359788359783 0.0414186507936507
0 0.4568452380952381 0.5255456349206349 0.043981481481481545 0.04265873015873023
0 0.40922619047619047 0.314484126984127 0.04133597883597876 0.03323412698412698
0 0.5727513227513227 0.657986111111111 0.027116402116402167 0.025793650793650702
0 0.6496362433862434 0.5886656746031745 0.018187830687830697 0.015128968253968145
0 0.3116732804232804 0.27839781746031744 0.044642857142857206 0.036954365079365115
0 0.47536375661375657 0.6440972222222222 0.021494708994708994 0.02529761904761907
0 0.5248015873015873 0.5911458333333333 0.03902116402116403 0.03546626984126977
0 0.49520502645502645 0.7375992063492063 0.05919312169312171 0.04265873015873023
0 0.6808862433862434 0.7183779761904762 0.027116402116402167 0.03745039682539675
0 0.3265542328042328 0.6886160714285714 0.04927248677248682 0.03745039682539675
0 0.43452380952380953 0.7254464285714285 0.050264550264550234 0.034226190476190466
0 0.46494708994708994 0.5648561507936508 0.04629629629629628 0.043898809523809534
0 0.607473544973545 0.6821676587301587 0.050264550264550234 0.036954365079365115
0 0.626984126984127 0.4332837301587301 0.04100529100529101 0.029761904761904767
0 0.42956349206349204 0.691344246031746 0.05224867724867721 0.030505952380952328
0 0.5406746031746031 0.49714781746031744 0.03505291005291008 0.02951388888888884
0 0.3005952380952381 0.41133432539682535 0.047619047619047596 0.030505952380952328
0 0.2903439153439153 0.636656746031746 0.037037037037037056 0.03720238095238093
0 0.4239417989417989 0.45287698412698413 0.04695767195767194 0.04166666666666663
0 0.35648148148148145 0.31138392857142855 0.0145502645502645 0.014136904761904767
0 0.7065145502645502 0.5181051587301587 0.03670634920634915 0.03224206349206349
0 0.333994708994709 0.8160962301587301 0.01984126984126977 0.02703373015873023
0 0.7185846560846559 0.7357390873015872 0.022486772486772406 0.017609126984126977
0 0.28290343915343913 0.8036954365079365 0.026785714285714263 0.024553571428571397
0 0.529265873015873 0.650297619047619 0.03869047619047613 0.03571428571428581
0 0.6820436507936507 0.2755456349206349 0.02347883597883597 0.01835317460317465
0 0.433531746031746 0.3661954365079365 0.04695767195767194 0.03397817460317465
0 0.5725859788359788 0.7836061507936507 0.04662698412698418 0.048363095238095344
0 0.6479828042328042 0.29476686507936506 0.012896825396825426 0.01215277777777779
0 0.31977513227513227 0.7817460317460317 0.026455026455026436 0.029265873015873023
0 0.41914682539682535 0.5704365079365079 0.04133597883597876 0.03720238095238093
0 0.3921957671957672 0.7087053571428571 0.03174603174603178 0.031001984126984183
0 0.6099537037037036 0.751736111111111 0.0327380952380952 0.02331349206349209
0 0.5052910052910052 0.5219494047619048 0.029761904761904805 0.027529761904761862
0 0.6769179894179893 0.5905257936507936 0.03505291005291008 0.02430555555555558
0 0.6504629629629629 0.7442956349206349 0.06415343915343907 0.032738095238095344
0 0.5790343915343915 0.3430059523809524 0.03240740740740744 0.031746031746031744
0 0.5472883597883598 0.6168154761904762 0.015211640211640157 0.011904761904761862
0 0.6197089947089947 0.3370535714285714 0.05687830687830683 0.056051587301587324
0 0.414021164021164 0.6116071428571428 0.041666666666666664 0.035218253968253954
0 0.38227513227513227 0.3785962301587301 0.029100529100529144 0.028025793650793607
0 0.3368055555555555 0.3454861111111111 0.014880952380952403 0.009920634920634885
0 0.7311507936507936 0.8545386904761905 0.01851851851851845 0.017609126984126977
0 0.6236772486772486 0.8287450396825397 0.036375661375661394 0.035962301587301626
0 0.40327380952380953 0.5373263888888888 0.012235449735449766 0.013640873015873023
0 0.36921296296296297 0.544766865079365 0.026785714285714263 0.025545634920634885
0 0.6622023809523809 0.4324156746031746 0.03207671957671968 0.03447420634920639
0 0.2867063492063492 0.728546626984127 0.037037037037037056 0.03447420634920628
0 0.37797619047619047 0.5775049603174602 0.041666666666666664 0.03397817460317465
0 0.34540343915343913 0.4286954365079365 0.012896825396825426 0.012648809523809534
0 0.7270171957671957 0.7883184523809523 0.038690476190476275 0.04340277777777768
0 0.36640211640211634 0.2041170634920635 0.0145502645502645 0.01091269841269843
0 0.6547619047619047 0.8516865079365079 0.03769841269841271 0.03025793650793651
0 0.4981812169312169 0.650297619047619 0.014880952380952403 0.012400793650793718
0 0.33035714285714285 0.5856894841269841 0.01653439153439155 0.015128968253968145
0 0.3411044973544974 0.21118551587301587 0.01752645502645504 0.008184523809523836
0 0.3301917989417989 0.47172619047619047 0.014880952380952403 0.014384920634920584
0 0.7084986772486772 0.22581845238095236 0.028108465608465732 0.026041666666666685
0 0.6549272486772486 0.4818948412698412 0.02281746031746031 0.01835317460317465
0 0.6866732804232804 0.7709573412698413 0.012896825396825426 0.013144841269841168
0 0.4958664021164021 0.5868055555555555 0.012235449735449766 0.012896825396825351
0 0.5608465608465608 0.9011656746031745 0.03439153439153442 0.03993055555555558
0 0.716765873015873 0.6192956349206349 0.009589947089946982 0.009920634920634885
0 0.5854828042328042 0.4760664682539682 0.011574074074074106 0.00868055555555558
0 0.3014219576719576 0.8405257936507936 0.034722222222222245 0.029265873015873023
0 0.4761904761904761 0.38690476190476186 0.01984126984126977 0.02430555555555558
0 0.6782407407407408 0.32291666666666663 0.028439153439153486 0.02083333333333337
0 0.6888227513227513 0.25669642857142855 0.017195767195767136 0.015376984126984072
0 0.6218584656084656 0.7978670634920635 0.018187830687830697 0.01388888888888884
0 0.433531746031746 0.23040674603174602 0.017857142857142794 0.01438492063492064
0 0.7240410052910052 0.6068948412698413 0.010251322751322789 0.017857142857142794
0 0.5271164021164021 0.3907490079365079 0.010582010582010545 0.007688492063492092
0 0.6261574074074073 0.20287698412698413 0.01554232804232806 0.011408730158730174
0 0.46527777777777773 0.34697420634920634 0.015211640211640157 0.008928571428571397
0 0.6486441798941799 0.8198164682539683 0.012896825396825426 0.010664682539682557
0 0.6567460317460317 0.20374503968253968 0.017857142857142794 0.012648809523809534
0 0.626984126984127 0.47383432539682535 0.011243386243386203 0.009176587301587324
0 0.34540343915343913 0.5961061507936508 0.010912698412698449 0.013640873015873023
0 0.7389219576719577 0.4417162698412698 0.013558201058200936 0.012896825396825351
0 0.6727843915343915 0.6848958333333333 0.01620370370370357 0.014136904761904656
0 0.720734126984127 0.5880456349206349 0.01554232804232806 0.007936507936507908
0 0.34755291005291 0.38876488095238093 0.0145502645502645 0.010664682539682557
0 0.6228505291005291 0.7736855158730158 0.014219576719576743 0.010168650793650702
0 0.5307539682539683 0.5514632936507936 0.017195767195767136 0.01116071428571419
0 0.4661044973544974 0.316344246031746 0.03339947089947085 0.036954365079365115
0 0.7058531746031745 0.7604166666666666 0.0109126984126983 0.011904761904761862
0 0.5094576719576719 0.26179067460317457 0.028250661375661384 0.02844246031746034
0 0.5475727513227513 0.24669890873015873 0.018574735449735424 0.0168328373015873
0 0.5427380952380952 0.275141369047619 0.03521494708994707 0.026701388888888844
0 0.433994708994709 0.27964037698412697 0.02747685185185178 0.03221478174603176
0 0.2960383597883598 0.20374503968253968 0.02863756613756611 0.011029265873015892
0 0.2732076719576719 0.3318824404761905 0.022443783068783068 0.0171230158730159
0 0.3366699735449736 0.2749950396825397 0.036375661375661394 0.029893353174603177
0 0.3473115079365079 0.2860243055555555 0.009675925925925958 0.006676587301587267
0 0.6561210317460316 0.2687574404761905 0.010449735449735412 0.007547123015873014
0 0.7077843915343914 0.3591641865079365 0.0263161375661376 0.023509424603174622
0 0.5742757936507936 0.32317460317460317 0.02399140211640205 0.020607638888888835
0 0.5050066137566137 0.3749826388888889 0.03714947089947085 0.0197371031746032
0 0.45837632275132273 0.3810763888888889 0.029024470899470838 0.02496031746031746
0 0.37420634920634915 0.3652579365079365 0.02399140211640205 0.013060515873015821
0 0.3865906084656084 0.4141641865079365 0.024765211640211653 0.01915426587301583
0 0.47811177248677245 0.5209697420634921 0.026703042328042326 0.02960317460317463
0 0.3678240740740741 0.4182266865079365 0.011223544973545016 0.012189980158730185
0 0.644318783068783 0.39892609126984124 0.013931878306878254 0.011319444444444438
0 0.4289649470899471 0.19590773809523807 0.02050925925925921 0.008707837301587307
0 0.302228835978836 0.5939632936507937 0.039470899470899434 0.04730902777777768
0 0.4846891534391535 0.7107812499999999 0.04992063492063492 0.02437996031746037
0 0.5137136243386243 0.7119419642857143 0.02050925925925921 0.026701388888888955
0 0.40400462962962963 0.7839211309523809 0.048759920634920594 0.03947172619047623
0 0.5059722222222222 0.7882738095238095 0.03289351851851855 0.03482886904761906
0 0.28830026455026453 0.7593948412698412 0.03792328042328045 0.025830853174603208
0 0.3297056878306878 0.879407242063492 0.04566468253968248 0.027281746031746046
0 0.2906216931216931 0.9415178571428571 0.030185185185185166 0.022638888888888875
0 0.435542328042328 0.7652008928571428 0.04295304232804235 0.04672867063492059
0 0.7399007936507936 0.7399503968253968 0.02399140211640205 0.043824404761904745
0 0.6764384920634919 0.7921924603174603 0.017027116402116366 0.01248015873015862
0 0.7298412698412697 0.8155555555555556 0.024765211640211504 0.016252480158730265
0 0.6257440476190476 0.6878546626984127 0.018574735449735424 0.022058531746031784
0 0.3974272486772486 0.8960962301587301 0.03405423280423273 0.025250496031746117
0 0.4411541005291005 0.9255555555555556 0.043339947089947074 0.037150297619047645
0 0.3447982804232805 0.7750694444444444 0.017027116402116366 0.013640873015873023
0 0.2790112433862434 0.6804513888888888 0.023991402116402123 0.015381944444444517
0 0.39142857142857146 0.4695982142857143 0.01664021164021164 0.01044890873015869
0 0.39510582010582 0.47757936507936505 0.017027116402116366 0.007256944444444469
0 0.686306216931217 0.45726190476190476 0.014318783068783128 0.014801587301587316
0 0.3533101851851852 0.4003769841269841 0.016253306878306912 0.010158730158730145
0 0.6514781746031745 0.28051091269841266 0.022830687830687868 0.011319444444444438
0 0.6299999999999999 0.45769841269841266 0.020896164021164083 0.016252480158730154
0 0.6505092592592593 0.6864012896825397 0.01547949735449731 0.015672123015872952
0 0.6087169312169312 0.6454786706349206 0.016253306878306912 0.011029265873015781
0 0.6739219576719576 0.6460590277777777 0.013544973544973674 0.01044890873015869
0 0.7208763227513226 0.5508829365079364 0.012496693121692992 0.0144866071428571
0 0.6984358465608466 0.46450148809523806 0.014203042328042296 0.007028769841269877
0 0.555568783068783 0.3785441468253968 0.01874669312169308 0.011076388888888844
0 0.7284027777777777 0.2778918650793651 0.012781084656084593 0.008735119047619033
0 0.27721560846560844 0.23358134920634918 0.014768518518518533 0.010863095238095255
0 0.3372883597883598 0.36853174603174604 0.013349867724867792 0.013206845238095233
0 0.42462962962962963 0.3885565476190476 0.015337301587301658 0.009372519841269855