0 0.2518419312169312 0.4300892857142857 0.03866732804232805 0.02622271825396827
0 0.39443783068783067 0.22259424603174602 0.049007936507936556 0.0401860119047619
0 0.3256216931216931 0.330672123015873 0.01925925925925931 0.015997023809523836
0 0.6020436507936507 0.5926636904761904 0.013935185185185143 0.014186507936507997
0 0.24023148148148146 0.605282738095238 0.017119708994708976 0.011245039682539648
0 0.23269841269841265 0.47969742063492066 0.029179894179894195 0.02930059523809525
0 0.48518849206349207 0.622172619047619 0.019179894179894113 0.011609623015873094
0 0.6041269841269842 0.5641592261904762 0.010916005291005337 0.012681051587301484
0 0.2694312169312169 0.5611061507936508 0.010274470899470867 0.014471726190476097
0 0.3037367724867725 0.32403521825396825 0.015558862433862434 0.013608630952380962
0 0.2383994708994709 0.764422123015873 0.043412698412698424 0.03983382936507929
0 0.51255291005291 0.9290649801587301 0.04321097883597883 0.024890873015873005
0 0.5280621693121693 0.5407390873015874 0.050195105820105855 0.028960813492063586
0 0.3979398148148148 0.5042336309523809 0.028535052910052983 0.034766865079365106
0 0.33797949735449734 0.20974206349206348 0.023912037037037 0.019330357142857135
0 0.3630886243386244 0.18951388888888887 0.020992063492063433 0.01634176587301589
0 0.4617956349206349 0.17576388888888886 0.01859788359788365 0.015543154761904765
0 0.659484126984127 0.5541964285714286 0.013283730158730153 0.012356150793650711
0 0.6302546296296296 0.5964434523809524 0.012222222222222209 0.012752976190476106
0 0.6500496031746031 0.6347048611111111 0.015677910052910082 0.014747023809523752
0 0.4491765873015872 0.47856894841269837 0.015145502645502665 0.012953869047619082
0 0.44439484126984125 0.7691195436507936 0.023647486772486737 0.014548611111111054
0 0.2327579365079365 0.891875 0.02550925925925925 0.009764384920635027
0 0.31579034391534394 0.9401016865079364 0.017800925925925897 0.013350694444444366
0 0.20114087301587302 0.6982762896825396 0.014880952380952403 0.01116071428571419
0 0.18998015873015872 0.5565873015873015 0.02710317460317461 0.02989087301587312
0 0.18533068783068785 0.38231894841269837 0.01620701058201061 0.012953869047619082
0 0.20778108465608466 0.39477182539682537 0.01806878306878305 0.01673859126984123
0 0.3347883597883598 0.3464484126984127 0.01700396825396829 0.011758432539682562
0 0.36972883597883593 0.16420634920634922 0.01620701058201061 0.014747023809523807
0 0.5711342592592592 0.20804811507936508 0.013551587301587306 0.012752976190476162
0 0.5231746031746031 0.21751488095238095 0.024444444444444418 0.012953869047619027