0 0.3880208333333333 0.951416015625 0.043619791666666664 0.0439453125
0 0.6500651041666666 0.31298828125 0.041015625 0.029296875
0 0.32421875 0.37060546875 0.020182291666666668 0.02197265625
0 0.4986979166666667 0.440673828125 0.030598958333333332 0.0263671875
0 0.3828125 0.2900390625 0.038411458333333336 0.0302734375
0 0.4775390625 0.272705078125 0.02734375 0.02880859375
0 0.4580078125 0.318359375 0.029947916666666668 0.03515625
0 0.4309895833333333 0.266845703125 0.018880208333333332 0.01708984375
0 0.7467447916666666 0.52880859375 0.024088541666666668 0.01953125
0 0.4111328125 0.38720703125 0.032552083333333336 0.025390625
0 0.5374348958333334 0.514404296875 0.048828125 0.0390625
0 0.5543619791666666 0.372314453125 0.049479166666666664 0.0380859375
0 0.3190104166666667 0.283203125 0.041015625 0.03466796875
0 0.6490885416666666 0.26416015625 0.051432291666666664 0.04443359375
0 0.7607421875 0.63232421875 0.029296875 0.0244140625
0 0.525390625 0.249755859375 0.018229166666666668 0.01416015625
0 0.2819010416666667 0.928466796875 0.027994791666666668 0.01806640625
0 0.5345052083333334 0.80126953125 0.016276041666666668 0.01318359375
0 0.5078125 0.57421875 0.012369791666666666 0.01123046875
0 0.3046875 0.603759765625 0.012369791666666666 0.01611328125
0 0.626953125 0.87060546875 0.014322916666666666 0.01318359375
0 0.2845052083333333 0.78662109375 0.022135416666666668 0.02001953125
0 0.6077473958333334 0.235107421875 0.014322916666666666 0.00927734375
0 0.271484375 0.5537109375 0.026041666666666668 0.0205078125
0 0.5983072916666666 0.765869140625 0.014973958333333334 0.013671875
0 0.70703125 0.382568359375 0.01171875 0.01123046875
0 0.7399088541666666 0.885498046875 0.018880208333333332 0.0234375
0 0.5188802083333334 0.373046875 0.013020833333333334 0.01171875
0 0.6461588541666666 0.869140625 0.014322916666666666 0.0107421875
0 0.7278645833333334 0.772216796875 0.014973958333333334 0.01171875
0 0.6692708333333334 0.396484375 0.029947916666666668 0.0185546875
0 0.2897135416666667 0.568603515625 0.01953125 0.015625
0 0.6800130208333334 0.360107421875 0.013020833333333334 0.00927734375
0 0.6481119791666666 0.431884765625 0.009765625 0.009765625
0 0.345703125 0.2333984375 0.022786458333333332 0.01806640625
0 0.2692057291666667 0.322509765625 0.012369791666666666 0.01025390625
0 0.6197916666666666 0.2744140625 0.033203125 0.0234375
0 0.5504557291666666 0.23779296875 0.010416666666666666 0.00634765625
0 0.7532552083333334 0.187744140625 0.012369791666666666 0.0087890625
0 0.603515625 0.431884765625 0.018229166666666668 0.01220703125
0 0.4371744791666667 0.50390625 0.01953125 0.0126953125
0 0.5406901041666666 0.355712890625 0.01953125 0.01318359375
0 0.689453125 0.3544921875 0.013671875 0.00830078125
0 0.7119140625 0.6845703125 0.04296875 0.037109375
0 0.4710286458333333 0.693115234375 0.014322916666666666 0.01220703125
0 0.2711588541666667 0.914306640625 0.013671875 0.01220703125
0 0.3297526041666667 0.549560546875 0.024088541666666668 0.01904296875
0 0.2666015625 0.40478515625 0.014973958333333334 0.01220703125
0 0.6266276041666666 0.329833984375 0.014973958333333334 0.01025390625
0 0.59375 0.33740234375 0.015625 0.0166015625
0 0.5218098958333334 0.476318359375 0.01953125 0.009765625
0 0.4645182291666667 0.59814453125 0.01953125 0.01025390625
0 0.2711588541666667 0.580322265625 0.015625 0.0146484375
0 0.3551432291666667 0.3818359375 0.012369791666666666 0.01220703125
0 0.5182291666666666 0.359619140625 0.017578125 0.01123046875