0 0.3636067708333333 0.753173828125 0.029296875 0.02294921875
0 0.4759114583333333 0.7333984375 0.028645833333333332 0.013671875
0 0.2835286458333333 0.71630859375 0.018229166666666668 0.01513671875
0 0.2919921875 0.659423828125 0.020182291666666668 0.0146484375
0 0.4163411458333333 0.6630859375 0.05078125 0.03466796875
0 0.5149739583333334 0.673583984375 0.022135416666666668 0.01416015625
0 0.6536458333333334 0.6787109375 0.022135416666666668 0.0185546875
0 0.5279947916666666 0.639404296875 0.022135416666666668 0.0146484375
0 0.5719401041666666 0.637939453125 0.024088541666666668 0.0146484375
0 0.4576822916666667 0.638427734375 0.022786458333333332 0.01806640625
0 0.2874348958333333 0.6083984375 0.036458333333333336 0.02685546875
0 0.6526692708333334 0.5439453125 0.024088541666666668 0.01953125
0 0.4417317708333333 0.547607421875 0.020182291666666668 0.01806640625
0 0.373046875 0.48583984375 0.022786458333333332 0.0146484375
0 0.2574869791666667 0.467041015625 0.026692708333333332 0.01806640625
0 0.24739583333333334 0.3740234375 0.024739583333333332 0.01953125
0 0.2682291666666667 0.37353515625 0.018229166666666668 0.00927734375
0 0.3167317708333333 0.383056640625 0.025390625 0.0224609375
0 0.2630208333333333 0.407470703125 0.015625 0.0146484375
0 0.3837890625 0.384033203125 0.02734375 0.0185546875
0 0.5247395833333334 0.396484375 0.028645833333333332 0.021484375
0 0.455078125 0.3916015625 0.024739583333333332 0.0146484375
0 0.560546875 0.422119140625 0.037760416666666664 0.033203125
0 0.5895182291666666 0.43701171875 0.014973958333333334 0.01318359375
0 0.4358723958333333 0.456787109375 0.028645833333333332 0.02001953125
0 0.4703776041666667 0.460693359375 0.020833333333333332 0.02099609375
0 0.5358072916666666 0.46875 0.041015625 0.025390625
0 0.5843098958333334 0.4921875 0.048828125 0.02978515625
0 0.6650390625 0.465576171875 0.024739583333333332 0.02099609375
0 0.6331380208333334 0.327880859375 0.039713541666666664 0.0234375
0 0.5472005208333334 0.31005859375 0.022135416666666668 0.01513671875
0 0.2932942708333333 0.34619140625 0.020833333333333332 0.01611328125
0 0.22916666666666666 0.314208984375 0.028645833333333332 0.01806640625
0 0.23958333333333334 0.2900390625 0.025390625 0.0166015625
0 0.3199869791666667 0.287353515625 0.01953125 0.01806640625
0 0.4912109375 0.267578125 0.02734375 0.0185546875
0 0.5830078125 0.28662109375 0.033203125 0.0224609375
0 0.6100260416666666 0.27001953125 0.024739583333333332 0.01513671875
0 0.4072265625 0.222900390625 0.028645833333333332 0.0244140625
0 0.4990234375 0.194580078125 0.031901041666666664 0.0283203125
0 0.5289713541666666 0.22119140625 0.022135416666666668 0.01806640625
0 0.6682942708333334 0.056884765625 0.036458333333333336 0.03125
0 0.5559895833333334 0.106201171875 0.030598958333333332 0.04296875
0 0.3779296875 0.075927734375 0.020833333333333332 0.015625
0 0.21061197916666666 0.1357421875 0.046875 0.03857421875
0 0.24869791666666666 0.064208984375 0.03125 0.0263671875
0 0.2942708333333333 0.0703125 0.033854166666666664 0.03759765625
0 0.19466145833333334 0.192138671875 0.020182291666666668 0.02197265625
0 0.2509765625 0.151123046875 0.028645833333333332 0.017578125
0 0.5026041666666666 0.04248046875 0.031901041666666664 0.017578125
0 0.3561197916666667 0.314453125 0.025390625 0.0185546875
0 0.6953125 0.732666015625 0.020833333333333332 0.0126953125
0 0.3857421875 0.762451171875 0.016276041666666668 0.0087890625
0 0.3688151041666667 0.716796875 0.0234375 0.02099609375
0 0.4811197916666667 0.74560546875 0.021484375 0.0126953125
0 0.525390625 0.720703125 0.013020833333333334 0.009765625
0 0.5250651041666666 0.71044921875 0.012369791666666666 0.01123046875
0 0.6236979166666666 0.7578125 0.018229166666666668 0.01123046875
0 0.6175130208333334 0.728271484375 0.011067708333333334 0.0126953125
0 0.6484375 0.7158203125 0.013020833333333334 0.0087890625
0 0.6686197916666666 0.740234375 0.016927083333333332 0.01318359375
0 0.6529947916666666 0.746826171875 0.012369791666666666 0.009765625
0 0.6796875 0.75048828125 0.009114583333333334 0.0087890625
0 0.6871744791666666 0.772705078125 0.013020833333333334 0.0087890625
0 0.705078125 0.771484375 0.01171875 0.00830078125
0 0.603515625 0.620361328125 0.015625 0.01123046875
0 0.6829427083333334 0.605712890625 0.011067708333333334 0.01025390625
0 0.6806640625 0.56494140625 0.009765625 0.00732421875
0 0.5113932291666666 0.585205078125 0.020182291666666668 0.013671875
0 0.6376953125 0.50927734375 0.016276041666666668 0.0107421875
0 0.6627604166666666 0.504638671875 0.016276041666666668 0.01171875
0 0.6617838541666666 0.4443359375 0.011067708333333334 0.00732421875
0 0.6178385416666666 0.373291015625 0.028645833333333332 0.0166015625
0 0.6315104166666666 0.35009765625 0.01953125 0.0166015625
0 0.6149088541666666 0.3134765625 0.018880208333333332 0.01220703125
0 0.666015625 0.29150390625 0.014973958333333334 0.013671875
0 0.6123046875 0.25439453125 0.028645833333333332 0.0126953125
0 0.6103515625 0.246337890625 0.020182291666666668 0.0126953125
0 0.7132161458333334 0.180908203125 0.014973958333333334 0.02001953125
0 0.7060546875 0.162109375 0.017578125 0.017578125
0 0.4977213541666667 0.21923828125 0.016276041666666668 0.01025390625
0 0.447265625 0.1689453125 0.016276041666666668 0.0166015625
0 0.4313151041666667 0.1953125 0.016927083333333332 0.01708984375
0 0.3131510416666667 0.20263671875 0.014973958333333334 0.01220703125
0 0.3815104166666667 0.23095703125 0.022135416666666668 0.01318359375
0 0.4339192708333333 0.24853515625 0.017578125 0.0146484375
0 0.4410807291666667 0.300537109375 0.015625 0.0185546875
0 0.4586588541666667 0.318603515625 0.017578125 0.01611328125
0 0.4742838541666667 0.30029296875 0.011067708333333334 0.0087890625
0 0.2757161458333333 0.2666015625 0.015625 0.0107421875
0 0.21809895833333334 0.218994140625 0.01171875 0.0068359375
0 0.2809244791666667 0.143310546875 0.013671875 0.01025390625
0 0.35546875 0.098876953125 0.021484375 0.015625
0 0.2662760416666667 0.087158203125 0.013020833333333334 0.0087890625
0 0.1591796875 0.07861328125 0.018229166666666668 0.015625
0 0.5185546875 0.11474609375 0.0234375 0.0146484375
0 0.5110677083333334 0.15673828125 0.017578125 0.01708984375
0 0.5361328125 0.1484375 0.013020833333333334 0.00732421875
0 0.62890625 0.08642578125 0.024088541666666668 0.0146484375
0 0.6803385416666666 0.084228515625 0.026692708333333332 0.0205078125
0 0.6100260416666666 0.112548828125 0.018880208333333332 0.01611328125
0 0.609375 0.12744140625 0.022135416666666668 0.01806640625
0 0.6722005208333334 0.140380859375 0.015625 0.01708984375
0 0.478515625 0.40625 0.016276041666666668 0.01416015625
0 0.2848307291666667 0.408935546875 0.009765625 0.005859375
0 0.2652994791666667 0.43896484375 0.01171875 0.01123046875
0 0.4296875 0.469970703125 0.016276041666666668 0.0078125
0 0.4586588541666667 0.509765625 0.021484375 0.013671875
0 0.4700520833333333 0.625 0.016927083333333332 0.01220703125
0 0.3577473958333333 0.648193359375 0.011067708333333334 0.00634765625
0 0.30078125 0.648681640625 0.020182291666666668 0.009765625
0 0.6949869791666666 0.62060546875 0.013020833333333334 0.01220703125
0 0.6155598958333334 0.239013671875 0.013671875 0.00830078125
0 0.6334635416666666 0.733154296875 0.016276041666666668 0.01318359375
0 0.6653645833333334 0.653564453125 0.010416666666666666 0.00732421875
0 0.4300130208333333 0.358642578125 0.0078125 0.009765625
0 0.4134114583333333 0.29052734375 0.0078125 0.01025390625
0 0.4694010416666667 0.7236328125 0.013020833333333334 0.00927734375
0 0.6653645833333334 0.42333984375 0.014973958333333334 0.00927734375
0 0.6337890625 0.31201171875 0.012369791666666666 0.01220703125