0 0.349609375 0.4169921875 0.02490234375 0.035807291666666664
0 0.460205078125 0.6604817708333334 0.0244140625 0.045572916666666664
0 0.327880859375 0.4469401041666667 0.02734375 0.035807291666666664
0 0.537353515625 0.3684895833333333 0.01708984375 0.0234375
0 0.587158203125 0.2571614583333333 0.0283203125 0.024088541666666668
0 0.509765625 0.580078125 0.015625 0.021484375
0 0.42138671875 0.6357421875 0.0185546875 0.020833333333333332
0 0.473388671875 0.9947916666666666 0.01904296875 0.010416666666666666
0 0.32763671875 0.61328125 0.01513671875 0.029296875
0 0.348388671875 0.8977864583333334 0.01708984375 0.0234375
0 0.309814453125 0.2649739583333333 0.0205078125 0.033854166666666664
0 0.5419921875 0.4401041666666667 0.01806640625 0.0234375
0 0.65185546875 0.7945963541666666 0.0185546875 0.02734375
0 0.587646484375 0.9671223958333334 0.0166015625 0.031901041666666664
0 0.3193359375 0.92578125 0.01904296875 0.020182291666666668
0 0.370361328125 0.22265625 0.01904296875 0.036458333333333336
0 0.37060546875 0.9889322916666666 0.0224609375 0.022135416666666668
0 0.475830078125 0.4020182291666667 0.03076171875 0.043619791666666664
0 0.3203125 0.859375 0.0185546875 0.025390625
0 0.4873046875 0.9781901041666666 0.02099609375 0.022786458333333332
0 0.581787109375 0.736328125 0.01171875 0.028645833333333332
0 0.606689453125 0.4459635416666667 0.02294921875 0.03125
0 0.637939453125 0.9117838541666666 0.01171875 0.021484375
0 0.329833984375 0.138671875 0.01708984375 0.024739583333333332
0 0.54833984375 0.6692708333333334 0.02099609375 0.027994791666666668
0 0.416015625 0.7418619791666666 0.01904296875 0.024088541666666668
0 0.611328125 0.232421875 0.01806640625 0.037109375
0 0.393310546875 0.7526041666666666 0.01220703125 0.0234375
0 0.427978515625 0.337890625 0.0322265625 0.040364583333333336
0 0.409912109375 0.8785807291666666 0.01806640625 0.024088541666666668
0 0.64501953125 0.5699869791666666 0.0107421875 0.0234375
0 0.36083984375 0.794921875 0.01416015625 0.024739583333333332
0 0.575927734375 0.8626302083333334 0.0234375 0.041666666666666664
0 0.575439453125 0.3776041666666667 0.01318359375 0.017578125
0 0.599365234375 0.21614583333333334 0.01220703125 0.018229166666666668
0 0.55908203125 0.60546875 0.01123046875 0.015625
0 0.5869140625 0.6236979166666666 0.01806640625 0.043619791666666664
0 0.607666015625 0.958984375 0.01171875 0.016927083333333332
0 0.609375 0.7893880208333334 0.01025390625 0.014973958333333334
0 0.61767578125 0.3697916666666667 0.00732421875 0.012369791666666666
0 0.651611328125 0.4309895833333333 0.00830078125 0.009114583333333334
0 0.617431640625 0.271484375 0.00927734375 0.008463541666666666
0 0.596435546875 0.7158203125 0.01171875 0.005208333333333333
0 0.60986328125 0.8486328125 0.017578125 0.018880208333333332
0 0.598388671875 0.9332682291666666 0.0078125 0.014322916666666666
0 0.628173828125 0.9417317708333334 0.005859375 0.009765625
0 0.64404296875 0.9440104166666666 0.00732421875 0.009114583333333334
0 0.538330078125 0.974609375 0.01220703125 0.037760416666666664
0 0.517333984375 0.9736328125 0.03076171875 0.044270833333333336
0 0.330810546875 0.9967447916666666 0.01806640625 0.006510416666666667
0 0.342529296875 0.9951171875 0.01513671875 0.009765625
0 0.32080078125 0.9700520833333334 0.00927734375 0.01171875
0 0.341064453125 0.8297526041666666 0.02197265625 0.018229166666666668
0 0.341064453125 0.79296875 0.01123046875 0.014973958333333334
0 0.349609375 0.8050130208333334 0.009765625 0.008463541666666666
0 0.37890625 0.8138020833333334 0.01708984375 0.014322916666666666
0 0.388671875 0.8453776041666666 0.00927734375 0.01171875
0 0.389404296875 0.8333333333333334 0.0078125 0.013020833333333334
0 0.333251953125 0.5774739583333334 0.01025390625 0.014322916666666666
0 0.328857421875 0.4736328125 0.0146484375 0.016276041666666668
0 0.341064453125 0.091796875 0.0087890625 0.01171875
0 0.484619140625 0.4329427083333333 0.0283203125 0.032552083333333336
0 0.458740234375 0.3525390625 0.01025390625 0.018229166666666668
0 0.47998046875 0.2952473958333333 0.01025390625 0.026041666666666668
0 0.42626953125 0.3942057291666667 0.015625 0.020182291666666668
0 0.438720703125 0.3929036458333333 0.01025390625 0.009765625
0 0.4013671875 0.4749348958333333 0.01416015625 0.009765625
0 0.538330078125 0.15787760416666666 0.0185546875 0.028645833333333332
0 0.4814453125 0.09375 0.0126953125 0.013671875
0 0.444580078125 0.12434895833333333 0.00830078125 0.014973958333333334
0 0.493408203125 0.07486979166666667 0.01025390625 0.010416666666666666
0 0.616455078125 0.11490885416666667 0.0166015625 0.020833333333333332
0 0.4951171875 0.6194661458333334 0.02294921875 0.041666666666666664
0 0.544921875 0.5537109375 0.01025390625 0.01171875
0 0.558349609375 0.5696614583333334 0.0126953125 0.016276041666666668
0 0.61181640625 0.5442708333333334 0.02099609375 0.031901041666666664
0 0.552978515625 0.7451171875 0.01513671875 0.0234375
0 0.41552734375 0.9876302083333334 0.03515625 0.024739583333333332
0 0.408447265625 0.947265625 0.0244140625 0.029296875
0 0.42431640625 0.93359375 0.0078125 0.017578125
0 0.43017578125 0.9488932291666666 0.017578125 0.028645833333333332
0 0.41796875 0.9694010416666666 0.017578125 0.016927083333333332
0 0.304443359375 0.8759765625 0.01318359375 0.021484375
0 0.5673828125 0.1953125 0.01806640625 0.025390625