0 0.6970932539682538 0.4629828042328042 0.03186507936507943 0.03571759259259263
0 0.7668080357142857 0.3024371693121693 0.02719494047619042 0.026726190476190476
0 0.41286210317460315 0.2911970899470899 0.02574652777777775 0.02594907407407406
0 0.7261135912698412 0.3382473544973545 0.033777281746031784 0.03749669312169305
0 0.559141865079365 0.33129629629629626 0.023779761904761942 0.02536044973544967
0 0.3826736111111111 0.3038260582010582 0.01950644841269844 0.027149470899470913
0 0.40790426587301587 0.5333234126984127 0.020600198412698445 0.026550925925925856
0 0.6708531746031746 0.30255621693121687 0.02247271825396835 0.02496031746031746
0 0.8474255952380952 0.2843154761904762 0.02067956349206357 0.03600859788359786
0 0.8770858134920634 0.3942890211640211 0.02030753968253962 0.020591931216931147
0 0.7166369047619048 0.49672619047619043 0.016192956349206256 0.018657407407407362
0 0.7048313492063492 0.3161177248677249 0.018812003968254 0.0193253968253968
0 0.42947420634920636 0.69739417989418 0.025466269841269873 0.03396164021164013
0 0.32492311507936505 0.7471726190476189 0.015317460317460285 0.019880952380952444
0 0.828953373015873 0.638723544973545 0.029422123015873103 0.03628637566137568
0 0.48117559523809517 0.34652447089947086 0.01375000000000004 0.013647486772486802
0 0.5952405753968254 0.32209325396825395 0.01388888888888884 0.01402777777777775
0 0.35205109126984124 0.6421626984126984 0.016155753968253972 0.0216501322751322
0 0.5931150793650793 0.6017493386243385 0.014908234126984166 0.019556878306878318
0 0.441547619047619 0.500462962962963 0.019117063492063546 0.035796957671957674
0 0.5427951388888889 0.5369279100529101 0.016212797619047592 0.019659391534391595
0 0.5792956349206348 0.65442791005291 0.013469742063492163 0.016048280423280364
0 0.374094742063492 0.6399999999999999 0.020002480158730185 0.028072089947089946
0 0.6657068452380952 0.3916170634920635 0.04218253968253971 0.03370039682539675
0 0.8799578373015872 0.34092261904761906 0.012554563492063409 0.023167989417989403
0 0.4967113095238095 0.7327513227513228 0.013189484126984174 0.01670965608465617
0 0.6536334325396824 0.4221759259259259 0.020749007936508024 0.02389880952380959
0 0.23731150793650793 0.3375694444444444 0.00967509920634918 0.012470238095238026
0 0.687202380952381 0.41119708994709 0.01362599206349202 0.02317460317460318
0 0.9222941468253968 0.6745998677248677 0.01711557539682529 0.03023478835978821
0 0.9243799603174603 0.5967493386243385 0.022162698412698356 0.04763888888888893
0 0.9097867063492063 0.41535052910052905 0.03467013888888881 0.04295304232804235
0 0.8946453373015872 0.4273578042328042 0.010094246031746135 0.02319775132275126
0 0.9331572420634919 0.4409623015873016 0.01514136904761898 0.02625661375661374
0 0.8756646825396824 0.2851521164021164 0.01294642857142847 0.015562169312169324
0 0.8122842261904761 0.4466170634920634 0.012819940476190395 0.017367724867724938
0 0.7502132936507936 0.39846560846560847 0.010709325396825342 0.011934523809523867
0 0.6300570436507936 0.30011904761904756 0.0062847222222222054 0.014632936507936511
0 0.6258010912698413 0.29313161375661373 0.01348710317460311 0.01673280423280425
0 0.5770287698412698 0.29943121693121694 0.02330605158730159 0.01855820105820105
0 0.5884201388888889 0.2801322751322751 0.012569444444444411 0.016623677248677266
0 0.5643948412698412 0.28039682539682537 0.009035218253968358 0.011213624338624347
0 0.4138764880952381 0.3282275132275132 0.011602182539682593 0.012070105820105889
0 0.4065749007936508 0.31595568783068784 0.008201884920634894 0.01419642857142859
0 0.4309796626984127 0.38438822751322754 0.006602182539682588 0.020909391534391492
0 0.3605654761904762 0.3043584656084656 0.009801587301587311 0.01820436507936507
0 0.34616319444444443 0.2903472222222222 0.007802579365079332 0.010456349206349191
0 0.3374627976190476 0.32049272486772484 0.00800099206349203 0.006207010582010601
0 0.2628472222222222 0.30048611111111106 0.006800595238095286 0.010998677248677277
0 0.33976190476190476 0.3862466931216931 0.014201388888888888 0.029960317460317427
0 0.26714781746031746 0.402119708994709 0.013802083333333326 0.026494708994709033
0 0.24564484126984126 0.3831746031746031 0.008000992063492085 0.013677248677248658
0 0.26184771825396824 0.3762367724867725 0.005200892857142869 0.008336640211640193
0 0.2477455357142857 0.48786044973544973 0.006200396825396859 0.011808862433862366
0 0.2530456349206349 0.4826521164021164 0.005200892857142869 0.0098048941798942
0 0.25504712301587296 0.528938492063492 0.007601686507936467 0.009685846560846626
0 0.3893700396825397 0.4935879629629629 0.01500248015873018 0.013128306878306942
0 0.45098214285714283 0.4298280423280423 0.009801587301587311 0.015238095238095273
0 0.3950719246031746 0.6129464285714286 0.012001488095238044 0.01554232804232806
0 0.37016865079365074 0.6644312169312169 0.008601190476190457 0.014490740740740785
0 0.3578645833333333 0.7417824074074074 0.012403273809523774 0.017166005291005426
0 0.3365625 0.7149702380952382 0.008601190476190457 0.011544312169312102
0 0.3811706349206349 0.7188392857142857 0.010602678571428603 0.01554894179894184
0 0.4073735119047619 0.7311111111111112 0.007802579365079332 0.01075727513227509
0 0.43958085317460316 0.7267129629629628 0.01780257936507934 0.023296957671957646
0 0.45858382936507935 0.7507208994708994 0.009402281746031749 0.013171296296296356
0 0.5212946428571429 0.6888359788359787 0.008400297619047592 0.01155423280423277
0 0.48158730158730156 0.6862996031746031 0.007802579365079332 0.011818783068783034
0 0.4852876984126984 0.6768287037037037 0.0108010912698413 0.015813492063492102
0 0.4514831349206349 0.6358862433862434 0.006800595238095286 0.019279100529100496
0 0.4353794642857143 0.6230820105820106 0.010200892857142874 0.011273148148148207
0 0.44028025793650793 0.5954695767195767 0.01120287698412703 0.01526124338624335
0 0.5132936507936507 0.5325165343915343 0.012403273809523885 0.020042989417989432
0 0.4774875992063492 0.5708035714285714 0.006800595238095286 0.009136904761904763
0 0.4768874007936508 0.5139980158730159 0.009600694444444446 0.01287698412698409
0 0.5092931547619047 0.47050925925925924 0.01360367063492074 0.01765211640211639
0 0.5784275793650793 0.37294642857142857 0.01826884920634919 0.014417989417989366
0 0.23803571428571427 0.6564285714285715 0.012983630952380976 0.03283730158730158
0 0.2470858134920635 0.7489153439153439 0.013377976190476204 0.018988095238095266
0 0.22770833333333332 0.7053604497354499 0.009640376984127008 0.026832010582010568
0 0.6268874007936508 0.34431878306878305 0.016307043650793718 0.024388227513227445
0 0.31078869047619045 0.36399801587301583 0.025830853174603208 0.03261574074074073
0 0.300639880952381 0.3883300264550264 0.014965277777777786 0.020598544973544925
0 0.5839781746031746 0.6739252645502645 0.011108630952380905 0.01825727513227508
0 0.9045808531746031 0.7094047619047618 0.027641369047619158 0.018945105820105706
0 0.574937996031746 0.5511276455026454 0.012658730158730203 0.019289021164021165
0 0.4604935515873016 0.5010085978835979 0.013692956349206309 0.019632936507936478
0 0.31729166666666664 0.5882605820105821 0.013023313492063537 0.01917658730158737
0 0.502264384920635 0.6479265873015873 0.014337797619047521 0.013015873015873
0 0.6573809523809523 0.7205257936507935 0.012812499999999893 0.01016865079365085
0 0.5327678571428571 0.4408994708994709 0.012507440476190457 0.016269841269841212
0 0.8199727182539682 0.37541335978835977 0.016473214285714244 0.010575396825396766
0 0.7784871031746031 0.593829365079365 0.010372023809523734 0.011388888888888893
0 0.8951686507936508 0.5220403439153439 0.008846726190476106 0.020744047619047617
0 0.9438244047619047 0.3518253968253968 0.01098214285714283 0.022777777777777786