0 0.2490234375 0.478759765625 0.0390625 0.025390625
0 0.3889973958333333 0.64892578125 0.040364583333333336 0.0224609375
0 0.3968098958333333 0.59814453125 0.03125 0.017578125
0 0.3251953125 0.374755859375 0.029947916666666668 0.01904296875
0 0.21028645833333334 0.579345703125 0.036458333333333336 0.025390625
0 0.2552083333333333 0.40771484375 0.047526041666666664 0.03662109375
0 0.169921875 0.4228515625 0.02734375 0.01708984375
0 0.5289713541666666 0.465087890625 0.052734375 0.0361328125
0 0.5465494791666666 0.6552734375 0.035807291666666664 0.0224609375
0 0.3997395833333333 0.31396484375 0.015625 0.01025390625
0 0.3444010416666667 0.640869140625 0.024739583333333332 0.01904296875
0 0.908203125 0.393798828125 0.022786458333333332 0.0146484375
0 0.4293619791666667 0.48388671875 0.033854166666666664 0.01416015625
0 0.19498697916666666 0.3173828125 0.030598958333333332 0.02197265625
0 0.2786458333333333 0.533447265625 0.031901041666666664 0.0224609375
0 0.5358072916666666 0.577392578125 0.037760416666666664 0.0263671875
0 0.9710286458333334 0.5859375 0.045572916666666664 0.046875
0 0.6100260416666666 0.583251953125 0.037760416666666664 0.0224609375
0 0.4329427083333333 0.581787109375 0.030598958333333332 0.02392578125
0 0.111328125 0.51904296875 0.022135416666666668 0.017578125
0 0.2819010416666667 0.587890625 0.03515625 0.02734375
0 0.20735677083333334 0.622802734375 0.044921875 0.02783203125
0 0.22884114583333334 0.3330078125 0.033203125 0.02392578125
0 0.8297526041666666 0.58544921875 0.0390625 0.02490234375
0 0.20703125 0.64453125 0.016927083333333332 0.01171875
0 0.9482421875 0.331298828125 0.020182291666666668 0.0087890625
0 0.21907552083333334 0.394775390625 0.021484375 0.0146484375
0 0.11393229166666667 0.30908203125 0.018880208333333332 0.01220703125
0 0.4781901041666667 0.552978515625 0.016927083333333332 0.009765625
0 0.6604817708333334 0.309326171875 0.02734375 0.01318359375
0 0.6360677083333334 0.534423828125 0.043619791666666664 0.02490234375
0 0.458984375 0.304931640625 0.018880208333333332 0.01123046875
0 0.9915364583333334 0.691650390625 0.016927083333333332 0.01318359375
0 0.09342447916666667 0.641357421875 0.022135416666666668 0.0146484375
0 0.9811197916666666 0.542724609375 0.014973958333333334 0.0087890625
0 0.671875 0.642822265625 0.016927083333333332 0.0068359375
0 0.1689453125 0.344970703125 0.013671875 0.00732421875
0 0.990234375 0.67236328125 0.01953125 0.009765625
0 0.9274088541666666 0.631103515625 0.020182291666666668 0.01123046875
0 0.5257161458333334 0.3876953125 0.014322916666666666 0.013671875
0 0.4430338541666667 0.31298828125 0.017578125 0.013671875
0 0.5439453125 0.5517578125 0.015625 0.01708984375
0 0.9586588541666666 0.66943359375 0.026041666666666668 0.01416015625
0 0.306640625 0.50390625 0.017578125 0.0146484375
0 0.4889322916666667 0.641845703125 0.016927083333333332 0.00830078125
0 0.2825520833333333 0.510498046875 0.016927083333333332 0.0166015625
0 0.8404947916666666 0.659912109375 0.014322916666666666 0.01123046875
0 0.17154947916666666 0.637939453125 0.017578125 0.01220703125
0 0.4944661458333333 0.316650390625 0.012369791666666666 0.0068359375
0 0.3297526041666667 0.60302734375 0.010416666666666666 0.01123046875
0 0.09830729166666667 0.494873046875 0.016927083333333332 0.01904296875
0 0.12955729166666666 0.32470703125 0.009765625 0.01123046875
0 0.15397135416666666 0.566162109375 0.016276041666666668 0.009765625
0 0.30859375 0.586669921875 0.016276041666666668 0.013671875
0 0.4716796875 0.58154296875 0.021484375 0.0205078125
0 0.9951171875 0.60498046875 0.009765625 0.01953125
0 0.6533203125 0.653564453125 0.012369791666666666 0.00927734375
0 0.14680989583333334 0.614013671875 0.009114583333333334 0.0087890625
0 0.14029947916666666 0.57763671875 0.017578125 0.01513671875
0 0.1533203125 0.660400390625 0.0546875 0.02587890625
0 0.3151041666666667 0.578125 0.013671875 0.0087890625