0 0.251953125 0.43017578125 0.038411458333333336 0.0263671875
0 0.39453125 0.22265625 0.048828125 0.0400390625
0 0.3255208333333333 0.33056640625 0.01953125 0.01611328125
0 0.6018880208333334 0.5927734375 0.013671875 0.01416015625
0 0.240234375 0.605224609375 0.016927083333333332 0.01123046875
0 0.23274739583333334 0.479736328125 0.029296875 0.029296875
0 0.4850260416666667 0.6220703125 0.018880208333333332 0.01171875
0 0.6041666666666666 0.564208984375 0.011067708333333334 0.0126953125
0 0.26953125 0.56103515625 0.010416666666666666 0.0146484375
0 0.3037109375 0.323974609375 0.015625 0.013671875
0 0.23828125 0.764404296875 0.043619791666666664 0.0400390625
0 0.5126953125 0.928955078125 0.04296875 0.02490234375
0 0.5279947916666666 0.540771484375 0.050130208333333336 0.02880859375
0 0.3977864583333333 0.504150390625 0.028645833333333332 0.03466796875
0 0.337890625 0.209716796875 0.024088541666666668 0.01953125
0 0.3629557291666667 0.189453125 0.020833333333333332 0.01611328125
0 0.4619140625 0.17578125 0.018880208333333332 0.015625
0 0.6595052083333334 0.55419921875 0.013020833333333334 0.01220703125
0 0.6302083333333334 0.596435546875 0.012369791666666666 0.0126953125
0 0.6500651041666666 0.634765625 0.015625 0.0146484375
0 0.44921875 0.478515625 0.014973958333333334 0.01318359375
0 0.4443359375 0.76904296875 0.0234375 0.0146484375
0 0.23274739583333334 0.891845703125 0.025390625 0.009765625
0 0.3157552083333333 0.940185546875 0.017578125 0.01318359375
0 0.201171875 0.6982421875 0.014973958333333334 0.01123046875
0 0.19010416666666666 0.556640625 0.02734375 0.02978515625
0 0.18522135416666666 0.38232421875 0.016276041666666668 0.01318359375
0 0.20768229166666666 0.394775390625 0.018229166666666668 0.0166015625
0 0.3346354166666667 0.346435546875 0.016927083333333332 0.01171875
0 0.3697916666666667 0.164306640625 0.016276041666666668 0.0146484375
0 0.5712890625 0.2080078125 0.013671875 0.0126953125
0 0.5231119791666666 0.217529296875 0.024739583333333332 0.01318359375