0 0.4624503968253968 0.3377414021164021 0.022514880952380967 0.031071428571428566
0 0.371875 0.8422949735449734 0.0279017857142857 0.03361441798941792
0 0.4892956349206349 0.3470304232804233 0.021934523809523876 0.027886904761904734
0 0.10860367063492063 0.466058201058201 0.017748015873015888 0.026296296296296262
0 0.42430555555555555 0.3727414021164021 0.022393353174603225 0.02050264550264543
0 0.7819146825396824 0.5256018518518518 0.02808035714285717 0.030552248677248706
0 0.6151314484126984 0.5703571428571429 0.027284226190476213 0.027374338624338652
0 0.5252430555555556 0.2999206349206349 0.02163690476190472 0.024371693121693145
0 0.42249503968253965 0.3509457671957672 0.02037450396825402 0.02034060846560844
0 0.11768353174603174 0.7623677248677249 0.02651785714285715 0.021884920634920608
0 0.4287648809523809 0.6984490740740741 0.0212351190476191 0.03756283068783054
0 0.11308035714285714 0.611875 0.019883432539682527 0.015162037037036965
0 0.6075446428571428 0.7562698412698413 0.04644345238095249 0.047404100529100525
0 0.27118055555555554 0.827364417989418 0.037224702380952435 0.04102182539682531
0 0.42308779761904763 0.46051917989417984 0.043782242063492016 0.06128968253968248
0 0.10800347222222223 0.6749470899470899 0.016500496031746026 0.02268518518518518
0 0.9551240079365079 0.7582473544973545 0.020803571428571477 0.024332010582010472
0 0.24269345238095236 0.396984126984127 0.03581845238095238 0.03971560846560843
0 0.08714037698412698 0.7860879629629629 0.011597222222222231 0.015400132275132409
0 0.8189682539682539 0.3254629629629629 0.018080357142857162 0.01810185185185187
0 0.9194915674603173 0.5321858465608466 0.037108134920634805 0.03728174603174598
0 0.5080109126984127 0.7364186507936507 0.03597470238095246 0.04077711640211638
0 0.7690228174603174 0.824755291005291 0.026292162698412724 0.0308068783068783
0 0.14224950396825395 0.3401157407407407 0.042125496031746035 0.04526785714285708
0 0.03678571428571428 0.48928571428571427 0.01720982142857143 0.017744708994708997
0 0.8879489087301586 0.3834457671957672 0.06297123015873018 0.08172288359788353
0 0.3107638888888889 0.3960085978835979 0.02916170634920634 0.036441798941798886
0 0.907953869047619 0.4868518518518518 0.062380952380952426 0.065300925925926
0 0.6133134920634921 0.32412037037037034 0.014692460317460299 0.016789021164021145
0 0.424781746031746 0.8413161375661375 0.010540674603174649 0.010085978835978912
0 0.924188988095238 0.7302678571428571 0.06867063492063497 0.07688492063492063
0 0.5878670634920635 0.29880291005291004 0.03900297619047621 0.04959325396825398
0 0.1466220238095238 0.7849404761904761 0.014159226190476215 0.0194841269841269
0 0.1676314484126984 0.8397552910052909 0.012514880952380958 0.01466931216931222
0 0.21793154761904762 0.7916898148148149 0.014198908730158721 0.020909391534391492
0 0.30379464285714286 0.8001884920634921 0.016245039682539653 0.017046957671957703
0 0.32689980158730153 0.8528339947089946 0.023948412698412747 0.021894841269841276
0 0.3281349206349206 0.685026455026455 0.021949404761904767 0.025251322751322764
0 0.45670634920634917 0.8162566137566137 0.0174826388888889 0.01671957671957684
0 0.46966021825396825 0.8261474867724866 0.01030257936507939 0.013604497354497388
0 0.5803249007936507 0.7563227513227512 0.016857638888888804 0.025049603174603103
0 0.6454117063492063 0.7715145502645502 0.019355158730158806 0.019632936507936627
0 0.6541542658730158 0.755380291005291 0.008740079365079367 0.01650132275132273
0 0.44948164682539676 0.36774140211640205 0.011344246031745997 0.012189153439153463
0 0.3550297619047619 0.3278637566137566 0.010828373015873027 0.01264880952380946
0 0.2792286706349206 0.300135582010582 0.013923611111111067 0.023650793650793627
0 0.07964037698412699 0.5842559523809524 0.011721230158730167 0.017466931216931176
0 0.06602182539682538 0.45715277777777774 0.009997519841269842 0.013330026455026456
0 0.03637152777777778 0.34269179894179885 0.015513392857142858 0.028958333333333346
0 0.340969742063492 0.4987533068783068 0.0234449404761905 0.029417989417989343
0 0.3699280753968254 0.5642592592592592 0.019995039682539684 0.02252314814814819
0 0.6269494047619047 0.6194212962962963 0.015513392857142927 0.03263888888888896
0 0.516453373015873 0.6736640211640211 0.016547619047619033 0.01700727513227503
0 0.7467534722222221 0.5318518518518518 0.015858134920634814 0.022982804232804188
0 0.6488293650793651 0.6050958994708994 0.023563988095238075 0.024761904761904763
0 0.8072941468253968 0.6767228835978836 0.013779761904761934 0.018905423280423328
0 0.5726438492063491 0.47329365079365077 0.011383928571428559 0.02369708994708993
0 0.5447867063492063 0.3184589947089947 0.016775793650793736 0.03568121693121692
0 0.4819791666666666 0.3209854497354497 0.014179067460317496 0.02103505291005292
0 0.276187996031746 0.44413690476190476 0.019970238095238124 0.034616402116402156
0 0.1087375992063492 0.7279794973544972 0.010984623015873024 0.011716269841269758
0 0.3995039682539682 0.6213392857142858 0.014179067460317496 0.01571097883597883
0 0.6924652777777778 0.8125198412698412 0.024563492063492065 0.018373015873015913
0 0.7617609126984127 0.6937632275132275 0.013779761904761934 0.019970238095238162
0 0.9211706349206348 0.5783796296296296 0.020354662698412795 0.017490079365079403
0 0.9322544642857142 0.372417328042328 0.018092757936507997 0.02231481481481475
0 0.5846329365079365 0.5085548941798941 0.00896825396825407 0.012589285714285747
0 0.5091840277777778 0.5400462962962963 0.011884920634920526 0.01802248677248682
0 0.5655902777777777 0.319265873015873 0.014449404761904816 0.02081679894179896
0 0.7159027777777778 0.3840509259259259 0.015381944444444517 0.027344576719576647
0 0.8488516865079365 0.47214285714285714 0.01841021825396827 0.02268187830687829
0 0.8743700396825397 0.5223247354497355 0.013050595238095264 0.014914021164021149
0 0.5192162698412698 0.31864417989417987 0.020042162698412636 0.026412037037037022
0 0.051592261904761905 0.6937367724867726 0.025739087301587305 0.020803571428571328
0 0.11873263888888888 0.7227281746031746 0.008330853174603164 0.015429894179894118
0 0.25112599206349207 0.4682374338624338 0.013439980158730158 0.023230820105820154
0 0.288469742063492 0.3295238095238095 0.008005952380952364 0.02291997354497351
0 0.6590029761904761 0.5515079365079365 0.013809523809523716 0.01569775132275127