0 0.3635648148148148 0.24692460317460319 0.02937830687830682 0.022867063492063466
0 0.4760019841269841 0.26666914682539683 0.028396164021164072 0.013692956349206309
0 0.28369047619047616 0.28377480158730156 0.018363095238095244 0.015314980158730118
0 0.2918551587301587 0.34053075396825394 0.020396825396825413 0.014526289682539661
0 0.4163558201058201 0.336812996031746 0.050496031746031754 0.03463293650793653
0 0.51505291005291 0.3264781746031746 0.022033730158730187 0.013963293650793629
0 0.6536838624338625 0.3213144841269841 0.022033730158730187 0.018779761904761938
0 0.527906746031746 0.36055307539682535 0.022033730158730187 0.014632936507936511
0 0.5719742063492064 0.3619518849206349 0.023869047619047585 0.014672619047619073
0 0.4576719576719577 0.36160714285714285 0.022953042328042333 0.018117559523809557
0 0.287364417989418 0.3915699404761904 0.036722883597883595 0.027088293650793682
0 0.6527678571428571 0.45594742063492066 0.023869047619047585 0.019503968253968273
0 0.44160383597883596 0.4524751984126984 0.020198412698412643 0.018070436507936494
0 0.37320767195767196 0.5140823412698413 0.022953042328042333 0.014583333333333393
0 0.257526455026455 0.5330233134920634 0.026623677248677275 0.01804067460317471
0 0.24742724867724866 0.6260094246031747 0.024788359788359804 0.01947420634920638
0 0.26808531746031744 0.6263516865079364 0.018363095238095244 0.009141865079365097
0 0.31674272486772487 0.6170560515873015 0.025707671957671947 0.02222470238095231
0 0.26303571428571426 0.5926016865079364 0.015608465608465627 0.014632936507936511
0 0.3837632275132275 0.6160218253968254 0.02754298941798942 0.018779761904761827
0 0.5246924603174603 0.6036235119047618 0.028462301587301564 0.021527777777777812
0 0.45491732804232804 0.6084449404761905 0.02478835978835973 0.01464285714285718
0 0.5604960317460318 0.577797619047619 0.03764219576719574 0.033219246031745975
0 0.5894179894179894 0.5629836309523809 0.01468915343915341 0.013236607142857126
0 0.4358796296296296 0.5430952380952381 0.028951719576719565 0.01994047619047623
0 0.4705257936507936 0.5392237103174603 0.021117724867724934 0.020798611111111143
0 0.535707671957672 0.5313020833333333 0.04131283068783068 0.02561507936507934
0 0.5843683862433863 0.5078844246031745 0.048660714285714356 0.02973462301587304
0 0.665162037037037 0.5344022817460318 0.02478835978835973 0.020796130952380976
0 0.6330257936507936 0.6721279761904762 0.039477513227513285 0.023573908730158744
0 0.5471858465608466 0.6900347222222222 0.022033730158730187 0.015319940476190563
0 0.2933333333333333 0.653874007936508 0.021117724867724858 0.01598710317460328
0 0.22906415343915343 0.6859027777777778 0.028462301587301564 0.01807291666666666
0 0.23962301587301585 0.7100099206349206 0.025707671957671947 0.016708829365079447
0 0.31995701058201054 0.7127653769841269 0.019279100529100496 0.018087797619047663
0 0.4911805555555555 0.7323958333333332 0.02754298941798942 0.018789682539682495
0 0.582989417989418 0.7134548611111111 0.03305224867724865 0.022222222222222143
0 0.6100760582010581 0.7299851190476191 0.02478835978835973 0.015344742063492012
0 0.40717592592592594 0.7771478174603175 0.028462301587301564 0.02428819444444441
0 0.4989847883597884 0.8053869047619048 0.032132936507936506 0.028437499999999893
0 0.5288227513227514 0.7788690476190476 0.022033730158730187 0.018087797619047663
0 0.6683730158730158 0.9431274801587302 0.036722883597883595 0.0312425595238095
0 0.5559060846560846 0.8938814484126983 0.03029761904761911 0.04292162698412705
0 0.37779761904761905 0.9241840277777778 0.021117724867724934 0.015389384920635019
0 0.21070436507936505 0.8642633928571428 0.04682208994708992 0.038769841269841177
0 0.24880291005291003 0.9358953373015872 0.031213624338624364 0.026416170634920633
0 0.2942493386243386 0.9296974206349206 0.03396825396825398 0.0374330357142858
0 0.19463624338624338 0.8077802579365079 0.020198412698412715 0.022204861111111196
0 0.2510978835978836 0.8487624007936507 0.028462301587301564 0.017408234126984112
0 0.5026587301587301 0.9575892857142857 0.032132936507936506 0.0174751984126984
0 0.3562202380952381 0.6855555555555555 0.025707671957672023 0.01875496031746038
0 0.6954563492063491 0.2672222222222222 0.021117724867724934 0.012507440476190457
0 0.3858531746031746 0.23754960317460316 0.016111111111111114 0.008690476190476193
0 0.3689384920634921 0.28317956349206347 0.02362764550264555 0.021006944444444398
0 0.48100859788359784 0.2543973214285714 0.021187169312169313 0.012681051587301595
0 0.5252447089947089 0.27926339285714286 0.013144841269841242 0.009739583333333357
0 0.5251488095238095 0.28963541666666665 0.012556216931217001 0.011299603174603212
0 0.6236243386243386 0.2421155753968254 0.018048941798941787 0.011364087301587278
0 0.6176421957671957 0.2716889880952381 0.010790343915343984 0.012834821428571397
0 0.6484391534391535 0.28419642857142857 0.012751322751322736 0.008722718253968198
0 0.6687433862433863 0.25969494047619046 0.01687169312169316 0.012973710317460307
0 0.6530489417989417 0.2532167658730159 0.012162698412698347 0.009732142857142856
0 0.6796329365079364 0.24954117063492062 0.00921957671957685 0.008559027777777783
0 0.6872817460317461 0.22739087301587302 0.013144841269841242 0.00898809523809524
0 0.7052314814814814 0.22849454365079364 0.01176917989417999 0.008251488095238069
0 0.6034027777777777 0.3797321428571428 0.015598544973545033 0.011056547619047619
0 0.6828406084656083 0.39421875 0.011243386243386352 0.010379464285714235
0 0.6805753968253968 0.43509176587301585 0.009613095238095207 0.007244543650793633
0 0.5114517195767195 0.4146850198412698 0.019950396825396826 0.013767361111111098
0 0.6376025132275132 0.49060267857142853 0.01641865079365079 0.010706845238095286
0 0.6627248677248677 0.4953521825396825 0.016021825396825545 0.011599702380952426
0 0.6617361111111111 0.5557316468253968 0.011273148148148207 0.007450396825396721
0 0.617824074074074 0.6267956349206348 0.028680555555555525 0.016359126984127004
0 0.6316699735449736 0.6500049603174604 0.019583333333333286 0.016793154761904683
0 0.6150562169312169 0.6865029761904762 0.018789682539682495 0.01234871031746021
0 0.6660879629629629 0.708454861111111 0.014834656084656098 0.01352926587301595
0 0.6123842592592592 0.7456225198412698 0.0284821428571429 0.012795138888888946
0 0.6103075396825396 0.7537723214285714 0.020373677248677186 0.012733134920634992
0 0.7131646825396826 0.8189756944444444 0.015231481481481346 0.020057043650793638
0 0.7061408730158729 0.8379687499999999 0.01780092592592582 0.017395833333333277
0 0.4977314814814815 0.7808234126984127 0.016183862433862384 0.010349702380952452
0 0.4473445767195767 0.8309350198412698 0.01642857142857146 0.01641865079365079
0 0.4312830687830688 0.8046304563492063 0.016673280423280385 0.017137896825396792
0 0.3131051587301587 0.7972767857142856 0.015201719576719563 0.012358630952380878
0 0.38138888888888883 0.7691443452380952 0.022311507936507862 0.013097718253968216
0 0.433859126984127 0.7515773809523809 0.017407407407407465 0.014744543650793585
0 0.44121362433862427 0.6993526785714286 0.015935846560846567 0.018420138888888937
0 0.45862433862433866 0.681423611111111 0.017407407407407465 0.01603422619047623
0 0.47419312169312167 0.6998164682539681 0.01127976190476184 0.008685515873015914
0 0.2755919312169312 0.7334672619047619 0.015691137566137565 0.01052331349206348
0 0.2180952380952381 0.7810044642857144 0.012013888888888916 0.007031250000000044
0 0.2808630952380952 0.8566765873015872 0.013974867724867742 0.010158730158730256
0 0.3554001322751323 0.9010019841269841 0.021332671957672005 0.01568948412698412
0 0.2662731481481481 0.9127579365079364 0.013240740740740739 0.00868055555555558
0 0.15912698412698412 0.921314484126984 0.018144841269841283 0.015858134920634814
0 0.5185714285714286 0.8853621031746032 0.02353835978835983 0.014570932539682557
0 0.5110945767195767 0.8433333333333334 0.017407407407407465 0.017309027777777874
0 0.5359788359788359 0.8515178571428571 0.013240740740740739 0.0071974206349205705
0 0.6290277777777777 0.9136830357142857 0.02427248677248676 0.014573412698412724
0 0.6803935185185185 0.9158903769841269 0.026481481481481477 0.020461309523809534
0 0.610026455026455 0.8874801587301587 0.018634259259259284 0.01623263888888893
0 0.6094146825396825 0.8725818452380952 0.021822089947090006 0.018062996031745993
0 0.6721825396825397 0.8596205357142856 0.015935846560846418 0.017150297619047628
0 0.47838293650793656 0.593735119047619 0.01649140211640206 0.014335317460317354
0 0.28489417989417987 0.5910441468253969 0.009675925925925958 0.005687003968253945
0 0.2654530423280423 0.5611359126984127 0.011646825396825378 0.01144841269841268
0 0.429672619047619 0.5300967261904761 0.016484788359788432 0.007961309523809579
0 0.4587896825396825 0.49024801587301586 0.021679894179894205 0.013735119047619038
0 0.4700297619047618 0.37491071428571426 0.016815476190476186 0.012251984126984139
0 0.35763227513227513 0.3517410714285714 0.010796957671957616 0.006537698412698467
0 0.3007275132275132 0.35121031746031744 0.020178571428571452 0.009987599206349174
0 0.6949206349206349 0.379407242063492 0.013141534391534352 0.012145337301587289
0 0.6157109788359788 0.7610143849206349 0.013376322751322759 0.008273809523809517
0 0.6335251322751322 0.26693452380952376 0.016544312169312143 0.013273809523809521
0 0.6654629629629629 0.34643849206349203 0.010390211640211552 0.00721478174603174
0 0.42998346560846556 0.6412698412698412 0.008118386243386233 0.009640376984126897
0 0.41356150793650787 0.7094965277777777 0.007592592592592595 0.010228174603174711
0 0.46925595238095236 0.27634920634920634 0.013181216931216877 0.009131944444444429
0 0.6654464285714287 0.5767361111111111 0.015178571428571411 0.009451884920634868
0 0.633799603174603 0.6878943452380952 0.012602513227513157 0.012244543650793638