0 0.3684895833333333 0.3818359375 0.04296875 0.0341796875
0 0.16048177083333334 0.38134765625 0.031901041666666664 0.01904296875
0 0.7874348958333334 0.515869140625 0.041015625 0.02783203125
0 0.7210286458333334 0.664794921875 0.057291666666666664 0.03955078125
0 0.4150390625 0.264404296875 0.07096354166666667 0.04443359375
0 0.5732421875 0.300537109375 0.060546875 0.0498046875
0 0.68359375 0.23876953125 0.052734375 0.03564453125
0 0.7620442708333334 0.403564453125 0.052734375 0.0283203125
0 0.033203125 0.55908203125 0.051432291666666664 0.037109375
0 0.17545572916666666 0.195068359375 0.043619791666666664 0.03466796875
0 0.4287109375 0.4560546875 0.048177083333333336 0.02978515625
0 0.19401041666666666 0.418212890625 0.029296875 0.01513671875
0 0.6555989583333334 0.338134765625 0.029296875 0.02001953125
0 0.4534505208333333 0.81591796875 0.049479166666666664 0.0361328125
0 0.3199869791666667 0.578369140625 0.045572916666666664 0.03173828125
0 0.16341145833333334 0.29248046875 0.024088541666666668 0.0126953125
0 0.7210286458333334 0.4462890625 0.061197916666666664 0.03076171875
0 0.2516276041666667 0.328125 0.03515625 0.03369140625
0 0.7770182291666666 0.3701171875 0.022786458333333332 0.015625
0 0.15397135416666666 0.353759765625 0.03125 0.02197265625
0 0.6689453125 0.716064453125 0.021484375 0.01318359375
0 0.2041015625 0.364501953125 0.016927083333333332 0.01171875
0 0.3792317708333333 0.31005859375 0.020833333333333332 0.02392578125
0 0.4407552083333333 0.508544921875 0.022786458333333332 0.01416015625
0 0.3697916666666667 0.177490234375 0.029947916666666668 0.02880859375
0 0.4983723958333333 0.7822265625 0.017578125 0.0146484375
0 0.2412109375 0.58935546875 0.018229166666666668 0.00927734375
0 0.2972005208333333 0.728515625 0.026692708333333332 0.015625
0 0.7418619791666666 0.51416015625 0.048177083333333336 0.03662109375
0 0.6494140625 0.17724609375 0.034505208333333336 0.02392578125
0 0.556640625 0.362060546875 0.02734375 0.01904296875
0 0.482421875 0.413330078125 0.020833333333333332 0.015625
0 0.396484375 0.315673828125 0.016276041666666668 0.01611328125
0 0.15364583333333334 0.281005859375 0.022786458333333332 0.01611328125
0 0.4475911458333333 0.3701171875 0.022786458333333332 0.015625