0 0.380615234375 0.026692708333333332 0.03515625 0.050130208333333336
0 0.33251953125 0.119140625 0.0146484375 0.026041666666666668
0 0.309814453125 0.228515625 0.01513671875 0.018229166666666668
0 0.60546875 0.4765625 0.0185546875 0.028645833333333332
0 0.611083984375 0.443359375 0.03173828125 0.0546875
0 0.470703125 0.8033854166666666 0.01513671875 0.018880208333333332
0 0.38818359375 0.6393229166666666 0.017578125 0.026041666666666668
0 0.369384765625 0.12141927083333333 0.0166015625 0.017578125
0 0.356201171875 0.3815104166666667 0.01904296875 0.014973958333333334
0 0.5869140625 0.728515625 0.01318359375 0.024088541666666668
0 0.554931640625 0.068359375 0.02734375 0.04296875
0 0.629638671875 0.3333333333333333 0.01318359375 0.016927083333333332
0 0.315673828125 0.4222005208333333 0.009765625 0.013020833333333334
0 0.335205078125 0.5699869791666666 0.01123046875 0.017578125
0 0.343505859375 0.5556640625 0.0224609375 0.034505208333333336
0 0.631591796875 0.8916015625 0.01904296875 0.0234375
0 0.357666015625 0.7376302083333334 0.009765625 0.017578125
0 0.670166015625 0.369140625 0.0126953125 0.014322916666666666
0 0.326171875 0.2373046875 0.01416015625 0.01953125
0 0.652587890625 0.3932291666666667 0.0146484375 0.016927083333333332
0 0.649658203125 0.5270182291666666 0.01806640625 0.036458333333333336
0 0.4931640625 0.509765625 0.0107421875 0.013020833333333334
0 0.4169921875 0.18489583333333334 0.01708984375 0.027994791666666668
0 0.4658203125 0.4899088541666667 0.013671875 0.018880208333333332
0 0.297119140625 0.3942057291666667 0.0107421875 0.024088541666666668
0 0.646484375 0.1806640625 0.0078125 0.015625
0 0.475341796875 0.7802734375 0.01220703125 0.018880208333333332
0 0.426513671875 0.5227864583333334 0.021484375 0.02734375
0 0.3583984375 0.615234375 0.0068359375 0.012369791666666666
0 0.3408203125 0.720703125 0.01025390625 0.018229166666666668
0 0.605712890625 0.5732421875 0.02783203125 0.036458333333333336
0 0.562744140625 0.21419270833333334 0.01220703125 0.026041666666666668
0 0.598876953125 0.9182942708333334 0.01220703125 0.014322916666666666
0 0.621826171875 0.9150390625 0.01171875 0.011067708333333334
0 0.41455078125 0.8893229166666666 0.01416015625 0.016927083333333332
0 0.344482421875 0.5856119791666666 0.015625 0.012369791666666666
0 0.331787109375 0.51953125 0.0107421875 0.0234375
0 0.308837890625 0.5540364583333334 0.0107421875 0.013020833333333334
0 0.46337890625 0.5322265625 0.01806640625 0.008463541666666666
0 0.499267578125 0.4309895833333333 0.00830078125 0.013671875
0 0.430908203125 0.3623046875 0.013671875 0.015625
0 0.350341796875 0.3577473958333333 0.0205078125 0.017578125
0 0.322998046875 0.3326822916666667 0.0126953125 0.01953125
0 0.329833984375 0.404296875 0.0087890625 0.011067708333333334
0 0.344482421875 0.259765625 0.01220703125 0.012369791666666666
0 0.421875 0.036458333333333336 0.01611328125 0.014973958333333334
0 0.431396484375 0.10611979166666667 0.021484375 0.022135416666666668
0 0.494873046875 0.09440104166666667 0.00927734375 0.009114583333333334
0 0.499267578125 0.025716145833333332 0.01953125 0.020833333333333332
0 0.4951171875 0.007486979166666667 0.0146484375 0.014973958333333334
0 0.55712890625 0.10286458333333333 0.0107421875 0.013671875
0 0.555908203125 0.034830729166666664 0.02001953125 0.024088541666666668
0 0.6298828125 0.032877604166666664 0.005859375 0.020182291666666668
0 0.654296875 0.050130208333333336 0.009765625 0.008463541666666666
0 0.647705078125 0.13118489583333334 0.01611328125 0.016276041666666668
0 0.617919921875 0.13509114583333334 0.00927734375 0.014322916666666666
0 0.63720703125 0.201171875 0.00732421875 0.014973958333333334
0 0.654541015625 0.20670572916666666 0.01123046875 0.014322916666666666
0 0.59228515625 0.19856770833333334 0.01708984375 0.020833333333333332
0 0.56884765625 0.2669270833333333 0.009765625 0.017578125
0 0.5966796875 0.2822265625 0.01220703125 0.014973958333333334
0 0.626220703125 0.404296875 0.01806640625 0.018880208333333332
0 0.6552734375 0.4254557291666667 0.0107421875 0.015625
0 0.633056640625 0.5146484375 0.0146484375 0.018880208333333332
0 0.290283203125 0.3795572916666667 0.009765625 0.022786458333333332
0 0.303466796875 0.7529296875 0.01025390625 0.009765625
0 0.506103515625 0.8636067708333334 0.0146484375 0.016927083333333332
0 0.468994140625 0.83984375 0.02099609375 0.027994791666666668
0 0.410400390625 0.8776041666666666 0.01220703125 0.012369791666666666
0 0.406005859375 0.23502604166666666 0.0107421875 0.018880208333333332
0 0.461181640625 0.21484375 0.0205078125 0.014973958333333334
0 0.436767578125 0.20052083333333334 0.0146484375 0.014973958333333334
0 0.4345703125 0.19173177083333334 0.00830078125 0.011067708333333334
0 0.396240234375 0.0771484375 0.0078125 0.011067708333333334
0 0.58642578125 0.4156901041666667 0.01318359375 0.009765625
0 0.581298828125 0.5192057291666666 0.00830078125 0.009114583333333334
0 0.572509765625 0.63671875 0.0126953125 0.015625
0 0.532958984375 0.6315104166666666 0.0185546875 0.011067708333333334
0 0.60302734375 0.677734375 0.00830078125 0.010416666666666666
0 0.65966796875 0.4680989583333333 0.01708984375 0.021484375
0 0.620849609375 0.8531901041666666 0.01611328125 0.01953125
0 0.452392578125 0.6402994791666666 0.0068359375 0.012369791666666666
0 0.490966796875 0.21712239583333334 0.009765625 0.016276041666666668