0 0.46240234375 0.337890625 0.0224609375 0.03125
0 0.371826171875 0.8424479166666666 0.02783203125 0.033854166666666664
0 0.4892578125 0.3470052083333333 0.02197265625 0.027994791666666668
0 0.108642578125 0.4661458333333333 0.017578125 0.026041666666666668
0 0.42431640625 0.3727213541666667 0.0224609375 0.020182291666666668
0 0.781982421875 0.5257161458333334 0.0283203125 0.030598958333333332
0 0.615234375 0.5703125 0.02734375 0.02734375
0 0.525146484375 0.2998046875 0.021484375 0.024088541666666668
0 0.422607421875 0.3509114583333333 0.0205078125 0.020182291666666668
0 0.11767578125 0.7623697916666666 0.0263671875 0.022135416666666668
0 0.4287109375 0.6985677083333334 0.02099609375 0.037760416666666664
0 0.113037109375 0.6119791666666666 0.02001953125 0.014973958333333334
0 0.607666015625 0.7561848958333334 0.04638671875 0.047526041666666664
0 0.271240234375 0.8274739583333334 0.037109375 0.041015625
0 0.423095703125 0.4606119791666667 0.0439453125 0.061197916666666664
0 0.10791015625 0.6748046875 0.0166015625 0.022786458333333332
0 0.955078125 0.7581380208333334 0.02099609375 0.024088541666666668
0 0.24267578125 0.3971354166666667 0.03564453125 0.039713541666666664
0 0.087158203125 0.7861328125 0.01171875 0.015625
0 0.81884765625 0.3255208333333333 0.01806640625 0.018229166666666668
0 0.91943359375 0.5322265625 0.037109375 0.037109375
0 0.508056640625 0.736328125 0.0361328125 0.041015625
0 0.76904296875 0.8248697916666666 0.0263671875 0.030598958333333332
0 0.142333984375 0.3401692708333333 0.0419921875 0.045572916666666664
0 0.036865234375 0.4892578125 0.01708984375 0.017578125
0 0.887939453125 0.3834635416666667 0.06298828125 0.08203125
0 0.310791015625 0.3961588541666667 0.029296875 0.036458333333333336
0 0.907958984375 0.4869791666666667 0.0625 0.06510416666666667
0 0.61328125 0.32421875 0.0146484375 0.016927083333333332
0 0.4248046875 0.8414713541666666 0.0107421875 0.009765625
0 0.924072265625 0.7301432291666666 0.06884765625 0.07682291666666667
0 0.587890625 0.298828125 0.0390625 0.049479166666666664
0 0.146728515625 0.7848307291666666 0.01416015625 0.01953125
0 0.167724609375 0.83984375 0.0126953125 0.014973958333333334
0 0.218017578125 0.7916666666666666 0.01416015625 0.020833333333333332
0 0.3037109375 0.8001302083333334 0.01611328125 0.016927083333333332
0 0.326904296875 0.8528645833333334 0.02392578125 0.022135416666666668
0 0.328125 0.6848958333333334 0.02197265625 0.025390625
0 0.456787109375 0.81640625 0.017578125 0.016927083333333332
0 0.4697265625 0.826171875 0.01025390625 0.013671875
0 0.580322265625 0.7561848958333334 0.01708984375 0.024739583333333332
0 0.6455078125 0.771484375 0.01953125 0.01953125
0 0.654052734375 0.7555338541666666 0.0087890625 0.016276041666666668
0 0.449462890625 0.3678385416666667 0.01123046875 0.012369791666666666
0 0.35498046875 0.3277994791666667 0.0107421875 0.012369791666666666
0 0.279296875 0.3001302083333333 0.01416015625 0.0234375
0 0.07958984375 0.5843098958333334 0.01171875 0.017578125
0 0.06591796875 0.45703125 0.009765625 0.013020833333333334
0 0.036376953125 0.3427734375 0.015625 0.028645833333333332
0 0.341064453125 0.4986979166666667 0.0234375 0.029296875
0 0.369873046875 0.5641276041666666 0.02001953125 0.022786458333333332
0 0.626953125 0.6194661458333334 0.015625 0.032552083333333336
0 0.516357421875 0.6735026041666666 0.0166015625 0.016927083333333332
0 0.746826171875 0.5319010416666666 0.015625 0.022786458333333332
0 0.64892578125 0.6051432291666666 0.0234375 0.024739583333333332
0 0.807373046875 0.6767578125 0.013671875 0.018880208333333332
0 0.57275390625 0.4733072916666667 0.01123046875 0.0234375
0 0.544677734375 0.318359375 0.0166015625 0.035807291666666664
0 0.48193359375 0.3209635416666667 0.01416015625 0.020833333333333332
0 0.276123046875 0.4440104166666667 0.02001953125 0.034505208333333336
0 0.108642578125 0.7278645833333334 0.0107421875 0.01171875
0 0.3994140625 0.6214192708333334 0.01416015625 0.015625
0 0.6923828125 0.8125 0.0244140625 0.018229166666666668
0 0.76171875 0.6936848958333334 0.013671875 0.020182291666666668
0 0.921142578125 0.5784505208333334 0.0205078125 0.017578125
0 0.932373046875 0.3723958333333333 0.01806640625 0.022135416666666668
0 0.584716796875 0.5084635416666666 0.0087890625 0.012369791666666666
0 0.50927734375 0.5400390625 0.01171875 0.018229166666666668
0 0.565673828125 0.3193359375 0.0146484375 0.020833333333333332
0 0.7158203125 0.3841145833333333 0.015625 0.02734375
0 0.848876953125 0.4720052083333333 0.0185546875 0.022786458333333332
0 0.874267578125 0.5224609375 0.01318359375 0.014973958333333334
0 0.519287109375 0.3186848958333333 0.02001953125 0.026692708333333332
0 0.051513671875 0.6936848958333334 0.02587890625 0.020833333333333332
0 0.11865234375 0.72265625 0.00830078125 0.015625
0 0.251220703125 0.4680989583333333 0.013671875 0.0234375
0 0.28857421875 0.3294270833333333 0.0078125 0.022786458333333332
0 0.658935546875 0.5514322916666666 0.013671875 0.015625