0 0.4899088541666667 0.43701171875 0.0546875 0.041015625
0 0.6256510416666666 0.2548828125 0.040364583333333336 0.03564453125
0 0.3958333333333333 0.4541015625 0.041666666666666664 0.04833984375
0 0.24544270833333334 0.489990234375 0.057942708333333336 0.03369140625
0 0.5472005208333334 0.24462890625 0.040364583333333336 0.0322265625
0 0.3772786458333333 0.76708984375 0.035807291666666664 0.02978515625
0 0.2526041666666667 0.83056640625 0.040364583333333336 0.03564453125
0 0.2516276041666667 0.364990234375 0.013020833333333334 0.01220703125
0 0.4384765625 0.40771484375 0.015625 0.01611328125
0 0.37890625 0.91064453125 0.016927083333333332 0.01220703125
0 0.23502604166666666 0.57177734375 0.037760416666666664 0.0478515625
0 0.3590494791666667 0.57373046875 0.026041666666666668 0.0224609375
0 0.6324869791666666 0.193115234375 0.013020833333333334 0.01611328125
0 0.2506510416666667 0.313720703125 0.0234375 0.0107421875
0 0.20377604166666666 0.480224609375 0.017578125 0.0146484375
0 0.2669270833333333 0.568115234375 0.033854166666666664 0.02734375
0 0.2802734375 0.640380859375 0.017578125 0.01513671875
0 0.2555338541666667 0.70556640625 0.015625 0.0078125
0 0.251953125 0.889404296875 0.01171875 0.01220703125
0 0.4755859375 0.50146484375 0.01171875 0.009765625
0 0.5836588541666666 0.3544921875 0.012369791666666666 0.009765625
0 0.5032552083333334 0.702392578125 0.012369791666666666 0.009765625
0 0.4248046875 0.197265625 0.012369791666666666 0.009765625