0 0.4954232804232804 0.20539682539682538 0.04081018518518512 0.028819444444444453
0 0.25750661375661377 0.22805059523809523 0.018773148148148122 0.014136904761904767
0 0.29382605820105817 0.22131448412698412 0.01795634920634918 0.017805059523809508
0 0.35136574074074073 0.2127405753968254 0.022037037037037077 0.011676587301587327
0 0.36728174603174607 0.1857986111111111 0.016322751322751294 0.009211309523809497
0 0.38809523809523805 0.17937003968253967 0.018773148148148195 0.012269345238095253
0 0.26158730158730154 0.2755059523809523 0.022037037037037004 0.01355406746031751
0 0.22608134920634917 0.3220411706349206 0.03754298941798943 0.01725446428571431
0 0.24689484126984126 0.31132688492063487 0.020403439153439118 0.0154117063492063
0 0.3762599206349206 0.3471502976190476 0.04570767195767189 0.031966765873015834
0 0.40278769841269835 0.3229613095238095 0.02530092592592596 0.025215773809523778
0 0.23995701058201058 0.3716418650793651 0.03264880952380955 0.03198164682539684
0 0.26852513227513225 0.35235119047619046 0.016322751322751294 0.01298859126984131
0 0.5533730158730159 0.3208209325396825 0.03427910052910047 0.034399801587301604
0 0.5782671957671958 0.31592013888888887 0.026934523809523842 0.020925099206349218
0 0.6921230158730158 0.3453100198412698 0.029381613756613707 0.008697916666666639
0 0.7031415343915345 0.33122767857142854 0.015505952380952278 0.014811507936507984
0 0.5994874338624337 0.29020089285714284 0.015505952380952426 0.018459821428571388
0 0.6578439153439154 0.20722966269841267 0.019589947089947064 0.012899305555555574
0 0.5027678571428571 0.3707068452380952 0.02122023809523806 0.016641865079365048
0 0.5390906084656084 0.34345734126984123 0.022037037037037077 0.013563988095238066
0 0.3174966931216931 0.41937251984126983 0.0261177248677249 0.020930059523809552
0 0.3962566137566137 0.46805555555555556 0.041626984126984144 0.03749007936507942
0 0.6239715608465609 0.4187524801587302 0.03509589947089949 0.01601686507936506
0 0.3350429894179894 0.5203943452380952 0.0334623015873016 0.020967261904761836
0 0.2787268518518518 0.5445808531746031 0.022037037037037004 0.019144345238095273
0 0.3166798941798942 0.5654017857142857 0.03264880952380955 0.026505456349206424
0 0.35381613756613756 0.5516220238095237 0.04652116402116402 0.01976190476190487
0 0.2493452380952381 0.5758085317460316 0.022037037037037004 0.017938988095238084
0 0.19343584656084656 0.6627579365079365 0.013058862433862414 0.010644841269841221
0 0.18853835978835976 0.6489806547619047 0.016322751322751294 0.010022321428571512
0 0.228125 0.6446974206349206 0.026934523809523842 0.034513888888888955
0 0.24730489417989418 0.6137748015873015 0.029381613756613783 0.031433531746031695
0 0.28770502645502644 0.6143849206349206 0.017139550264550236 0.014288194444444402
0 0.34402116402116395 0.681438492063492 0.03835978835978837 0.03208581349206341
0 0.34402116402116395 0.6517385912698412 0.018773148148148195 0.022884424603174525
0 0.3085185185185185 0.6786780753968253 0.0261177248677249 0.014327876984127075
0 0.46604166666666663 0.6171428571428571 0.03754298941798936 0.0308234126984126
0 0.5905092592592592 0.5412152777777777 0.02530092592592596 0.028328373015872987
0 0.5827546296296297 0.5751661706349206 0.02448412698412694 0.0301190476190476
0 0.619074074074074 0.5467261904761904 0.028564814814814838 0.022204861111111196
0 0.5545965608465607 0.4205853174603174 0.018773148148148195 0.016006944444444393
0 0.663148148148148 0.49253224206349205 0.017139550264550312 0.011765873015873063
0 0.5566369047619047 0.6685466269841269 0.03427910052910047 0.033236607142857144
0 0.5705125661375662 0.6431324404761904 0.02122023809523806 0.01913938492063494
0 0.17343915343915342 0.8228174603174603 0.023670634920634887 0.022244543650793647
0 0.17874338624338623 0.8041393849206349 0.031015211640211666 0.017946428571428585
0 0.17017526455026455 0.882517361111111 0.02530092592592596 0.011870039682539746
0 0.21791997354497353 0.8757862103174603 0.039176587301587316 0.03268353174603167
0 0.23179563492063493 0.8910937499999999 0.0408101851851852 0.0314707341269842
0 0.2864814814814815 0.9060937499999999 0.03264880952380955 0.016170634920634974
0 0.38197420634920626 0.877313988095238 0.019589947089947064 0.01737847222222233
0 0.4211507936507936 0.8785367063492063 0.011425264550264528 0.013705357142857144
0 0.44971891534391534 0.8972147817460318 0.029381613756613707 0.02657490079365088
0 0.5394973544973545 0.9253819444444443 0.019589947089947064 0.01679563492063485
0 0.5754100529100529 0.8959895833333333 0.02122023809523806 0.018003472222222205
0 0.6688624338624338 0.9125223214285714 0.02530092592592581 0.018013392857142874
0 0.6264219576719576 0.8806820436507936 0.02530092592592596 0.019218750000000062
0 0.6558035714285714 0.869047619047619 0.022037037037036928 0.014312996031746072
0 0.550109126984127 0.8258779761904762 0.031015211640211593 0.02102182539682529
0 0.6019345238095238 0.7680133928571429 0.02040343915343919 0.024047619047619095
0 0.6325429894179894 0.7723015873015873 0.02448412698412694 0.030173611111111054
0 0.5607175925925926 0.7585243055555555 0.03754298941798936 0.0234300595238095
0 0.44196428571428564 0.5436433531746031 0.022037037037037077 0.014821428571428541
0 0.47216269841269837 0.5479315476190476 0.015505952380952426 0.017274305555555536
0 0.6112367724867726 0.21206349206349204 0.019232804232804195 0.010414186507936518
0 0.2508035714285714 0.43668650793650793 0.013078703703703676 0.010181051587301537
0 0.26349867724867726 0.42947420634920636 0.014616402116402138 0.01421626984126989
0 0.3331216931216931 0.3613665674603174 0.013078703703703676 0.011865079365079412
0 0.2946560846560846 0.3781051587301587 0.018465608465608446 0.011299603174603212
0 0.3331216931216931 0.3192485119047619 0.013078703703703676 0.013025793650793704
0 0.2896560846560846 0.32776041666666667 0.025386904761904788 0.014474206349206375
0 0.32887235449735447 0.275203373015873 0.01409722222222228 0.01101438492063489
0 0.38499338624338625 0.28438492063492066 0.04282076719576722 0.024987599206349187
0 0.2461574074074074 0.2618328373015873 0.0167559523809524 0.013799603174603159
0 0.2570601851851852 0.2626314484126984 0.015691137566137565 0.007016369047619042
0 0.32581679894179894 0.26343005952380955 0.013296957671957635 0.00981150793650798
0 0.304537037037037 0.2905679563492063 0.00851190476190474 0.009828869047619038
0 0.3650462962962963 0.3191021825396825 0.011967592592592613 0.009446924603174645
0 0.4451025132275132 0.24518601190476186 0.01569113756613764 0.011222718253968256
0 0.428614417989418 0.24708085317460315 0.015158730158730224 0.010624999999999996
0 0.5866005291005291 0.2367063492063492 0.01409722222222228 0.009022817460317467
0 0.5863326719576719 0.22533234126984125 0.00930886243386242 0.007819940476190501
0 0.7145337301587301 0.21715029761904758 0.012499999999999881 0.009412202380952361
0 0.6944510582010581 0.3063194444444444 0.013296957671957562 0.010610119047618993
0 0.6162566137566137 0.33564980158730157 0.01329695767195771 0.010230654761904767
0 0.5767592592592592 0.33684771825396825 0.01090608465608467 0.009432043650793642
0 0.686871693121693 0.43159970238095235 0.01941468253968252 0.017011408730158717
0 0.600297619047619 0.4409771825396825 0.017552910052910004 0.011431051587301622
0 0.5683796296296296 0.41773065476190474 0.012235449735449766 0.009620535714285672
0 0.48992063492063487 0.40625744047619045 0.012235449735449766 0.008616071428571459
0 0.44696428571428565 0.43268601190476186 0.013032407407407446 0.009208829365079385
0 0.6440509259259258 0.4897495039682539 0.04069444444444444 0.03436755952380954
0 0.5105324074074074 0.5382217261904761 0.013032407407407446 0.013224206349206291
0 0.4873941798941799 0.5511904761904762 0.01090608465608467 0.007643849206349307
0 0.4859292328042328 0.569250992063492 0.013829365079365127 0.007854662698412618
0 0.5056117724867725 0.559672619047619 0.014361772486772542 0.010642361111111054
0 0.5691798941798941 0.5497941468253968 0.022873677248677282 0.010436507936507855
0 0.5111970899470899 0.6679861111111112 0.011703042328042349 0.011433531746031678
0 0.5041501322751322 0.685344742063492 0.016223544973544907 0.0094494047619047
0 0.4843353174603175 0.6797594246031745 0.017552910052910004 0.012239583333333304
0 0.44443783068783066 0.6416468253968254 0.011170634920634933 0.01141617063492073
0 0.592850529100529 0.7007018849206349 0.017552910052910004 0.009838789682539595
0 0.6921924603174604 0.684937996031746 0.013032407407407298 0.013023313492063426
0 0.6610714285714285 0.7370114087301587 0.015158730158730224 0.01383928571428572
0 0.5866005291005291 0.7464905753968253 0.013032407407407446 0.013645833333333357
0 0.5327414021164021 0.746187996031746 0.01649140211640206 0.008653273809523743
0 0.4760879629629629 0.722938988095238 0.023938492063492117 0.014818948412698374
0 0.4439054232804232 0.7011904761904761 0.019150132275132254 0.011215277777777866
0 0.41637896825396825 0.6957043650793651 0.011967592592592613 0.01141617063492073
0 0.3762169312169312 0.668469742063492 0.014629629629629696 0.011602182539682593
0 0.37767857142857136 0.6886235119047619 0.010105820105820099 0.008023313492063533
0 0.3222255291005291 0.7189434523809524 0.025267857142857064 0.013608630952380851
0 0.30360780423280426 0.7417906746031746 0.010373677248677252 0.012224702380952301
0 0.25466931216931216 0.7171453373015874 0.00930886243386242 0.006423611111111116
0 0.2125099206349206 0.8010391865079365 0.012235449735449766 0.01063740079365072
0 0.26583994708994707 0.8049305555555555 0.013032407407407373 0.01163690476190471
0 0.3260813492063492 0.7718055555555555 0.01755291005291008 0.0080257936507937
0 0.3341931216931217 0.7936557539682539 0.019947089947089935 0.01143105158730151
0 0.37435515873015873 0.7673164682539683 0.013564814814814863 0.008621031746031793
0 0.3662433862433862 0.7771949404761904 0.01861772486772484 0.008028273809523867
0 0.42874669312169306 0.79265625 0.019682539682539673 0.015414186507936467
0 0.5078736772486773 0.7676140873015872 0.014629629629629696 0.011612103174603261
0 0.5397883597883597 0.8032316468253968 0.025267857142857213 0.010238095238095157
0 0.36836970899470894 0.8302604166666666 0.011170634920634933 0.012026289682539604
0 0.30653108465608464 0.7853670634920634 0.039629629629629605 0.04073412698412704
0 0.6250330687830687 0.8021279761904762 0.01861772486772484 0.017604166666666643
0 0.6729067460317459 0.8217832341269841 0.023406084656084698 0.020610119047619113
0 0.6449801587301588 0.8564012896825397 0.01649140211640206 0.009255952380952337
0 0.5917857142857142 0.9121527777777778 0.02021494708994709 0.0094494047619047
0 0.6020271164021164 0.958829365079365 0.017820767195767157 0.010243055555555491
0 0.38991402116402113 0.9200198412698413 0.01649140211640206 0.016805555555555518
0 0.27807208994708993 0.857281746031746 0.014629629629629623 0.011413690476190563
0 0.18524801587301587 0.8452132936507937 0.0167559523809524 0.013608630952380851
0 0.3311243386243386 0.5999255952380952 0.01554232804232806 0.012460317460317505
0 0.22121031746031747 0.6149677579365079 0.0117824074074074 0.009459325396825369
0 0.20291335978835978 0.5746304563492063 0.0117824074074074 0.011502976190476133
0 0.22108465608465608 0.5690823412698413 0.010529100529100536 0.008678075396825413
0 0.30443121693121694 0.503189484126984 0.021808862433862448 0.014131944444444544
0 0.35030092592592593 0.483546626984127 0.0117824074074074 0.00943452380952381
0 0.2925231481481481 0.47442460317460317 0.013035714285714262 0.012624007936507975
0 0.30267526455026456 0.4622073412698412 0.018799603174603163 0.01149801587301591
0 0.43126653439153445 0.5013144841269841 0.009275793650793673 0.0126364087301587
0 0.42224206349206345 0.5152306547619047 0.01679563492063485 0.012269345238095308
0 0.39466931216931217 0.5159821428571428 0.01629298941798944 0.008509424603174498
0 0.4686144179894179 0.5136334325396824 0.012784391534391482 0.010952380952381047
0 0.5800330687830687 0.5028224206349207 0.00952380952380949 0.007378472222222321
0 0.23073412698412699 0.39678571428571424 0.01529100529100528 0.011128472222222241
0 0.4055125661375661 0.3457043650793651 0.01388558201058195 0.01355406746031751
0 0.4012533068783069 0.2326835317460317 0.013568121693121752 0.014250992063492063
0 0.28117724867724864 0.17326636904761905 0.010730820105820124 0.010920138888888875
0 0.433369708994709 0.845890376984127 0.028591269841269806 0.025357142857142856
0 0.6619477513227513 0.27963045634920636 0.012341269841269783 0.01189980158730164
0 0.4342890211640211 0.4669022817460317 0.015866402116402185 0.012844742063492065
0 0.2655588624338624 0.5976041666666666 0.015866402116402112 0.013598710317460405
0 0.2172089947089947 0.7770362103174603 0.017377645502645533 0.01435515873015869
0 0.25875992063492065 0.9190724206349206 0.01687169312169316 0.02039930555555558
0 0.21179232804232806 0.8408779761904762 0.013597883597883609 0.010577876984126933
0 0.223505291005291 0.8370064484126983 0.013852513227513205 0.011520337301587302
0 0.6278339947089947 0.8597222222222222 0.013740079365079408 0.012534722222222294
0 0.583640873015873 0.6743526785714284 0.016712962962962912 0.013370535714285703
0 0.6118650793650794 0.6247718253968253 0.02265542328042332 0.02339781746031755
0 0.6846560846560846 0.5871676587301587 0.021911375661375725 0.014484126984126933
0 0.6501190476190476 0.5877256944444444 0.011514550264550246 0.01671378968253978
0 0.2705588624338624 0.7711458333333333 0.018197751322751293 0.011976686507936485
0 0.2102083333333333 0.8970461309523808 0.015598544973544959 0.010305059523809446
0 0.3034259259259259 0.6190600198412699 0.008912037037037024 0.009191468253968216
0 0.6191071428571429 0.4646081349206349 0.012625661375661382 0.02005456349206347
0 0.2482738095238095 0.2518030753968254 0.010770502645502647 0.010585317460317434
0 0.5033730158730159 0.1914161706349206 0.014791666666666684 0.01068700396825395