0 0.551025390625 0.2620442708333333 0.01904296875 0.034505208333333336
0 0.571044921875 0.20735677083333334 0.02783203125 0.041666666666666664
0 0.42626953125 0.19270833333333334 0.01953125 0.035807291666666664
0 0.37939453125 0.21419270833333334 0.03076171875 0.046223958333333336
0 0.363037109375 0.08854166666666667 0.01025390625 0.018880208333333332
0 0.645263671875 0.5885416666666666 0.01220703125 0.022135416666666668
0 0.415771484375 0.07063802083333333 0.013671875 0.017578125
0 0.409912109375 0.396484375 0.021484375 0.020833333333333332
0 0.425537109375 0.11360677083333333 0.01513671875 0.025390625
0 0.54443359375 0.2916666666666667 0.01171875 0.022135416666666668
0 0.374755859375 0.8017578125 0.00927734375 0.015625
0 0.613037109375 0.5836588541666666 0.015625 0.026041666666666668
0 0.38134765625 0.4231770833333333 0.00927734375 0.013671875
0 0.341064453125 0.11783854166666667 0.01806640625 0.038411458333333336
0 0.35546875 0.14127604166666666 0.00732421875 0.013671875
0 0.43310546875 0.3610026041666667 0.044921875 0.06380208333333333
0 0.625244140625 0.22135416666666666 0.01220703125 0.016927083333333332
0 0.628173828125 0.0830078125 0.015625 0.014322916666666666
0 0.673095703125 0.07063802083333333 0.0107421875 0.018229166666666668
0 0.575439453125 0.0859375 0.01416015625 0.024088541666666668
0 0.40283203125 0.4401041666666667 0.009765625 0.009765625
0 0.64794921875 0.4759114583333333 0.0107421875 0.013020833333333334
0 0.44970703125 0.3216145833333333 0.01025390625 0.016276041666666668
0 0.569091796875 0.7923177083333334 0.0087890625 0.012369791666666666
0 0.54150390625 0.6985677083333334 0.00830078125 0.014973958333333334
0 0.4853515625 0.14388020833333334 0.01708984375 0.037109375
0 0.634521484375 0.6663411458333334 0.0205078125 0.038411458333333336
0 0.6123046875 0.6591796875 0.01416015625 0.020833333333333332
0 0.40283203125 0.3326822916666667 0.01171875 0.013671875
0 0.422119140625 0.4814453125 0.0166015625 0.016276041666666668
0 0.4111328125 0.6197916666666666 0.01416015625 0.020182291666666668
0 0.432373046875 0.6162109375 0.013671875 0.013020833333333334
0 0.360595703125 0.6246744791666666 0.01171875 0.013020833333333334
0 0.3466796875 0.4759114583333333 0.0087890625 0.012369791666666666
0 0.39306640625 0.5309244791666666 0.01025390625 0.008463541666666666
0 0.612060546875 0.720703125 0.01416015625 0.012369791666666666
0 0.581787109375 0.7252604166666666 0.015625 0.01171875
0 0.525146484375 0.7998046875 0.005859375 0.013671875
0 0.510498046875 0.7268880208333334 0.01318359375 0.014322916666666666
0 0.455078125 0.7467447916666666 0.0068359375 0.008463541666666666
0 0.4365234375 0.763671875 0.0068359375 0.012369791666666666
0 0.384521484375 0.7718098958333334 0.005859375 0.009114583333333334
0 0.475341796875 0.3841145833333333 0.017578125 0.022786458333333332
0 0.44873046875 0.08430989583333333 0.00732421875 0.013020833333333334
0 0.65087890625 0.2945963541666667 0.01025390625 0.014322916666666666
0 0.650390625 0.3063151041666667 0.00830078125 0.011067708333333334
0 0.662353515625 0.15266927083333334 0.01171875 0.014973958333333334
0 0.57568359375 0.06705729166666667 0.01318359375 0.013020833333333334
0 0.65283203125 0.8225911458333334 0.01513671875 0.014322916666666666
0 0.6552734375 0.8466796875 0.00634765625 0.009765625
0 0.561279296875 0.4085286458333333 0.01220703125 0.010416666666666666
0 0.385498046875 0.29296875 0.009765625 0.009114583333333334
0 0.465087890625 0.3411458333333333 0.01171875 0.013020833333333334
0 0.50634765625 0.4143880208333333 0.01123046875 0.012369791666666666
0 0.66357421875 0.3248697916666667 0.00634765625 0.0078125
0 0.568359375 0.4951171875 0.00634765625 0.009114583333333334
0 0.57275390625 0.4169921875 0.0078125 0.014322916666666666
0 0.578369140625 0.416015625 0.00341796875 0.014322916666666666
0 0.56689453125 0.8505859375 0.0107421875 0.016276041666666668
0 0.628173828125 0.5784505208333334 0.01171875 0.012369791666666666
0 0.591796875 0.21256510416666666 0.01171875 0.022786458333333332
0 0.369384765625 0.044596354166666664 0.0146484375 0.009765625
0 0.557861328125 0.022135416666666668 0.01513671875 0.02734375