0 0.5895182291666666 0.349365234375 0.025390625 0.01513671875
0 0.7320963541666666 0.571044921875 0.060546875 0.03369140625
0 0.6536458333333334 0.359130859375 0.018880208333333332 0.01953125
0 0.5667317708333334 0.325439453125 0.018880208333333332 0.01123046875
0 0.2626953125 0.606201171875 0.016276041666666668 0.0107421875
0 0.2740885416666667 0.39599609375 0.026692708333333332 0.017578125
0 0.8232421875 0.33154296875 0.021484375 0.013671875
0 0.3531901041666667 0.329345703125 0.014322916666666666 0.01171875
0 0.3763020833333333 0.622802734375 0.018229166666666668 0.0107421875
0 0.3636067708333333 0.34228515625 0.018229166666666668 0.01171875
0 0.5341796875 0.553466796875 0.0234375 0.013671875
0 0.365234375 0.6669921875 0.016276041666666668 0.00732421875
0 0.23990885416666666 0.424072265625 0.014322916666666666 0.013671875
0 0.8600260416666666 0.308349609375 0.01953125 0.01318359375
0 0.916015625 0.556640625 0.0234375 0.01904296875
0 0.9075520833333334 0.48681640625 0.014322916666666666 0.01513671875
0 0.5927734375 0.392822265625 0.021484375 0.01025390625
0 0.619140625 0.314697265625 0.033203125 0.0263671875
0 0.22884114583333334 0.30078125 0.016276041666666668 0.009765625
0 0.19401041666666666 0.40869140625 0.018229166666666668 0.01708984375
0 0.91015625 0.502685546875 0.021484375 0.0185546875
0 0.9791666666666666 0.599365234375 0.041666666666666664 0.03271484375