0 0.2991536458333333 0.4853515625 0.037760416666666664 0.02587890625
0 0.5875651041666666 0.362548828125 0.033854166666666664 0.0302734375
0 0.5602213541666666 0.602294921875 0.033854166666666664 0.02392578125
0 0.33984375 0.3623046875 0.025390625 0.0146484375
0 0.23209635416666666 0.582275390625 0.018880208333333332 0.01318359375
0 0.24772135416666666 0.335693359375 0.0390625 0.02294921875
0 0.400390625 0.52587890625 0.017578125 0.01123046875
0 0.19140625 0.4248046875 0.0234375 0.01318359375
0 0.2503255208333333 0.45361328125 0.033854166666666664 0.015625
0 0.6595052083333334 0.535888671875 0.021484375 0.0087890625
0 0.166015625 0.472900390625 0.033854166666666664 0.01416015625
0 0.8173828125 0.5361328125 0.042317708333333336 0.02587890625
0 0.6842447916666666 0.588623046875 0.016927083333333332 0.0146484375
0 0.650390625 0.30078125 0.014973958333333334 0.00927734375
0 0.5022786458333334 0.593017578125 0.026041666666666668 0.0126953125
0 0.4547526041666667 0.585693359375 0.020182291666666668 0.01806640625
0 0.7428385416666666 0.278564453125 0.012369791666666666 0.01123046875
0 0.6402994791666666 0.390625 0.01953125 0.0126953125
0 0.6829427083333334 0.387451171875 0.036458333333333336 0.02490234375
0 0.7102864583333334 0.59423828125 0.016927083333333332 0.009765625
0 0.032552083333333336 0.35302734375 0.024739583333333332 0.02099609375
0 0.9075520833333334 0.496826171875 0.016276041666666668 0.01123046875
0 0.3541666666666667 0.28076171875 0.022786458333333332 0.01611328125
0 0.6236979166666666 0.602294921875 0.016927083333333332 0.0107421875
0 0.6227213541666666 0.296875 0.016927083333333332 0.01220703125
0 0.8235677083333334 0.586669921875 0.020833333333333332 0.01611328125
0 0.3186848958333333 0.601318359375 0.02734375 0.01171875
0 0.9192708333333334 0.611083984375 0.015625 0.01025390625
0 0.08365885416666667 0.3193359375 0.025390625 0.015625
0 0.4651692708333333 0.42041015625 0.014322916666666666 0.0107421875
0 0.2561848958333333 0.525634765625 0.014973958333333334 0.01025390625
0 0.4765625 0.38037109375 0.014322916666666666 0.0078125
0 0.005859375 0.464111328125 0.01171875 0.01025390625
0 0.8525390625 0.4208984375 0.028645833333333332 0.0244140625
0 0.8681640625 0.52783203125 0.0234375 0.0224609375
0 0.9309895833333334 0.597412109375 0.016927083333333332 0.0126953125
0 0.5852864583333334 0.387451171875 0.016927083333333332 0.0107421875
0 0.2913411458333333 0.334228515625 0.039713541666666664 0.03564453125
0 0.8411458333333334 0.361572265625 0.035807291666666664 0.01806640625
0 0.9244791666666666 0.2958984375 0.025390625 0.01513671875
0 0.302734375 0.44140625 0.015625 0.00830078125
0 0.06477864583333333 0.547119140625 0.048828125 0.02734375
0 0.06966145833333333 0.621337890625 0.020833333333333332 0.01708984375
0 0.012369791666666666 0.36572265625 0.024739583333333332 0.01953125
0 0.23567708333333334 0.480224609375 0.015625 0.00830078125
0 0.3694661458333333 0.28955078125 0.011067708333333334 0.0126953125
0 0.4977213541666667 0.2958984375 0.009114583333333334 0.0078125
0 0.7708333333333334 0.545166015625 0.01171875 0.0078125
0 0.7470703125 0.519775390625 0.011067708333333334 0.0078125
0 0.900390625 0.619384765625 0.018880208333333332 0.0146484375
0 0.9462890625 0.51318359375 0.013671875 0.01123046875