0 0.6363932291666666 0.753173828125 0.029296875 0.02294921875
0 0.5240885416666666 0.7333984375 0.028645833333333332 0.013671875
0 0.7164713541666666 0.71630859375 0.018229166666666668 0.01513671875
0 0.7080078125 0.659423828125 0.020182291666666668 0.0146484375
0 0.5836588541666666 0.6630859375 0.05078125 0.03466796875
0 0.4850260416666667 0.673583984375 0.022135416666666668 0.01416015625
0 0.3463541666666667 0.6787109375 0.022135416666666668 0.0185546875
0 0.4720052083333333 0.639404296875 0.022135416666666668 0.0146484375
0 0.4280598958333333 0.637939453125 0.024088541666666668 0.0146484375
0 0.5423177083333334 0.638427734375 0.022786458333333332 0.01806640625
0 0.7125651041666666 0.6083984375 0.036458333333333336 0.02685546875
0 0.3473307291666667 0.5439453125 0.024088541666666668 0.01953125
0 0.5582682291666666 0.547607421875 0.020182291666666668 0.01806640625
0 0.626953125 0.48583984375 0.022786458333333332 0.0146484375
0 0.7425130208333334 0.467041015625 0.026692708333333332 0.01806640625
0 0.7526041666666666 0.3740234375 0.024739583333333332 0.01953125
0 0.7317708333333334 0.37353515625 0.018229166666666668 0.00927734375
0 0.6832682291666666 0.383056640625 0.025390625 0.0224609375
0 0.7369791666666666 0.407470703125 0.015625 0.0146484375
0 0.6162109375 0.384033203125 0.02734375 0.0185546875
0 0.4752604166666667 0.396484375 0.028645833333333332 0.021484375
0 0.544921875 0.3916015625 0.024739583333333332 0.0146484375
0 0.439453125 0.422119140625 0.037760416666666664 0.033203125
0 0.4104817708333333 0.43701171875 0.014973958333333334 0.01318359375
0 0.5641276041666666 0.456787109375 0.028645833333333332 0.02001953125
0 0.5296223958333334 0.460693359375 0.020833333333333332 0.02099609375
0 0.4641927083333333 0.46875 0.041015625 0.025390625
0 0.4156901041666667 0.4921875 0.048828125 0.02978515625
0 0.3349609375 0.465576171875 0.024739583333333332 0.02099609375
0 0.3668619791666667 0.327880859375 0.039713541666666664 0.0234375
0 0.4527994791666667 0.31005859375 0.022135416666666668 0.01513671875
0 0.7067057291666666 0.34619140625 0.020833333333333332 0.01611328125
0 0.7708333333333334 0.314208984375 0.028645833333333332 0.01806640625
0 0.7604166666666666 0.2900390625 0.025390625 0.0166015625
0 0.6800130208333334 0.287353515625 0.01953125 0.01806640625
0 0.5087890625 0.267578125 0.02734375 0.0185546875
0 0.4169921875 0.28662109375 0.033203125 0.0224609375
0 0.3899739583333333 0.27001953125 0.024739583333333332 0.01513671875
0 0.5927734375 0.222900390625 0.028645833333333332 0.0244140625
0 0.5009765625 0.194580078125 0.031901041666666664 0.0283203125
0 0.4710286458333333 0.22119140625 0.022135416666666668 0.01806640625
0 0.3317057291666667 0.056884765625 0.036458333333333336 0.03125
0 0.4440104166666667 0.106201171875 0.030598958333333332 0.04296875
0 0.6220703125 0.075927734375 0.020833333333333332 0.015625
0 0.7893880208333334 0.1357421875 0.046875 0.03857421875
0 0.7513020833333334 0.064208984375 0.03125 0.0263671875
0 0.7057291666666666 0.0703125 0.033854166666666664 0.03759765625
0 0.8053385416666666 0.192138671875 0.020182291666666668 0.02197265625
0 0.7490234375 0.151123046875 0.028645833333333332 0.017578125
0 0.4973958333333333 0.04248046875 0.031901041666666664 0.017578125
0 0.6438802083333334 0.314453125 0.025390625 0.0185546875
0 0.3046875 0.732666015625 0.020833333333333332 0.0126953125
0 0.6142578125 0.762451171875 0.016276041666666668 0.0087890625
0 0.6311848958333334 0.716796875 0.0234375 0.02099609375
0 0.5188802083333334 0.74560546875 0.021484375 0.0126953125
0 0.474609375 0.720703125 0.013020833333333334 0.009765625
0 0.4749348958333333 0.71044921875 0.012369791666666666 0.01123046875
0 0.3763020833333333 0.7578125 0.018229166666666668 0.01123046875
0 0.3824869791666667 0.728271484375 0.011067708333333334 0.0126953125
0 0.3515625 0.7158203125 0.013020833333333334 0.0087890625
0 0.3313802083333333 0.740234375 0.016927083333333332 0.01318359375
0 0.3470052083333333 0.746826171875 0.012369791666666666 0.009765625
0 0.3203125 0.75048828125 0.009114583333333334 0.0087890625
0 0.3128255208333333 0.772705078125 0.013020833333333334 0.0087890625
0 0.294921875 0.771484375 0.01171875 0.00830078125
0 0.396484375 0.620361328125 0.015625 0.01123046875
0 0.3170572916666667 0.605712890625 0.011067708333333334 0.01025390625
0 0.3193359375 0.56494140625 0.009765625 0.00732421875
0 0.4886067708333333 0.585205078125 0.020182291666666668 0.013671875
0 0.3623046875 0.50927734375 0.016276041666666668 0.0107421875
0 0.3372395833333333 0.504638671875 0.016276041666666668 0.01171875
0 0.3382161458333333 0.4443359375 0.011067708333333334 0.00732421875
0 0.3821614583333333 0.373291015625 0.028645833333333332 0.0166015625
0 0.3684895833333333 0.35009765625 0.01953125 0.0166015625
0 0.3850911458333333 0.3134765625 0.018880208333333332 0.01220703125
0 0.333984375 0.29150390625 0.014973958333333334 0.013671875
0 0.3876953125 0.25439453125 0.028645833333333332 0.0126953125
0 0.3896484375 0.246337890625 0.020182291666666668 0.0126953125
0 0.2867838541666667 0.180908203125 0.014973958333333334 0.02001953125
0 0.2939453125 0.162109375 0.017578125 0.017578125
0 0.5022786458333334 0.21923828125 0.016276041666666668 0.01025390625
0 0.552734375 0.1689453125 0.016276041666666668 0.0166015625
0 0.5686848958333334 0.1953125 0.016927083333333332 0.01708984375
0 0.6868489583333334 0.20263671875 0.014973958333333334 0.01220703125
0 0.6184895833333334 0.23095703125 0.022135416666666668 0.01318359375
0 0.5660807291666666 0.24853515625 0.017578125 0.0146484375
0 0.5589192708333334 0.300537109375 0.015625 0.0185546875
0 0.5413411458333334 0.318603515625 0.017578125 0.01611328125
0 0.5257161458333334 0.30029296875 0.011067708333333334 0.0087890625
0 0.7242838541666666 0.2666015625 0.015625 0.0107421875
0 0.7819010416666666 0.218994140625 0.01171875 0.0068359375
0 0.7190755208333334 0.143310546875 0.013671875 0.01025390625
0 0.64453125 0.098876953125 0.021484375 0.015625
0 0.7337239583333334 0.087158203125 0.013020833333333334 0.0087890625
0 0.8408203125 0.07861328125 0.018229166666666668 0.015625
0 0.4814453125 0.11474609375 0.0234375 0.0146484375
0 0.4889322916666667 0.15673828125 0.017578125 0.01708984375
0 0.4638671875 0.1484375 0.013020833333333334 0.00732421875
0 0.37109375 0.08642578125 0.024088541666666668 0.0146484375
0 0.3196614583333333 0.084228515625 0.026692708333333332 0.0205078125
0 0.3899739583333333 0.112548828125 0.018880208333333332 0.01611328125
0 0.390625 0.12744140625 0.022135416666666668 0.01806640625
0 0.3277994791666667 0.140380859375 0.015625 0.01708984375
0 0.521484375 0.40625 0.016276041666666668 0.01416015625
0 0.7151692708333334 0.408935546875 0.009765625 0.005859375
0 0.7347005208333334 0.43896484375 0.01171875 0.01123046875
0 0.5703125 0.469970703125 0.016276041666666668 0.0078125
0 0.5413411458333334 0.509765625 0.021484375 0.013671875
0 0.5299479166666666 0.625 0.016927083333333332 0.01220703125
0 0.6422526041666666 0.648193359375 0.011067708333333334 0.00634765625
0 0.69921875 0.648681640625 0.020182291666666668 0.009765625
0 0.3050130208333333 0.62060546875 0.013020833333333334 0.01220703125
0 0.3844401041666667 0.239013671875 0.013671875 0.00830078125
0 0.3665364583333333 0.733154296875 0.016276041666666668 0.01318359375
0 0.3346354166666667 0.653564453125 0.010416666666666666 0.00732421875
0 0.5699869791666666 0.358642578125 0.0078125 0.009765625
0 0.5865885416666666 0.29052734375 0.0078125 0.01025390625
0 0.5305989583333334 0.7236328125 0.013020833333333334 0.00927734375
0 0.3346354166666667 0.42333984375 0.014973958333333334 0.00927734375
0 0.3662109375 0.31201171875 0.012369791666666666 0.01220703125