0 0.5989583333333334 0.595458984375 0.0546875 0.03759765625
0 0.6136067708333334 0.630615234375 0.018229166666666668 0.01904296875
0 0.6669921875 0.660400390625 0.016927083333333332 0.017578125
0 0.7386067708333334 0.457763671875 0.033854166666666664 0.025390625
0 0.7428385416666666 0.394287109375 0.0234375 0.01708984375
0 0.8971354166666666 0.656494140625 0.028645833333333332 0.02001953125
0 0.9166666666666666 0.533447265625 0.029947916666666668 0.01708984375
0 0.4166666666666667 0.477294921875 0.038411458333333336 0.02099609375
0 0.4658203125 0.555908203125 0.038411458333333336 0.02587890625
0 0.5065104166666666 0.68115234375 0.040364583333333336 0.02099609375
0 0.4391276041666667 0.505615234375 0.036458333333333336 0.0302734375
0 0.46484375 0.5078125 0.056640625 0.03564453125
0 0.3404947916666667 0.6953125 0.028645833333333332 0.01708984375
0 0.6640625 0.484130859375 0.0234375 0.01611328125
0 0.71484375 0.5576171875 0.021484375 0.01123046875
0 0.8873697916666666 0.409912109375 0.01953125 0.02197265625
0 0.5598958333333334 0.652587890625 0.014322916666666666 0.01904296875
0 0.3821614583333333 0.62255859375 0.020833333333333332 0.0146484375
0 0.3359375 0.66064453125 0.022786458333333332 0.0107421875
0 0.3307291666666667 0.60546875 0.016276041666666668 0.0126953125
0 0.2789713541666667 0.52001953125 0.018880208333333332 0.01708984375
0 0.19986979166666666 0.49609375 0.041015625 0.02783203125
0 0.123046875 0.562744140625 0.027994791666666668 0.01904296875
0 0.23079427083333334 0.544677734375 0.01953125 0.01904296875
0 0.1142578125 0.367919921875 0.027994791666666668 0.01416015625
0 0.14680989583333334 0.3505859375 0.029947916666666668 0.02978515625
0 0.21842447916666666 0.44921875 0.0234375 0.01318359375
0 0.3326822916666667 0.406494140625 0.020182291666666668 0.01513671875
0 0.4606119791666667 0.414794921875 0.024739583333333332 0.01611328125
0 0.9261067708333334 0.34375 0.01953125 0.015625
0 0.7848307291666666 0.354736328125 0.014322916666666666 0.0087890625
0 0.5100911458333334 0.39404296875 0.020833333333333332 0.01123046875
0 0.544921875 0.462890625 0.015625 0.0126953125
0 0.5872395833333334 0.561767578125 0.015625 0.01611328125
0 0.5546875 0.57373046875 0.013020833333333334 0.01123046875
0 0.2952473958333333 0.5478515625 0.0234375 0.01611328125
0 0.2509765625 0.565185546875 0.020833333333333332 0.0205078125
0 0.3053385416666667 0.59423828125 0.022786458333333332 0.02392578125
0 0.21451822916666666 0.658203125 0.022786458333333332 0.0224609375
0 0.23763020833333334 0.672119140625 0.020833333333333332 0.015625
0 0.059244791666666664 0.60986328125 0.061848958333333336 0.05078125
0 0.0068359375 0.36181640625 0.013671875 0.0166015625
0 0.0078125 0.333251953125 0.015625 0.01806640625
0 0.220703125 0.377685546875 0.024739583333333332 0.01904296875
0 0.2819010416666667 0.3955078125 0.021484375 0.01220703125
0 0.4192708333333333 0.410400390625 0.016276041666666668 0.01416015625
0 0.080078125 0.653076171875 0.026041666666666668 0.01806640625
0 0.13541666666666666 0.69189453125 0.026692708333333332 0.0126953125
0 0.10319010416666667 0.61767578125 0.024739583333333332 0.0126953125
0 0.005859375 0.4619140625 0.01171875 0.0458984375
0 0.0419921875 0.5244140625 0.045572916666666664 0.02001953125
0 0.6028645833333334 0.44189453125 0.017578125 0.01025390625
0 0.5869140625 0.4130859375 0.014973958333333334 0.0126953125
0 0.8167317708333334 0.501953125 0.03125 0.02392578125
0 0.1650390625 0.58984375 0.0234375 0.017578125
0 0.8994140625 0.499267578125 0.0234375 0.013671875
0 0.849609375 0.44921875 0.017578125 0.0126953125
0 0.85546875 0.418212890625 0.015625 0.01171875
0 0.8447265625 0.34716796875 0.012369791666666666 0.02099609375
0 0.8033854166666666 0.343994140625 0.01171875 0.0068359375
0 0.765625 0.329833984375 0.017578125 0.013671875
0 0.8056640625 0.333251953125 0.015625 0.01171875
0 0.8177083333333334 0.340576171875 0.01171875 0.0078125
0 0.8147786458333334 0.333740234375 0.0078125 0.0068359375
0 0.8349609375 0.3642578125 0.055338541666666664 0.03125
0 0.8255208333333334 0.35595703125 0.01953125 0.01171875
0 0.73046875 0.486572265625 0.017578125 0.01513671875
0 0.7581380208333334 0.48388671875 0.017578125 0.01025390625
0 0.7509765625 0.549560546875 0.009765625 0.01123046875
0 0.7900390625 0.508544921875 0.014973958333333334 0.0078125
0 0.751953125 0.4130859375 0.010416666666666666 0.009765625
0 0.7770182291666666 0.438720703125 0.016927083333333332 0.0146484375
0 0.7757161458333334 0.5908203125 0.013671875 0.0146484375
0 0.7581380208333334 0.651123046875 0.013671875 0.01025390625
0 0.755859375 0.693359375 0.012369791666666666 0.0068359375
0 0.7610677083333334 0.683837890625 0.011067708333333334 0.00927734375
0 0.7845052083333334 0.668701171875 0.013020833333333334 0.01611328125
0 0.8600260416666666 0.647216796875 0.015625 0.00927734375
0 0.8271484375 0.701171875 0.010416666666666666 0.00927734375
0 0.8502604166666666 0.703369140625 0.01171875 0.01318359375
0 0.6741536458333334 0.69677734375 0.009114583333333334 0.0078125
0 0.6637369791666666 0.638671875 0.01171875 0.0234375
0 0.6848958333333334 0.625732421875 0.015625 0.01123046875
0 0.6813151041666666 0.639892578125 0.0234375 0.02099609375
0 0.6793619791666666 0.55908203125 0.018880208333333332 0.01513671875
0 0.697265625 0.47509765625 0.008463541666666666 0.00927734375
0 0.6243489583333334 0.369384765625 0.011067708333333334 0.02294921875
0 0.5546875 0.36328125 0.013020833333333334 0.01171875
0 0.5732421875 0.349365234375 0.013020833333333334 0.0087890625
0 0.7047526041666666 0.333740234375 0.012369791666666666 0.0078125
0 0.6741536458333334 0.33251953125 0.010416666666666666 0.00732421875
0 0.6614583333333334 0.332763671875 0.011067708333333334 0.01025390625
0 0.5406901041666666 0.386474609375 0.009765625 0.005859375
0 0.5732421875 0.398681640625 0.008463541666666666 0.00927734375
0 0.5188802083333334 0.426513671875 0.016276041666666668 0.01611328125
0 0.5071614583333334 0.408203125 0.016927083333333332 0.013671875
0 0.3857421875 0.51025390625 0.017578125 0.01220703125
0 0.4010416666666667 0.52783203125 0.01953125 0.01513671875
0 0.4401041666666667 0.535400390625 0.01953125 0.01318359375
0 0.451171875 0.62255859375 0.015625 0.0166015625
0 0.3125 0.36279296875 0.009765625 0.00634765625
0 0.2633463541666667 0.392578125 0.014973958333333334 0.01171875
0 0.2972005208333333 0.4326171875 0.020833333333333332 0.0146484375
0 0.19661458333333334 0.372314453125 0.020833333333333332 0.01611328125
0 0.17024739583333334 0.391845703125 0.014322916666666666 0.0234375
0 0.1865234375 0.451904296875 0.007161458333333333 0.015625
0 0.21354166666666666 0.436279296875 0.012369791666666666 0.0087890625
0 0.22135416666666666 0.422119140625 0.010416666666666666 0.00830078125
0 0.2708333333333333 0.4755859375 0.01171875 0.01611328125
0 0.248046875 0.5224609375 0.012369791666666666 0.009765625
0 0.263671875 0.549072265625 0.012369791666666666 0.00927734375
0 0.263671875 0.574951171875 0.011067708333333334 0.00830078125
0 0.2903645833333333 0.58154296875 0.011067708333333334 0.00732421875
0 0.3131510416666667 0.568115234375 0.014973958333333334 0.00927734375
0 0.34375 0.643798828125 0.013020833333333334 0.01123046875
0 0.357421875 0.62548828125 0.012369791666666666 0.01416015625
0 0.3583984375 0.671630859375 0.014322916666666666 0.0126953125
0 0.2565104166666667 0.646728515625 0.016927083333333332 0.0126953125
0 0.2620442708333333 0.653564453125 0.018880208333333332 0.00830078125
0 0.2353515625 0.658203125 0.016276041666666668 0.017578125
0 0.18684895833333334 0.667236328125 0.009765625 0.01123046875
0 0.158203125 0.67626953125 0.021484375 0.01318359375
0 0.1201171875 0.618896484375 0.01171875 0.009765625
0 0.14778645833333334 0.5498046875 0.013671875 0.0126953125
0 0.16634114583333334 0.55908203125 0.014322916666666666 0.005859375
0 0.013997395833333334 0.625244140625 0.01953125 0.01806640625
0 0.0068359375 0.6171875 0.013671875 0.017578125
0 0.017578125 0.53857421875 0.03515625 0.015625
0 0.107421875 0.33203125 0.013020833333333334 0.01025390625
0 0.5319010416666666 0.62060546875 0.014973958333333334 0.0087890625
0 0.8401692708333334 0.6552734375 0.014973958333333334 0.0087890625
0 0.22688802083333334 0.623046875 0.028645833333333332 0.025390625
0 0.07649739583333333 0.360107421875 0.014973958333333334 0.00927734375
0 0.82421875 0.484375 0.013671875 0.01171875
0 0.7444661458333334 0.42138671875 0.015625 0.0146484375
0 0.7141927083333334 0.697021484375 0.018229166666666668 0.01123046875
0 0.5680338541666666 0.557861328125 0.016276041666666668 0.00927734375
0 0.5836588541666666 0.50439453125 0.01953125 0.01513671875
0 0.6634114583333334 0.682373046875 0.012369791666666666 0.01318359375
0 0.6588541666666666 0.668701171875 0.014973958333333334 0.00927734375
0 0.22591145833333334 0.7041015625 0.014973958333333334 0.01513671875
0 0.057291666666666664 0.53955078125 0.014322916666666666 0.0107421875
0 0.005208333333333333 0.6044921875 0.010416666666666666 0.0087890625
0 0.016276041666666668 0.604248046875 0.013671875 0.0087890625
0 0.057942708333333336 0.38916015625 0.020833333333333332 0.01220703125
0 0.09407552083333333 0.337890625 0.009765625 0.0068359375
0 0.1962890625 0.32177734375 0.013671875 0.0126953125
0 0.16438802083333334 0.337646484375 0.01171875 0.01220703125
0 0.3779296875 0.388916015625 0.014322916666666666 0.0087890625
0 0.1513671875 0.486083984375 0.020182291666666668 0.0107421875