0 0.2526686507936508 0.2864211309523809 0.062457010582010586 0.03798115079365083
0 0.46587632275132274 0.2593700396825397 0.03690806878306881 0.030721726190476195
0 0.5263458994708995 0.2585193452380952 0.04201719576719576 0.03583333333333327
0 0.5717691798941799 0.24296874999999998 0.044289021164021225 0.018358134920634928
0 0.5632506613756613 0.29174355158730153 0.03974537037037029 0.02903769841269843
0 0.4636044973544973 0.3075049603174603 0.03917658730158724 0.026490575396825422
0 0.41449074074074077 0.3217757936507937 0.03633928571428576 0.0243700396825397
0 0.27481150793650794 0.3226264880952381 0.029523809523809508 0.02692708333333338
0 0.40029431216931216 0.34648065476190476 0.028389550264550294 0.021830357142857193
0 0.49653439153439155 0.30898809523809523 0.019874338624338666 0.01838541666666671
0 0.5916402116402116 0.33625248015873016 0.03066137566137561 0.027772817460317456
0 0.6296825396825397 0.3221924603174603 0.019305555555555614 0.0124305555555555
0 0.46445436507936505 0.37245783730158727 0.026117724867724828 0.019275793650793682
0 0.5110152116402116 0.4073883928571428 0.031795634920634974 0.024409722222222263
0 0.4630357142857143 0.4350595238095238 0.047126322751322704 0.02949652777777778
0 0.43407738095238096 0.47361111111111104 0.055076058201058174 0.03505952380952382
0 0.5433796296296296 0.4731820436507936 0.029523809523809508 0.021428571428571463
0 0.5578571428571428 0.46232142857142855 0.02441468253968256 0.02695932539682544
0 0.5953306878306878 0.4540054563492063 0.03349867724867724 0.022886904761904803
0 0.6095271164021164 0.4755257936507936 0.03009259259259256 0.02696676587301583
0 0.6810681216931217 0.491500496031746 0.03236441798941788 0.0239955357142857
0 0.6467162698412698 0.42440724206349206 0.01589947089947093 0.01756448412698408
0 0.6646031746031745 0.38287450396825395 0.04031415343915349 0.02222470238095242
0 0.24500330687830685 0.4016195436507936 0.04031415343915342 0.029050099206349156
0 0.4133531746031746 0.5313020833333333 0.031795634920634974 0.03290674603174604
0 0.3253472222222222 0.48891865079365077 0.028389550264550294 0.019685019841269802
0 0.27679894179894177 0.4671949404761905 0.027820767195767166 0.02222718253968259
0 0.24670634920634918 0.4812524801587302 0.03463624338624335 0.028199404761904745
0 0.2850330687830688 0.5093650793650794 0.019305555555555538 0.01628968253968255
0 0.23137566137566135 0.5025496031746032 0.02441468253968256 0.02224950396825398
0 0.34209656084656087 0.5572693452380951 0.03009259259259256 0.019263392857142847
0 0.44685515873015874 0.6401215277777776 0.035201719576719505 0.028258928571428532
0 0.5504761904761905 0.688673115079365 0.061888227513227534 0.04955853174603164
0 0.6186111111111111 0.6049652777777776 0.025552248677248663 0.026929563492063435
0 0.5862466931216931 0.5604489087301587 0.01533068783068788 0.024774305555555598
0 0.6756746031746032 0.5357440476190476 0.035201719576719505 0.02816468253968263
0 0.6929927248677249 0.5730183531746031 0.03463624338624349 0.032023809523809454
0 0.7086078042328041 0.5225396825396825 0.01589947089947093 0.024751984126984095
0 0.650975529100529 0.6349900793650793 0.047126322751322704 0.04269097222222218
0 0.6316699735449736 0.7182638888888888 0.03463624338624335 0.02442708333333332
0 0.6810681216931217 0.7110243055555555 0.026686507936508026 0.02186507936507942
0 0.6495568783068782 0.7678670634920635 0.02498346560846561 0.039312996031745984
0 0.7009424603174602 0.7614756944444444 0.031230158730158664 0.028234126984127084
0 0.6495568783068782 0.8049255952380951 0.026117724867724828 0.02400049603174592
0 0.6515443121693122 0.8411359126984127 0.031230158730158664 0.04106150793650798
0 0.6998048941798941 0.8336780753968254 0.016464947089946946 0.022740575396825502
0 0.386385582010582 0.7753199404761905 0.03690806878306881 0.026964285714285774
0 0.3171130952380952 0.7567931547619047 0.045992063492063494 0.04612103174603166
0 0.2697023809523809 0.734640376984127 0.03747354497354497 0.029920634920634903
0 0.2344973544973545 0.7250545634920634 0.020439814814814827 0.03034226190476197
0 0.2540873015873016 0.7186656746031745 0.031230158730158736 0.03459821428571419
0 0.27651455026455024 0.6671205357142856 0.038611111111111075 0.020935019841269886
0 0.23648478835978834 0.5695982142857142 0.03009259259259256 0.021778273809523796
0 0.2518154761904762 0.8053199404761905 0.034636243386243416 0.023090277777777724
0 0.31427248677248676 0.8543080357142857 0.02441468253968256 0.027378472222222117
0 0.2503968253968254 0.8811458333333333 0.030661375661375685 0.030803571428571486
0 0.2921296296296296 0.9162872023809523 0.03009259259259256 0.02613839285714281
0 0.42357473544973545 0.9077529761904761 0.03747354497354497 0.03206101190476196
0 0.5910747354497354 0.9162698412698412 0.031795634920634974 0.02866071428571426
0 0.6191798941798942 0.8730332341269841 0.02668650793650788 0.023095238095238058
0 0.5981712962962963 0.8326190476190476 0.027820767195767242 0.018918650793650738
0 0.5808531746031745 0.7859747023809524 0.02498346560846561 0.014203869047618944
0 0.6950264550264551 0.2793204365079365 0.03445436507936517 0.01595982142857144
0 0.21591931216931218 0.3574231150793651 0.024576719576719547 0.02447916666666672
0 0.24352513227513226 0.3404191468253968 0.015320767195767212 0.011059027777777786
0 0.3301818783068783 0.35670138888888886 0.015638227513227482 0.009632936507936507
0 0.3330555555555555 0.30522073412698414 0.02138558201058194 0.014389880952380918
0 0.249021164021164 0.20571180555555554 0.014252645502645489 0.010868055555555534
0 0.22188492063492063 0.21172867063492062 0.010089285714285726 0.011693948412698385
0 0.493558201058201 0.3507068452380952 0.013138227513227463 0.01166170634920638
0 0.38788690476190474 0.24288194444444441 0.025836640211640265 0.017137896825396848
0 0.27621031746031743 0.24173363095238093 0.01529761904761906 0.01790178571428569
0 0.26499338624338625 0.26353918650793645 0.02889550264550267 0.017661210317460263
0 0.3729265873015873 0.3388888888888889 0.010879629629629703 0.008239087301587289
0 0.3987632275132274 0.2849454365079365 0.01155753968253966 0.008462301587301546
0 0.330760582010582 0.3328720238095238 0.016223544973544984 0.012594246031746081
0 0.22765873015873017 0.2988120039682539 0.01046626984126986 0.009243551587301613
0 0.3441071428571428 0.40048859126984127 0.021458333333333357 0.011624503968253985
0 0.36190145502645504 0.4032366071428571 0.019365079365079325 0.013983134920634965
0 0.3348181216931217 0.4579017857142857 0.018055555555555564 0.011443452380952346
0 0.28706018518518517 0.4852827380952381 0.02459656084656081 0.02185019841269842
0 0.2209887566137566 0.483219246031746 0.012820767195767191 0.0075173611111111205
0 0.6404563492063492 0.5311061507936508 0.012298280423280369 0.008301091269841354
0 0.7002513227513227 0.5464186507936507 0.007328042328042332 0.007527281746031678
0 0.5900859788359788 0.6571006944444444 0.012559523809523743 0.012219742063491967
0 0.5530588624338625 0.5967435515873016 0.01177579365079362 0.013968253968253963
0 0.44236772486772485 0.6128397817460317 0.019103835978835953 0.011230158730158646
0 0.47769510582010577 0.5908531746031747 0.018578042328042315 0.013573908730158735
0 0.5882539682539683 0.6177480158730159 0.013607804232804277 0.00927083333333334
0 0.5963657407407407 0.5656324404761904 0.013607804232804277 0.007095734126984166
0 0.681412037037037 0.6060639880952381 0.017271825396825296 0.011810515873015959
0 0.629074074074074 0.6809523809523809 0.019887566137566075 0.01125248015873015
0 0.47847883597883595 0.6656324404761904 0.015962301587301535 0.010835813492063417
0 0.46408730158730155 0.6957688492063492 0.01701058201058207 0.016153273809523805
0 0.3212103174603174 0.6692633928571428 0.015439814814814786 0.01809771825396833
0 0.3049867724867725 0.6678893849206349 0.014914021164021149 0.013779761904761934
0 0.25448082010582007 0.6420882936507937 0.01596230158730161 0.010458829365079358
0 0.33978835978835975 0.6422842261904762 0.016484788359788432 0.008494543650793718
0 0.3688359788359788 0.6316840277777777 0.008634259259259203 0.010451388888888857
0 0.2856216931216931 0.6309970238095237 0.01177579365079362 0.010255456349206327
0 0.27567791005291004 0.6507266865079365 0.011253306878306871 0.007321428571428479
0 0.23577380952380952 0.682234623015873 0.013085317460317455 0.00989335317460327
0 0.2241269841269841 0.6875372023809524 0.012298280423280442 0.010682043650793727
0 0.22949074074074072 0.6376736111111111 0.013607804232804202 0.011835317460317407
0 0.2423148148148148 0.6220659722222222 0.013085317460317455 0.01202132936507927
0 0.28025793650793646 0.6195213293650793 0.02773809523809523 0.015565476190476213
0 0.3017162698412698 0.5784895833333332 0.018839285714285687 0.011222718253968145
0 0.27698743386243385 0.5708333333333333 0.014914021164021149 0.01003968253968246
0 0.23472552910052905 0.5535664682539683 0.01674603174603173 0.012400793650793718
0 0.2864054232804233 0.5387425595238095 0.010727513227513233 0.0070907738095238315
0 0.2312202380952381 0.5386483134920634 0.009140211640211652 0.0052728174603173805
0 0.23929232804232803 0.5841815476190476 0.018888888888888882 0.012031249999999938
0 0.2658763227513227 0.7874404761904762 0.013409391534391505 0.011140873015873076
0 0.34052579365079366 0.8507886904761904 0.023816137566137503 0.012053571428571441
0 0.22304894179894177 0.8489136904761905 0.01180886243386244 0.014007936507936414
0 0.2932936507936508 0.8170138888888888 0.01180886243386244 0.012346230158730265
0 0.317010582010582 0.8174627976190476 0.02161375661375664 0.011445932539682513
0 0.3470304232804233 0.7885615079365079 0.020013227513227577 0.017584325396825307
0 0.28619047619047616 0.8826091269841269 0.011607142857142852 0.008449900793650711
0 0.25096560846560845 0.9052058531746031 0.01801256613756615 0.014918154761904834
0 0.2423611111111111 0.921187996031746 0.026818783068783086 0.015362103174603181
0 0.4078703703703704 0.8516815476190476 0.011607142857142852 0.01023561507936499
0 0.3013988095238095 0.8398958333333333 0.012407407407407423 0.013082837301587213
0 0.26247354497354497 0.8624156746031746 0.014609788359788359 0.007390873015872934
0 0.22755291005291003 0.8659474206349206 0.012007275132275138 0.005143849206349138
0 0.2839880952380952 0.8422991071428572 0.011607142857142852 0.007080853174603163
0 0.2677777777777777 0.8194841269841269 0.01921296296296293 0.009486607142857206
0 0.36264219576719575 0.7984672619047619 0.016412037037037013 0.0076760912698412564
0 0.4720138888888888 0.8161830357142856 0.01861111111111106 0.015190972222222321
0 0.44309523809523804 0.8866592261904762 0.014408068783068847 0.01564980158730167
0 0.6163095238095238 0.8513120039682539 0.01300925925925922 0.014900793650793664
0 0.6949636243386244 0.8065798611111111 0.013009259259259368 0.007993551587301528
0 0.6271164021164021 0.8185193452380952 0.01701058201058207 0.013556547619047565
0 0.7000661375661376 0.7826388888888888 0.007605820105820153 0.009642857142857064
0 0.572880291005291 0.7166617063492063 0.007804232804232776 0.008876488095238111
0 0.6280191798941799 0.6662351190476191 0.01801256613756615 0.013092757936507882
0 0.646630291005291 0.6492708333333334 0.022414021164021136 0.01339037698412704
0 0.6505324074074075 0.5954637896825397 0.04182870370370365 0.02585317460317471
0 0.7006646825396824 0.554265873015873 0.008005952380952289 0.006200396825396748
0 0.637824074074074 0.44776785714285716 0.014408068783068847 0.006646825396825373
0 0.609103835978836 0.42675099206349204 0.02341600529100522 0.0180481150793651
0 0.7001653439153439 0.4514459325396825 0.010208333333333227 0.006195436507936525
0 0.5897916666666666 0.38945188492063487 0.010006613756613714 0.007693452380952426
0 0.6080059523809523 0.38735119047619043 0.02361441798941799 0.010094246031746024
0 0.6121064814814815 0.3599553571428571 0.012609126984126936 0.007537202380952346
0 0.6225132275132275 0.3625074404761905 0.007804232804232776 0.005436507936507962
0 0.6922619047619047 0.3610813492063492 0.012007275132275138 0.008888888888888835
0 0.6097685185185185 0.23587301587301585 0.016455026455026427 0.008859126984126997
0 0.6041798941798942 0.20471230158730158 0.01584656084656085 0.005962301587301599
0 0.5476951058201058 0.2633358134920635 0.010218253968253896 0.008779761904761929
0 0.623366402116402 0.33677331349206346 0.017668650793650837 0.0167633928571429
0 0.42210648148148144 0.34515625 0.011494708994709057 0.007023809523809543
0 0.3032208994708995 0.4849255952380952 0.01638888888888886 0.014846230158730211
0 0.23138227513227513 0.6729092261904762 0.01192129629629631 0.007663690476190421
0 0.5074636243386242 0.6014682539682539 0.019156746031746035 0.011654265873015879
0 0.665406746031746 0.5859821428571428 0.016177248677248606 0.010057043650793629
0 0.45733134920634916 0.7536235119047618 0.024897486772486783 0.017048611111111
0 0.35752976190476193 0.7075917658730159 0.011908068783068751 0.00844246031746021
0 0.5726752645502645 0.8700347222222222 0.013647486772486802 0.011639384920634877
0 0.5671560846560846 0.7631770833333333 0.017354497354497383 0.013015873015872925
0 0.33406415343915347 0.7315252976190476 0.011306216931216953 0.0096626984126984