0 0.2718253968253968 0.6917162698412698 0.05158730158730155 0.04067460317460325
0 0.5180224867724867 0.5766369047619048 0.052579365079365115 0.05208333333333326
0 0.6311177248677248 0.7007688492063492 0.029431216931216902 0.029017857142857206
0 0.5580357142857143 0.6644345238095237 0.03009259259259256 0.02331349206349209
0 0.5930886243386243 0.431547619047619 0.03339947089947085 0.0267857142857143
0 0.6805555555555555 0.44084821428571425 0.015873015873015817 0.015128968253968256
0 0.501984126984127 0.4593253968253968 0.023148148148148213 0.018849206349206393
0 0.2782738095238095 0.22978670634920634 0.028108465608465583 0.023065476190476164
0 0.5188492063492064 0.9407242063492063 0.028439153439153486 0.028273809523809534
0 0.3301917989417989 0.7622767857142857 0.026124338624338606 0.02008928571428581
0 0.4895833333333333 0.8643353174603174 0.02281746031746031 0.019345238095238138
0 0.5512566137566137 0.30803571428571425 0.02513227513227519 0.012896825396825351
0 0.251984126984127 0.6085069444444444 0.018518518518518528 0.02008928571428581
0 0.597718253968254 0.6966765873015872 0.024801587301587286 0.018849206349206282
0 0.3483796296296296 0.865203373015873 0.02414021164021163 0.02008928571428581
0 0.22354497354497352 0.7328869047619048 0.01719576719576721 0.010912698412698374
0 0.6979166666666666 0.32663690476190477 0.02347883597883597 0.016369047619047672
0 0.3635912698412698 0.5784970238095237 0.03869047619047613 0.023065476190476275
0 0.2352843915343915 0.6010664682539683 0.01620370370370372 0.013144841269841168
0 0.6134259259259259 0.9011656746031745 0.017857142857142794 0.014136904761904656
0 0.6861772486772487 0.7238343253968254 0.015211640211640306 0.011656746031746046
0 0.22255291005291003 0.6759672619047619 0.026455026455026436 0.02008928571428581
0 0.6377314814814815 0.44853670634920634 0.019510582010582016 0.01909722222222221
0 0.2005621693121693 0.7260664682539683 0.014219576719576743 0.013144841269841168
0 0.2481812169312169 0.3210565476190476 0.019510582010582016 0.014136904761904767
0 0.3349867724867725 0.3411458333333333 0.015873015873015817 0.011656746031746046
0 0.7056878306878307 0.644593253968254 0.01322751322751318 0.01140873015873023
0 0.21312830687830686 0.6997767857142857 0.02347883597883597 0.018105158730158832
0 0.22701719576719573 0.8157242063492063 0.014880952380952403 0.012896825396825351
0 0.4431216931216931 0.4559771825396825 0.011243386243386203 0.010664682539682557
0 0.5978835978835978 0.7326388888888888 0.01322751322751318 0.009920634920634885
0 0.683366402116402 0.771453373015873 0.026124338624338606 0.021081349206349298
0 0.5787037037037036 0.9129464285714285 0.011243386243386203 0.01041666666666674
0 0.6165674603174603 0.5886656746031745 0.011574074074074106 0.010664682539682557
0 0.6322751322751322 0.22259424603174602 0.011243386243386203 0.010168650793650813
0 0.6734457671957671 0.8723958333333333 0.012896825396825426 0.014136904761904656
0 0.2630621693121693 0.40240575396825395 0.012896825396825426 0.010664682539682557
0 0.48429232804232797 0.7269345238095237 0.020833333333333332 0.01041666666666674
0 0.5988756613756613 0.24739583333333331 0.03439153439153442 0.020585317460317443
0 0.275297619047619 0.49925595238095233 0.014880952380952403 0.01388888888888884
0 0.1884920634920635 0.9265873015873015 0.013227513227513255 0.011904761904761862
0 0.37020502645502645 0.7672371031746031 0.01554232804232806 0.011656746031746046
0 0.4862301587301587 0.9116021825396825 0.03402777777777777 0.014672619047618962
0 0.6301256613756613 0.8823164682539683 0.01620370370370372 0.011656746031746046
0 0.2867063492063492 0.3370535714285714 0.013227513227513255 0.010912698412698374
0 0.6765873015873015 0.2034970238095238 0.013888888888888987 0.009672619047619069
0 0.3933531746031746 0.6564980158730158 0.01620370370370372 0.012400793650793718
0 0.5128968253968254 0.4284474206349206 0.015873015873015817 0.00868055555555558
0 0.23429232804232802 0.7082093253968254 0.011574074074074106 0.015128968253968145
0 0.7134589947089948 0.46391369047619047 0.014219576719576743 0.011160714285714302
0 0.5572089947089947 0.5360863095238095 0.009920634920634885 0.008184523809523725
0 0.3908730158730158 0.3305977182539682 0.01752645502645504 0.009858630952380931
0 0.3216898148148148 0.27239831349206345 0.014298941798941792 0.008301091269841243
0 0.6876554232804232 0.18825892857142854 0.014298941798941792 0.009858630952380931
0 0.6262003968253969 0.4538268849206349 0.00945436507936511 0.011068948412698454
0 0.6590608465608465 0.5049330357142857 0.010608465608465659 0.007437996031746108
0 0.5162037037037036 0.5102951388888889 0.013604497354497388 0.01020337301587304
0 0.6404993386243386 0.5844915674603175 0.013604497354497388 0.008129960317460272
0 0.6611375661375661 0.7573561507936507 0.011068121693121805 0.007956349206349245
0 0.69630291005291 0.7896974206349205 0.013604497354497388 0.007956349206349245
0 0.2533167989417989 0.8703794642857142 0.014527116402116421 0.011242559523809481
0 0.3018584656084656 0.8152951388888888 0.010608465608465586 0.009685019841269904
0 0.42984457671957665 0.7277827380952381 0.015681216931216973 0.01591269841269849
0 0.414047619047619 0.7195659722222222 0.013144841269841242 0.009166666666666767
0 0.23832671957671958 0.6592063492063492 0.015912698412698417 0.013663194444444526
0 0.20627314814814812 0.627296626984127 0.010376984126984143 0.007956349206349245
0 0.3558201058201058 0.620032242063492 0.018449074074074073 0.011413690476190563
0 0.40401455026455024 0.6147569444444444 0.012453703703703725 0.01020337301587304
0 0.44206679894179884 0.6437276785714285 0.010145502645502624 0.008648313492063409
0 0.3819940476190476 0.5866517857142857 0.016372354497354486 0.010724206349206344
0 0.3071626984126984 0.5266393849206349 0.011068121693121658 0.009340277777777795
0 0.2711871693121693 0.534766865079365 0.012453703703703725 0.010032242063491958
0 0.25054894179894177 0.47994047619047614 0.013604497354497388 0.00864831349206352
0 0.34797949735449735 0.5670238095238095 0.014298941798941792 0.011242559523809481
0 0.31154431216931217 0.4702554563492063 0.010145502645502624 0.008993055555555518
0 0.32099867724867726 0.4752728174603174 0.011990740740740765 0.009685019841269793
0 0.43503306878306874 0.42485615079365074 0.0209854497354498 0.011934523809523756
0 0.4582076719576719 0.4532217261904762 0.008300264550264558 0.009166666666666656
0 0.41312499999999996 0.3844717261904762 0.009917328042327997 0.008993055555555518
0 0.3563955026455026 0.35904761904761906 0.008994708994708963 0.00726438492063497
0 0.37703373015873015 0.39839533730158727 0.012913359788359724 0.00881944444444449
0 0.4327248677248677 0.38006200396825396 0.010376984126984143 0.008129960317460272
0 0.4235019841269841 0.43722222222222223 0.01083994708994703 0.008301091269841243
0 0.28767526455026454 0.36276785714285714 0.010839947089947103 0.0070907738095238315
0 0.4653571428571428 0.26003224206349207 0.010608465608465659 0.008129960317460272
0 0.6439583333333333 0.5663318452380952 0.014990079365079309 0.0070907738095238315
0 0.5275033068783069 0.5654662698412698 0.016835317460317523 0.01573908730158724
0 0.4231547619047618 0.7895262896825396 0.012913359788359724 0.010376984126984068
0 0.48080687830687824 0.7886607142857143 0.009685846560846626 0.007956349206349245
0 0.718204365079365 0.8463343253968254 0.017251984126984254 0.016081349206349183
0 0.4925198412698413 0.7546899801587301 0.00995039682539689 0.0098759920634921
0 0.5569014550264549 0.5695560515873015 0.01053571428571424 0.01009672619047608