0 0.7493489583333334 0.612548828125 0.0390625 0.03076171875
0 0.6725260416666666 0.3681640625 0.029296875 0.01513671875
0 0.5791015625 0.4990234375 0.03515625 0.02294921875
0 0.7799479166666666 0.412109375 0.040364583333333336 0.02880859375
0 0.8030598958333334 0.483154296875 0.038411458333333336 0.0205078125
0 0.7421875 0.468505859375 0.046875 0.0224609375
0 0.8108723958333334 0.4482421875 0.022786458333333332 0.01416015625
0 0.4615885416666667 0.68505859375 0.026041666666666668 0.01806640625
0 0.650390625 0.433349609375 0.033854166666666664 0.0244140625
0 0.4807942708333333 0.528076171875 0.052083333333333336 0.03662109375
0 0.6702473958333334 0.540771484375 0.05078125 0.037109375
0 0.7890625 0.3642578125 0.046223958333333336 0.03076171875
0 0.814453125 0.61181640625 0.059244791666666664 0.03857421875
0 0.3235677083333333 0.695556640625 0.032552083333333336 0.02197265625
0 0.8336588541666666 0.51904296875 0.018880208333333332 0.013671875
0 0.09830729166666667 0.52587890625 0.017578125 0.01220703125
0 0.4010416666666667 0.505859375 0.014973958333333334 0.00927734375
0 0.3616536458333333 0.353515625 0.021484375 0.00927734375
0 0.007161458333333333 0.59521484375 0.014322916666666666 0.0107421875
0 0.11783854166666667 0.33837890625 0.026692708333333332 0.0166015625
0 0.8531901041666666 0.580810546875 0.012369791666666666 0.0107421875
0 0.4283854166666667 0.32861328125 0.02734375 0.01953125
0 0.1455078125 0.57373046875 0.018229166666666668 0.01123046875
0 0.6565755208333334 0.6552734375 0.014973958333333334 0.0087890625
0 0.6692708333333334 0.51416015625 0.015625 0.009765625
0 0.0078125 0.609619140625 0.014322916666666666 0.0107421875
0 0.13704427083333334 0.6708984375 0.015625 0.01123046875
0 0.6380208333333334 0.626953125 0.024739583333333332 0.0224609375
0 0.4085286458333333 0.34228515625 0.020833333333333332 0.0146484375
0 0.6865234375 0.635009765625 0.012369791666666666 0.009765625
0 0.5908203125 0.611083984375 0.013020833333333334 0.00732421875
0 0.85546875 0.38427734375 0.024088541666666668 0.01708984375
0 0.7366536458333334 0.326904296875 0.013671875 0.00927734375
0 0.80078125 0.58984375 0.03125 0.02490234375
0 0.849609375 0.537841796875 0.008463541666666666 0.0078125
0 0.9163411458333334 0.68994140625 0.01171875 0.00927734375
0 0.5908203125 0.57763671875 0.016276041666666668 0.013671875
0 0.4947916666666667 0.452880859375 0.016927083333333332 0.0146484375
0 0.6923828125 0.530517578125 0.017578125 0.0146484375
0 0.6940104166666666 0.64208984375 0.011067708333333334 0.01025390625
0 0.25390625 0.658935546875 0.049479166666666664 0.0322265625
0 0.24251302083333334 0.478271484375 0.016276041666666668 0.0107421875
0 0.4339192708333333 0.372314453125 0.025390625 0.01806640625
0 0.626953125 0.324951171875 0.016276041666666668 0.01123046875
0 0.7268880208333334 0.594970703125 0.013671875 0.01123046875
0 0.716796875 0.5703125 0.022135416666666668 0.01171875
0 0.5315755208333334 0.516357421875 0.013020833333333334 0.0146484375
0 0.369140625 0.473388671875 0.013671875 0.0146484375
0 0.3929036458333333 0.328369140625 0.01953125 0.01171875
0 0.6575520833333334 0.391357421875 0.016276041666666668 0.00927734375
0 0.6871744791666666 0.513671875 0.014973958333333334 0.01318359375