0 0.8235677083333334 0.493896484375 0.021484375 0.0146484375
0 0.20768229166666666 0.62744140625 0.024088541666666668 0.0107421875
0 0.0032552083333333335 0.441162109375 0.006510416666666667 0.01708984375
0 0.7138671875 0.539306640625 0.0234375 0.01513671875
0 0.21223958333333334 0.424560546875 0.020182291666666668 0.009765625
0 0.4899088541666667 0.507568359375 0.020182291666666668 0.009765625
0 0.5387369791666666 0.515869140625 0.015625 0.013671875
0 0.5602213541666666 0.30126953125 0.01953125 0.01220703125
0 0.4775390625 0.31689453125 0.012369791666666666 0.01318359375
0 0.12565104166666666 0.658935546875 0.016927083333333332 0.013671875
0 0.7822265625 0.52099609375 0.018229166666666668 0.01025390625
0 0.69140625 0.585693359375 0.022786458333333332 0.01708984375
0 0.7347005208333334 0.5166015625 0.018229166666666668 0.0185546875
0 0.6839192708333334 0.4482421875 0.013671875 0.01318359375
0 0.75390625 0.595703125 0.017578125 0.01171875
0 0.8059895833333334 0.48486328125 0.013671875 0.01220703125
0 0.5276692708333334 0.668212890625 0.01953125 0.0126953125
0 0.5091145833333334 0.361083984375 0.024739583333333332 0.017578125
0 0.5198567708333334 0.433349609375 0.018229166666666668 0.01220703125
0 0.5198567708333334 0.58056640625 0.01953125 0.0126953125
0 0.3577473958333333 0.43994140625 0.022786458333333332 0.013671875
0 0.3919270833333333 0.498291015625 0.013671875 0.0126953125
0 0.11295572916666667 0.357666015625 0.022135416666666668 0.01220703125
0 0.046875 0.557373046875 0.016927083333333332 0.01611328125
0 0.10319010416666667 0.646728515625 0.018880208333333332 0.015625
0 0.15885416666666666 0.614501953125 0.015625 0.0107421875
0 0.051106770833333336 0.7353515625 0.021484375 0.01123046875
0 0.21549479166666666 0.729248046875 0.022135416666666668 0.013671875
0 0.10188802083333333 0.579833984375 0.01953125 0.01220703125
0 0.2906901041666667 0.279541015625 0.018880208333333332 0.01220703125
0 0.7815755208333334 0.326904296875 0.022786458333333332 0.0146484375