0 0.1767578125 0.7177734375 0.03173828125 0.029947916666666668
0 0.3271484375 0.4527994791666667 0.02294921875 0.026692708333333332
0 0.623046875 0.6513671875 0.01708984375 0.026041666666666668
0 0.757080078125 0.7041015625 0.02783203125 0.047526041666666664
0 0.677001953125 0.6653645833333334 0.0263671875 0.034505208333333336
0 0.483154296875 0.7008463541666666 0.02197265625 0.014973958333333334
0 0.073974609375 0.7486979166666666 0.017578125 0.028645833333333332
0 0.576171875 0.4612630208333333 0.0244140625 0.024739583333333332
0 0.10791015625 0.44921875 0.02734375 0.022135416666666668
0 0.67236328125 0.6214192708333334 0.017578125 0.020833333333333332
0 0.29052734375 0.4625651041666667 0.0166015625 0.022135416666666668
0 0.788330078125 0.5185546875 0.017578125 0.018880208333333332
0 0.122314453125 0.759765625 0.0205078125 0.026692708333333332
0 0.71240234375 0.6373697916666666 0.02490234375 0.037109375
0 0.72119140625 0.5071614583333334 0.0185546875 0.016276041666666668
0 0.417724609375 0.6419270833333334 0.04248046875 0.044270833333333336
0 0.528564453125 0.6204427083333334 0.0146484375 0.016276041666666668
0 0.341796875 0.4039713541666667 0.0126953125 0.013671875
0 0.41748046875 0.6064453125 0.03076171875 0.030598958333333332
0 0.126708984375 0.5227864583333334 0.0185546875 0.020182291666666668
0 0.0703125 0.6324869791666666 0.01611328125 0.022135416666666668
0 0.241943359375 0.6936848958333334 0.01416015625 0.025390625
0 0.619140625 0.3684895833333333 0.01416015625 0.012369791666666666
0 0.305419921875 0.3779296875 0.01708984375 0.014973958333333334
0 0.145263671875 0.3873697916666667 0.013671875 0.017578125
0 0.277587890625 0.38671875 0.0185546875 0.022786458333333332
0 0.283203125 0.35546875 0.01123046875 0.016927083333333332
0 0.046875 0.6123046875 0.01806640625 0.022786458333333332
0 0.093994140625 0.37109375 0.03076171875 0.018880208333333332
0 0.65966796875 0.7451171875 0.01025390625 0.014973958333333334
0 0.630126953125 0.740234375 0.01220703125 0.020833333333333332
0 0.615478515625 0.7486979166666666 0.01318359375 0.018880208333333332
0 0.440673828125 0.7102864583333334 0.0107421875 0.013671875
0 0.32373046875 0.67578125 0.0146484375 0.020833333333333332
0 0.27734375 0.7242838541666666 0.02587890625 0.016276041666666668
0 0.23486328125 0.7444661458333334 0.00830078125 0.01171875
0 0.2138671875 0.6295572916666666 0.01025390625 0.014973958333333334
0 0.242431640625 0.6110026041666666 0.01220703125 0.020182291666666668
0 0.289306640625 0.658203125 0.0146484375 0.017578125
0 0.302978515625 0.6223958333333334 0.03662109375 0.050130208333333336
0 0.09375 0.7086588541666666 0.0126953125 0.014322916666666666
0 0.0966796875 0.7262369791666666 0.01123046875 0.009765625
0 0.126708984375 0.3046875 0.01611328125 0.026692708333333332
0 0.15283203125 0.3326822916666667 0.013671875 0.020833333333333332
0 0.158935546875 0.3564453125 0.02392578125 0.026692708333333332
0 0.258544921875 0.4052734375 0.015625 0.030598958333333332
0 0.284912109375 0.4186197916666667 0.01513671875 0.016276041666666668
0 0.308837890625 0.41796875 0.0107421875 0.012369791666666666
0 0.3623046875 0.505859375 0.0087890625 0.018229166666666668
0 0.347412109375 0.3828125 0.0107421875 0.021484375
0 0.27587890625 0.3274739583333333 0.0078125 0.010416666666666666
0 0.4560546875 0.4759114583333333 0.01025390625 0.014973958333333334
0 0.53759765625 0.4993489583333333 0.00830078125 0.014322916666666666
0 0.54248046875 0.4348958333333333 0.01220703125 0.016927083333333332
0 0.619384765625 0.4700520833333333 0.01953125 0.020833333333333332
0 0.623046875 0.4860026041666667 0.013671875 0.011067708333333334
0 0.66357421875 0.4208984375 0.0087890625 0.0078125
0 0.816162109375 0.2958984375 0.00732421875 0.016276041666666668
0 0.797119140625 0.3902994791666667 0.00830078125 0.014322916666666666
0 0.746826171875 0.4554036458333333 0.03564453125 0.036458333333333336
0 0.769775390625 0.5556640625 0.0068359375 0.011067708333333334
0 0.78759765625 0.6298828125 0.0087890625 0.010416666666666666
0 0.73388671875 0.6682942708333334 0.00927734375 0.014322916666666666
0 0.69677734375 0.6722005208333334 0.009765625 0.011067708333333334
0 0.70458984375 0.6940104166666666 0.0087890625 0.010416666666666666
0 0.114501953125 0.6432291666666666 0.02685546875 0.031901041666666664
0 0.084716796875 0.3870442708333333 0.0107421875 0.016276041666666668
0 0.09619140625 0.53125 0.0087890625 0.012369791666666666
0 0.751708984375 0.2965494791666667 0.01318359375 0.025390625
0 0.77294921875 0.3284505208333333 0.01171875 0.014322916666666666
0 0.45458984375 0.546875 0.0283203125 0.020182291666666668
0 0.7099609375 0.4300130208333333 0.01904296875 0.024088541666666668
0 0.486083984375 0.5237630208333334 0.0126953125 0.018880208333333332
0 0.48583984375 0.421875 0.01416015625 0.016927083333333332
0 0.600830078125 0.4580078125 0.01123046875 0.021484375
0 0.573974609375 0.5426432291666666 0.01611328125 0.01953125
0 0.6416015625 0.5628255208333334 0.01123046875 0.012369791666666666
0 0.433349609375 0.5768229166666666 0.01171875 0.016927083333333332
0 0.374267578125 0.5953776041666666 0.01220703125 0.026692708333333332
0 0.365478515625 0.576171875 0.02001953125 0.021484375
0 0.27197265625 0.5266927083333334 0.01904296875 0.01953125
0 0.32958984375 0.2978515625 0.0146484375 0.021484375
0 0.4140625 0.3776041666666667 0.01123046875 0.022786458333333332
0 0.272216796875 0.6803385416666666 0.01220703125 0.016276041666666668
0 0.369140625 0.6888020833333334 0.013671875 0.021484375
0 0.216064453125 0.5465494791666666 0.0126953125 0.014973958333333334
0 0.065673828125 0.7376302083333334 0.0126953125 0.014973958333333334
0 0.650146484375 0.2900390625 0.01025390625 0.012369791666666666
0 0.7119140625 0.4860026041666667 0.01220703125 0.011067708333333334
0 0.6669921875 0.5940755208333334 0.01025390625 0.01171875
0 0.566650390625 0.6910807291666666 0.0078125 0.011067708333333334
0 0.3037109375 0.6591796875 0.01123046875 0.016927083333333332
0 0.3046875 0.537109375 0.0185546875 0.020182291666666668