0 0.311279296875 0.08040364583333333 0.03125 0.037109375
0 0.605224609375 0.5042317708333334 0.03515625 0.046875
0 0.572021484375 0.13541666666666666 0.029296875 0.041666666666666664
0 0.44384765625 0.14485677083333334 0.01708984375 0.017578125
0 0.4697265625 0.7652994791666666 0.0205078125 0.026041666666666668
0 0.64501953125 0.681640625 0.015625 0.013671875
0 0.561767578125 0.4742838541666667 0.01513671875 0.020833333333333332
0 0.491943359375 0.7314453125 0.0166015625 0.026041666666666668
0 0.417724609375 0.8453776041666666 0.0166015625 0.020833333333333332
0 0.443603515625 0.20540364583333334 0.01904296875 0.018229166666666668
0 0.63671875 0.7151692708333334 0.0166015625 0.017578125
0 0.574462890625 0.6813151041666666 0.009765625 0.014322916666666666
0 0.34423828125 0.4153645833333333 0.01318359375 0.017578125
0 0.560302734375 0.810546875 0.009765625 0.011067708333333334
0 0.3544921875 0.8505859375 0.013671875 0.014322916666666666
0 0.386962890625 0.7425130208333334 0.009765625 0.010416666666666666
0 0.42333984375 0.693359375 0.0185546875 0.018880208333333332
0 0.408447265625 0.8606770833333334 0.01513671875 0.014322916666666666
0 0.447021484375 0.8567708333333334 0.0087890625 0.016927083333333332
0 0.43994140625 0.5035807291666666 0.01025390625 0.01171875
0 0.48291015625 0.6510416666666666 0.01220703125 0.012369791666666666
0 0.49365234375 0.6549479166666666 0.0107421875 0.020182291666666668
0 0.50634765625 0.6201171875 0.0146484375 0.016276041666666668
0 0.560546875 0.6204427083333334 0.015625 0.01953125
0 0.64208984375 0.7643229166666666 0.01318359375 0.010416666666666666
0 0.65478515625 0.7483723958333334 0.0078125 0.014973958333333334
0 0.508544921875 0.8414713541666666 0.0107421875 0.01953125
0 0.563232421875 0.4111328125 0.0068359375 0.013020833333333334
0 0.469482421875 0.3984375 0.01220703125 0.013671875
0 0.46728515625 0.2532552083333333 0.0126953125 0.017578125
0 0.52490234375 0.18359375 0.0087890625 0.01171875
0 0.522705078125 0.4827473958333333 0.01171875 0.014973958333333334
0 0.58837890625 0.3274739583333333 0.01025390625 0.011067708333333334
0 0.439208984375 0.3580729166666667 0.01220703125 0.012369791666666666