0 0.42928571428571427 0.19896329365079365 0.04148148148148145 0.03306547619047617
0 0.48679894179894173 0.2524826388888889 0.02325727513227512 0.022251984126984148
0 0.3544907407407407 0.2725272817460317 0.04902447089947085 0.04819940476190476
0 0.3331216931216931 0.20084821428571428 0.020112433862433887 0.013261408730158741
0 0.2938392857142857 0.1970734126984127 0.014457671957671966 0.011374007936507946
0 0.3434920634920635 0.22135912698412696 0.01571428571428572 0.012802579365079336
0 0.4038326719576719 0.29726934523809523 0.01571428571428572 0.016604662698412653
0 0.34254960317460315 0.36493799603174604 0.03016865079365072 0.01994791666666662
0 0.2407275132275132 0.38709325396825395 0.025142195767195785 0.009578373015873054
0 0.4195436507936508 0.3670560515873016 0.04336970899470893 0.032671130952380945
0 0.4886177248677248 0.37978918650793647 0.017232142857142918 0.014856150793650769
0 0.6680357142857143 0.2994593253968254 0.02908730158730144 0.023301091269841256
0 0.7351223544973545 0.2667361111111111 0.016888227513227605 0.013444940476190492
0 0.7135416666666666 0.21641617063492063 0.03565476190476188 0.02399057539682542
0 0.35026124338624337 0.24780257936507935 0.011798941798941845 0.015250496031746053
0 0.34179563492063486 0.22289930555555554 0.013458994708994698 0.00888144841269839
0 0.5052083333333334 0.23498511904761904 0.021871693121693053 0.011160714285714302
0 0.5253902116402116 0.17285218253968254 0.015105820105820142 0.008415178571428594
0 0.29768849206349207 0.25390625 0.012695105820105837 0.008415178571428594
0 0.4505224867724868 0.42431547619047616 0.033326719576719586 0.035399305555555594
0 0.4472652116402116 0.21521081349206347 0.017556216931216895 0.014060019841269866
0 0.6848974867724867 0.28393601190476186 0.016898148148148273 0.016282242063492047
0 0.2778306878306878 0.28613343253968254 0.009460978835978814 0.0068774801587301315
0 0.632361111111111 0.19363343253968254 0.022410714285714246 0.01906498015873015
0 0.4514980158730158 0.4626463293650794 0.01832010582010583 0.013067956349206322
0 0.5188789682539682 0.5024404761904762 0.03293981481481486 0.019913194444444393
0 0.7369808201058201 0.16528273809523808 0.014374999999999952 0.012824900793650784
0 0.5091137566137566 0.19641121031746028 0.01904431216931224 0.008643353174603186
0 0.6226355820105819 0.4124950396825397 0.04521164021164026 0.023390376984126937
0 0.25244047619047616 0.45629960317460316 0.010416666666666666 0.007346230158730149
0 0.26887896825396823 0.47900297619047616 0.01594907407407405 0.00971230158730163
0 0.3359391534391534 0.4855952380952381 0.02221560846560851 0.013067956349206322
0 0.5374338624338625 0.1951909722222222 0.009871031746031692 0.0060491071428571686
0 0.5481779100529101 0.51953125 0.021117724867724934 0.016341765873015834
0 0.7259126984126983 0.5722668650793651 0.029824735449735407 0.020446428571428532
0 0.4420568783068783 0.3588864087301587 0.015949074074074126 0.010781249999999964
0 0.7109391534391535 0.24291914682539684 0.008753306878306924 0.008675595238095246
0 0.6855456349206349 0.3125 0.014880952380952253 0.01146577380952385
0 0.28955026455026456 0.7260739087301588 0.015644841269841264 0.012574404761904745
0 0.2638359788359788 0.66796875 0.023356481481481506 0.01678571428571418
0 0.6835945767195767 0.7441418650793651 0.014037698412698418 0.015426587301587302
0 0.48469907407407403 0.7011731150793651 0.016511243386243397 0.011200396825396863
0 0.2304695767195767 0.8041989087301588 0.012602513227513231 0.008187003968253892
0 0.3899735449735449 0.35375992063492057 0.010710978835978787 0.011421130952380953
0 0.5745436507936508 0.8520510912698411 0.01309193121693116 0.008544146825396837
0 0.7421891534391535 0.4238293650793651 0.010026455026454903 0.010902777777777817
0 0.36881613756613757 0.5058606150793651 0.010181878306878259 0.006364087301587329
0 0.4293617724867725 0.7583010912698411 0.012989417989418032 0.00927083333333334
0 0.4869808201058201 0.7646478174603174 0.01431216931216935 0.008988095238095184
0 0.4573578042328042 0.7314459325396825 0.012797619047619039 0.016282242063492047
0 0.23421296296296293 0.8227529761904762 0.017030423280423257 0.019119543650793602
0 0.27750661375661373 0.8637698412698411 0.019785052910052874 0.012924107142857189
0 0.20930886243386246 0.8105481150793651 0.011087962962962994 0.0158382936507937
0 0.4114583333333333 0.32861359126984124 0.007609126984127042 0.007636408730158695
0 0.5947255291005291 0.7871106150793651 0.013458994708994698 0.011071428571428621
0 0.6953141534391535 0.5961904761904762 0.01372354497354511 0.010902777777777706
0 0.531901455026455 0.3784176587301587 0.025310846560846628 0.01799107142857148
0 0.33463624338624337 0.7949231150793651 0.011170634920634933 0.008613591269841292
0 0.5042328042328043 0.3339856150793651 0.008485449735449771 0.006049107142857113
0 0.3107109788359788 0.8637698412698411 0.024454365079365086 0.014283234126984068
0 0.36230489417989414 0.90625 0.011798941798941845 0.010649801587301555
0 0.35742063492063486 0.8481448412698411 0.020486111111111132 0.02903769841269832
0 0.7128902116402117 0.8666989087301588 0.022562830687830566 0.014389880952381029
0 0.44433531746031746 0.6767584325396825 0.015830026455026402 0.008544146825396837
0 0.3802083333333333 0.6743154761904762 0.016765873015872994 0.009856150793650764
0 0.31559193121693124 0.8930654761904762 0.034748677248677216 0.026200396825396766
0 0.7096362433862433 0.9321279761904762 0.014474206349206339 0.01229166666666659
0 0.21989087301587304 0.7324231150793651 0.019642857142857146 0.018874007936507953
0 0.32796296296296296 0.8100595238095237 0.015462962962963012 0.017242063492063586
0 0.20589285714285713 0.9526364087301588 0.008485449735449698 0.010245535714285658
0 0.7154960317460316 0.8481448412698411 0.023253968253968377 0.01986607142857144
0 0.6306051587301588 0.3720510912698412 0.014371693121693063 0.0115054563492063
0 0.3226818783068783 0.2609449404761905 0.009910714285714292 0.007313988095238089
0 0.635896164021164 0.3413938492063492 0.013687169312169326 0.009174107142857157