0 0.5169270833333334 0.6318359375 0.026041666666666668 0.01953125
0 0.5970052083333334 0.307373046875 0.025390625 0.01953125
0 0.6263020833333334 0.736083984375 0.022135416666666668 0.02001953125
0 0.7262369791666666 0.346435546875 0.0390625 0.03662109375
0 0.5133463541666666 0.30126953125 0.032552083333333336 0.02685546875
0 0.7799479166666666 0.290771484375 0.029296875 0.03076171875
0 0.6842447916666666 0.47265625 0.041015625 0.03173828125
0 0.7639973958333334 0.64404296875 0.034505208333333336 0.033203125
0 0.599609375 0.4619140625 0.03125 0.03076171875
0 0.6546223958333334 0.402099609375 0.046223958333333336 0.03662109375
0 0.6022135416666666 0.417236328125 0.020182291666666668 0.0166015625
0 0.78515625 0.4921875 0.048828125 0.0400390625
0 0.7587890625 0.700927734375 0.014973958333333334 0.013671875
0 0.6673177083333334 0.26220703125 0.020182291666666668 0.01611328125
0 0.2805989583333333 0.736572265625 0.022786458333333332 0.01953125
0 0.5257161458333334 0.499267578125 0.048177083333333336 0.03369140625
0 0.7018229166666666 0.798095703125 0.02734375 0.0185546875
0 0.478515625 0.572021484375 0.024739583333333332 0.01953125
0 0.7054036458333334 0.532958984375 0.024088541666666668 0.02001953125
0 0.4469401041666667 0.591552734375 0.029296875 0.02490234375
0 0.626953125 0.2861328125 0.026692708333333332 0.02099609375
0 0.3356119791666667 0.630859375 0.033203125 0.0283203125
0 0.384765625 0.453857421875 0.024739583333333332 0.0302734375
0 0.4576822916666667 0.324462890625 0.024739583333333332 0.02001953125
0 0.287109375 0.498779296875 0.027994791666666668 0.02978515625
0 0.4876302083333333 0.20458984375 0.012369791666666666 0.0166015625
0 0.6383463541666666 0.049072265625 0.026041666666666668 0.01806640625
0 0.7630208333333334 0.427734375 0.016276041666666668 0.0146484375
0 0.5172526041666666 0.709228515625 0.013020833333333334 0.01220703125
0 0.2796223958333333 0.2255859375 0.013020833333333334 0.01513671875
0 0.3063151041666667 0.810791015625 0.013671875 0.013671875
0 0.3961588541666667 0.73681640625 0.030598958333333332 0.0283203125
0 0.6653645833333334 0.555419921875 0.014322916666666666 0.01220703125
0 0.7327473958333334 0.106201171875 0.013671875 0.01513671875
0 0.7509765625 0.538818359375 0.018229166666666668 0.0205078125
0 0.7643229166666666 0.5517578125 0.01171875 0.01416015625
0 0.5608723958333334 0.812744140625 0.022135416666666668 0.0146484375
0 0.59765625 0.505615234375 0.046875 0.0380859375
0 0.7233072916666666 0.15185546875 0.046223958333333336 0.0361328125
0 0.6692708333333334 0.32861328125 0.015625 0.013671875
0 0.71484375 0.61376953125 0.014322916666666666 0.01416015625
0 0.5673828125 0.46240234375 0.013671875 0.0107421875
0 0.5462239583333334 0.22900390625 0.020182291666666668 0.02197265625
0 0.6998697916666666 0.584716796875 0.013671875 0.009765625
0 0.7809244791666666 0.124267578125 0.020182291666666668 0.0126953125
0 0.7063802083333334 0.70654296875 0.011067708333333334 0.0107421875
0 0.3597005208333333 0.810791015625 0.012369791666666666 0.01318359375
0 0.748046875 0.051513671875 0.037109375 0.02294921875
0 0.6787109375 0.11962890625 0.016927083333333332 0.0107421875
0 0.3404947916666667 0.449951171875 0.015625 0.00927734375
0 0.6689453125 0.203125 0.013020833333333334 0.00927734375
0 0.2666015625 0.17578125 0.012369791666666666 0.0146484375
0 0.7320963541666666 0.49267578125 0.009114583333333334 0.00830078125
0 0.5325520833333334 0.52197265625 0.018229166666666668 0.01220703125
0 0.5716145833333334 0.771484375 0.01171875 0.01220703125
0 0.4091796875 0.68310546875 0.035807291666666664 0.0283203125
0 0.7633463541666666 0.748291015625 0.021484375 0.0107421875
0 0.4251302083333333 0.798095703125 0.015625 0.01025390625
0 0.5540364583333334 0.6328125 0.009765625 0.00927734375
0 0.5146484375 0.68359375 0.010416666666666666 0.00927734375
0 0.5068359375 0.559814453125 0.010416666666666666 0.00830078125
0 0.5963541666666666 0.635498046875 0.0234375 0.02099609375
0 0.4166666666666667 0.705322265625 0.041015625 0.0419921875
0 0.4840494791666667 0.695556640625 0.018880208333333332 0.01123046875
0 0.6018880208333334 0.698486328125 0.015625 0.01708984375
0 0.7418619791666666 0.627197265625 0.031901041666666664 0.04052734375
0 0.7174479166666666 0.545654296875 0.016927083333333332 0.017578125
0 0.4977213541666667 0.374267578125 0.020833333333333332 0.02099609375
0 0.4143880208333333 0.39208984375 0.03515625 0.0439453125
0 0.35546875 0.492919921875 0.022786458333333332 0.01611328125
0 0.30078125 0.822021484375 0.016927083333333332 0.01171875
0 0.6022135416666666 0.7451171875 0.018880208333333332 0.01318359375
0 0.3219401041666667 0.68212890625 0.016276041666666668 0.0087890625
0 0.6949869791666666 0.089111328125 0.03125 0.015625
0 0.7815755208333334 0.385498046875 0.022135416666666668 0.01904296875
0 0.7877604166666666 0.70068359375 0.016927083333333332 0.0126953125
0 0.7584635416666666 0.59423828125 0.018880208333333332 0.01171875
0 0.779296875 0.715576171875 0.017578125 0.01171875