0 0.44692791005291 0.6291468253968253 0.02361772486772488 0.021870039682539755
0 0.4786970899470899 0.2995709325396825 0.026567460317460306 0.020200892857142883
0 0.28270502645502643 0.8921527777777777 0.022228835978835997 0.020639880952380896
0 0.3508035714285714 0.5556175595238095 0.03445436507936502 0.029975198412698356
0 0.38616071428571425 0.906860119047619 0.03676587301587301 0.02977678571428566
0 0.5233035714285714 0.23827380952380953 0.02041997354497349 0.01836309523809526
0 0.6059722222222222 0.8560416666666666 0.025413359788359752 0.020910218253968216
0 0.5960416666666667 0.9205729166666666 0.039351851851851784 0.0390625
0 0.3774272486772486 0.48973462301587295 0.025773809523809515 0.014541170634920664
0 0.5775694444444444 0.35236855158730157 0.0260152116402117 0.017847222222222237
0 0.519917328042328 0.8667137896825396 0.02150793650793655 0.016919642857142758
0 0.3911342592592592 0.5781374007936508 0.030046296296296255 0.016207837301587258
0 0.4458366402116402 0.6810540674603175 0.020591931216931147 0.014424603174603146
0 0.3760515873015873 0.24456845238095237 0.01860449735449728 0.02039186507936508
0 0.4009656084656084 0.3443427579365079 0.013826058201058236 0.0154117063492063
0 0.44921957671957674 0.5298313492063492 0.023353174603174615 0.018546626984127013
0 0.30611111111111106 0.3635267857142857 0.02111441798941797 0.023278769841269864
0 0.4427910052910053 0.7303397817460318 0.018068783068783123 0.012088293650793558
0 0.5464847883597883 0.9029265873015873 0.015879629629629594 0.009995039682539675
0 0.5457705026455026 0.2913219246031746 0.023941798941799004 0.014761904761904754
0 0.4194642857142857 0.5663169642857142 0.0159259259259259 0.009940476190476222
0 0.32613095238095235 0.3952108134920635 0.02027777777777784 0.014025297619047583
0 0.2846329365079365 0.4631125992063492 0.018280423280423303 0.01822172619047624
0 0.4536276455026455 0.39585069444444443 0.02094576719576713 0.019397321428571423
0 0.35699404761904757 0.6303993055555556 0.028174603174603224 0.027946428571428594
0 0.2719411375661375 0.9296502976190475 0.03206349206349205 0.022718253968254
0 0.37581018518518516 0.7904439484126984 0.01649470899470895 0.013320932539682584
0 0.2773842592592592 0.8262748015873015 0.024160052910052892 0.013658234126984192
0 0.3343253968253968 0.4166964285714285 0.021104497354497376 0.02282986111111107
0 0.5742923280423281 0.41412450396825395 0.022285052910052894 0.015587797619047605
0 0.5984424603174603 0.666954365079365 0.018220899470899443 0.017356150793650826
0 0.6771296296296296 0.5484945436507936 0.023416005291005366 0.024417162698412653
0 0.4242890211640211 0.48421378968253964 0.014785052910052906 0.016892361111111143
0 0.392308201058201 0.7308085317460317 0.014851190476190546 0.016562500000000036
0 0.6338458994708994 0.3841592261904762 0.012744708994708956 0.015302579365079394
0 0.42671296296296296 0.3171527777777778 0.02325727513227512 0.016217757936507926
0 0.2666898148148148 0.2902232142857143 0.01952711640211639 0.015954861111111107
0 0.4707771164021164 0.4273660714285714 0.02200066137566144 0.01394593253968257
0 0.36451719576719577 0.3754861111111111 0.01583994708994707 0.014122023809523765
0 0.2518287037037037 0.7199032738095238 0.019517195767195794 0.014300595238095237
0 0.6637996031746032 0.6221800595238095 0.0247982804232804 0.011036706349206282
0 0.6205522486772487 0.7891046626984126 0.012744708994708956 0.011197916666666696
0 0.6962632275132274 0.835094246031746 0.016438492063492127 0.010987103174603163
0 0.383531746031746 0.9290897817460317 0.017258597883597886 0.013117559523809552
0 0.2418419312169312 0.8045337301587301 0.014093915343915317 0.00854166666666667
0 0.2754365079365079 0.5199131944444444 0.014847883597883582 0.009675099206349236
0 0.29657738095238095 0.27738343253968256 0.017364417989417975 0.012703373015872987
0 0.28122354497354496 0.278422619047619 0.01031746031746028 0.00836061507936503
0 0.3305489417989418 0.23292162698412697 0.006292989417989355 0.007953869047619022
0 0.35835648148148147 0.2455704365079365 0.009563492063492015 0.00645337301587301
0 0.3178406084656084 0.2417956349206349 0.011577380952380922 0.00871775793650792
0 0.3407407407407408 0.2394345238095238 0.007046957671957621 0.003998015873015848
0 0.5041501322751322 0.3418030753968254 0.009394841269841248 0.007981150793650804
0 0.6160218253968254 0.5098313492063491 0.011157407407407375 0.008422619047619095
0 0.510462962962963 0.6214880952380952 0.009689153439153367 0.007118055555555447
0 0.6150033068783068 0.46251240079365075 0.01140211640211645 0.00637896825396822
0 0.6725694444444444 0.49809275793650787 0.01250661375661366 0.008301091269841354
0 0.6478306878306878 0.5305183531746032 0.013425925925925952 0.007492559523809561
0 0.5129761904761905 0.5939608134920634 0.010846560846560807 0.00900793650793652
0 0.5410648148148148 0.6004290674603174 0.017519841269841258 0.013187003968254007
0 0.6689087301587301 0.6625272817460317 0.019054232804232758 0.0061309523809522926
0 0.6531812169312169 0.743717757936508 0.012546296296296333 0.009218750000000053
0 0.6748875661375661 0.8173338293650793 0.033968253968253904 0.01791666666666658
0 0.6562136243386244 0.7996726190476191 0.01410383597883591 0.009112103174603092
0 0.5969212962962962 0.794828869047619 0.013111772486772496 0.005384424603174676
0 0.6862103174603175 0.8531646825396825 0.017678571428571505 0.012405753968254052
0 0.280922619047619 0.9171825396825396 0.009189814814814845 0.006842757936508015
0 0.4792592592592592 0.2818427579365079 0.016597222222222225 0.008110119047619047
0 0.3173875661375661 0.3182390873015873 0.008439153439153468 0.007003968253968207
0 0.5738095238095238 0.2851760912698412 0.011312830687830733 0.014141865079365101
0 0.5890707671957671 0.4445659722222222 0.02891203703703704 0.020200892857142883
0 0.6822685185185184 0.6143898809523809 0.012390873015873124 0.013467261904761996
0 0.5739880952380952 0.6929067460317461 0.02172619047619051 0.00969742063492074
0 0.6312698412698413 0.8529687499999999 0.013468915343915366 0.015218253968253936
0 0.4223313492063492 0.7188467261904761 0.030056216931216923 0.0199578373015874
0 0.5287731481481481 0.5945188492063491 0.020661375661375676 0.012209821428571521
0 0.5250727513227512 0.37309027777777776 0.020816798941798886 0.013276289682539688