0 0.4844576719576719 0.6910962301587301 0.01851851851851845 0.015128968253968145
0 0.5611772486772487 0.39037698412698413 0.030423280423280463 0.019841269841269882
0 0.6860119047619047 0.5808531746031745 0.05257936507936497 0.04265873015873023
0 0.69510582010582 0.900173611111111 0.020502645502645578 0.017113095238095344
0 0.6365740740740741 0.48561507936507936 0.015873015873015817 0.012896825396825351
0 0.5834986772486772 0.7527281746031745 0.02347883597883597 0.020337301587301626
0 0.2749669312169312 0.7056051587301587 0.01752645502645504 0.017857142857142794
0 0.6068121693121693 0.1987847222222222 0.017195767195767136 0.014632936507936511
0 0.34242724867724866 0.703125 0.03736772486772481 0.034226190476190466
0 0.33928571428571425 0.8878968253968254 0.05489417989417985 0.04613095238095233
0 0.4131944444444444 0.5497271825396826 0.047288359788359845 0.04092261904761907
0 0.3968253968253968 0.8825644841269841 0.01851851851851845 0.010664682539682557
0 0.7220568783068783 0.22209821428571427 0.01752645502645489 0.011656746031746046
0 0.40046296296296297 0.5091765873015873 0.027116402116402167 0.029265873015873023
0 0.3493716931216931 0.41195436507936506 0.014880952380952403 0.01736111111111116
0 0.4895833333333333 0.6567460317460317 0.019510582010582016 0.01736111111111116
0 0.6660052910052909 0.4410962301587301 0.022486772486772555 0.014632936507936511
0 0.6468253968253969 0.8578869047619048 0.03571428571428573 0.030753968253968145
0 0.5757275132275131 0.654265873015873 0.03902116402116403 0.03472222222222232
0 0.5649801587301587 0.33990575396825395 0.014219576719576743 0.019593253968253954
0 0.6297949735449735 0.5360863095238095 0.03538359788359783 0.030009920634920695
0 0.6344246031746031 0.328125 0.020171957671957674 0.01835317460317465
0 0.28538359788359785 0.642485119047619 0.010582010582010618 0.009672619047619069
0 0.3559854497354497 0.21552579365079363 0.012896825396825426 0.01091269841269843
0 0.23809523809523805 0.8653273809523809 0.019179894179894186 0.016865079365079305
0 0.7220568783068783 0.7622767857142857 0.011574074074074106 0.009176587301587213
0 0.7156084656084656 0.511656746031746 0.01322751322751318 0.01041666666666674
0 0.6734457671957671 0.9104662698412698 0.011574074074074106 0.011904761904761862
0 0.4464285714285714 0.9680059523809523 0.02513227513227519 0.013392857142857206
0 0.6195436507936508 0.5824652777777778 0.013558201058201083 0.011656746031746046
0 0.41269841269841273 0.35478670634920634 0.01851851851851845 0.013144841269841279
0 0.39103835978835977 0.9299355158730158 0.012896825396825426 0.009176587301587213
0 0.6893187830687831 0.9202628968253967 0.013558201058200936 0.00868055555555558
0 0.5580357142857143 0.746155753968254 0.02281746031746031 0.020585317460317443
0 0.24570105820105817 0.7124255952380952 0.015211640211640232 0.014136904761904656
0 0.2769510582010582 0.3909970238095238 0.008928571428571397 0.008184523809523836
0 0.34755291005291 0.6375248015873015 0.05357142857142853 0.030505952380952328
0 0.2567791005291005 0.7550843253968254 0.014219576719576743 0.011656746031746046
0 0.267526455026455 0.8055555555555555 0.012566137566137595 0.01041666666666674
0 0.49470899470899465 0.5558035714285714 0.009920634920634885 0.012400793650793718
0 0.2718253968253968 0.8686755952380952 0.025793650793650775 0.01116071428571419
0 0.6987433862433862 0.3204365079365079 0.010582010582010545 0.011904761904761862
0 0.2830687830687831 0.4750744047619047 0.013888888888888914 0.011160714285714302
0 0.5124007936507936 0.5373263888888888 0.010251322751322789 0.008184523809523725
0 0.45535714285714285 0.6240079365079365 0.01322751322751318 0.01041666666666674
0 0.6415343915343915 0.7006448412698413 0.009920634920634885 0.009424603174603252
0 0.3427579365079365 0.5042162698412698 0.010912698412698449 0.009424603174603252
0 0.27397486772486773 0.9110863095238094 0.013558201058201083 0.012648809523809534
0 0.7319775132275131 0.8974454365079365 0.012235449735449619 0.009176587301587213
0 0.3717129629629629 0.18642609126984125 0.013416005291005284 0.008732638888888866
0 0.5394080687830688 0.24385416666666665 0.01468253968253963 0.008923611111111118
0 0.5264980158730158 0.24347470238095237 0.011643518518518489 0.007403273809523825
0 0.37753306878306875 0.32577132936507935 0.012910052910052835 0.00721478174603174
0 0.3232407407407407 0.4135739087301587 0.013667328042328064 0.007403273809523769
0 0.29298941798941797 0.4770758928571428 0.026577380952380974 0.015188492063492043
0 0.2697023809523809 0.5946825396825397 0.009871031746031766 0.013100198412698383
0 0.32450396825396827 0.6842881944444444 0.03644841269841267 0.015376984126984183
0 0.3390608465608465 0.9256746031746032 0.010882936507936444 0.008732638888888866
0 0.29944444444444446 0.9047916666666665 0.015694444444444455 0.01252976190476196
0 0.3007109788359788 0.8779290674603174 0.010631613756613737 0.009682539682539737
0 0.5205489417989418 0.9371602182539682 0.00936507936507939 0.011959325396825315
0 0.47966931216931213 0.9107713293650793 0.010125661375661435 0.01575644841269841
0 0.7186177248677249 0.8911235119047619 0.011643518518518489 0.01252976190476196
0 0.706848544973545 0.9177951388888889 0.011898148148148083 0.008162202380952444
0 0.6669378306878305 0.7296354166666666 0.01323082010582007 0.013402777777777874
0 0.5359193121693121 0.7439955357142857 0.012533068783068776 0.012532242063492127
0 0.6576554232804233 0.6070858134920635 0.02622685185185188 0.030811011904761987
0 0.6781977513227512 0.6191840277777778 0.015317460317460174 0.009747023809523858
0 0.7487533068783069 0.6585267857142857 0.007890211640211753 0.008355654761904807
0 0.668912037037037 0.5672247023809524 0.013925264550264474 0.00678819444444434
0 0.6118154761904762 0.5703571428571428 0.013462301587301587 0.008529265873015834
0 0.6185449735449735 0.5639161706349206 0.009748677248677229 0.007832341269841336
0 0.7186970899470899 0.3000173611111111 0.01090939153439141 0.008529265873015834
0 0.6968816137566137 0.2774751984126984 0.014623015873015769 0.0107936507936508
0 0.34664021164021164 0.21124007936507935 0.00951719576719571 0.009923115079365052
0 0.29708664021164016 0.5207465277777777 0.014854497354497362 0.009573412698412609
0 0.6881547619047619 0.9317013888888888 0.013763227513227486 0.009424603174603252
0 0.5509722222222222 0.625734126984127 0.018849206349206355 0.011443452380952346