0 0.4397786458333333 0.615478515625 0.029947916666666668 0.01806640625
0 0.4095052083333333 0.662109375 0.024739583333333332 0.01513671875
0 0.8206380208333334 0.416259765625 0.044270833333333336 0.02685546875
0 0.5556640625 0.520751953125 0.037760416666666664 0.03466796875
0 0.24934895833333334 0.697509765625 0.0234375 0.0146484375
0 0.7584635416666666 0.364501953125 0.035807291666666664 0.0205078125
0 0.3580729166666667 0.686767578125 0.026041666666666668 0.013671875
0 0.8743489583333334 0.68310546875 0.026041666666666668 0.02099609375
0 0.5869140625 0.580322265625 0.020182291666666668 0.0126953125
0 0.1201171875 0.652587890625 0.036458333333333336 0.0283203125
0 0.3095703125 0.58984375 0.017578125 0.01123046875
0 0.6998697916666666 0.65380859375 0.022135416666666668 0.01708984375
0 0.6207682291666666 0.712890625 0.017578125 0.0146484375
0 0.9430338541666666 0.69873046875 0.033854166666666664 0.02001953125
0 0.3115234375 0.5400390625 0.022135416666666668 0.01416015625
0 0.8746744791666666 0.463623046875 0.017578125 0.01025390625
0 0.17122395833333334 0.7216796875 0.018880208333333332 0.01806640625
0 0.6402994791666666 0.690673828125 0.016276041666666668 0.01123046875
0 0.2708333333333333 0.686767578125 0.014973958333333334 0.01025390625
0 0.1181640625 0.71728515625 0.014322916666666666 0.0087890625
0 0.4117838541666667 0.5361328125 0.031901041666666664 0.015625
0 0.5608723958333334 0.701416015625 0.013020833333333334 0.0107421875
0 0.3792317708333333 0.633056640625 0.013671875 0.01025390625
0 0.9222005208333334 0.6220703125 0.014322916666666666 0.009765625
0 0.4264322916666667 0.38671875 0.014973958333333334 0.01513671875
0 0.5677083333333334 0.54296875 0.0234375 0.009765625
0 0.12109375 0.449951171875 0.013020833333333334 0.0078125
0 0.20377604166666666 0.364990234375 0.010416666666666666 0.00634765625
0 0.9306640625 0.720458984375 0.017578125 0.0107421875
0 0.326171875 0.724853515625 0.012369791666666666 0.01220703125
0 0.14095052083333334 0.706298828125 0.013020833333333334 0.01025390625
0 0.3854166666666667 0.405029296875 0.017578125 0.021484375
0 0.9039713541666666 0.622314453125 0.020182291666666668 0.02001953125
0 0.22819010416666666 0.6298828125 0.014973958333333334 0.0087890625
0 0.19140625 0.565673828125 0.025390625 0.00927734375
0 0.10221354166666667 0.70068359375 0.015625 0.00830078125
0 0.2705078125 0.50634765625 0.011067708333333334 0.01123046875
0 0.1611328125 0.356689453125 0.016927083333333332 0.0126953125
0 0.21061197916666666 0.39599609375 0.01171875 0.00732421875
0 0.21744791666666666 0.362060546875 0.012369791666666666 0.00634765625
0 0.6048177083333334 0.688720703125 0.01171875 0.01171875