0 0.41220238095238093 0.8872767857142857 0.02281746031746031 0.022073412698412787
0 0.19593253968253968 0.7978670634920635 0.04993386243386241 0.04712301587301582
0 0.5081018518518519 0.9153025793650793 0.030753968253968218 0.027529761904761862
0 0.18832671957671956 0.2235863095238095 0.03339947089947093 0.03447420634920634
0 0.2900132275132275 0.7291666666666666 0.025132275132275117 0.02331349206349209
0 0.6650132275132274 0.6276041666666666 0.02579365079365085 0.02256944444444442
0 0.3900462962962963 0.33717757936507936 0.02347883597883597 0.022073412698412676
0 0.3422619047619047 0.6857638888888888 0.02579365079365085 0.01984126984126977
0 0.3806216931216931 0.46155753968253965 0.030423280423280463 0.029265873015873023
0 0.2232142857142857 0.6790674603174602 0.018518518518518528 0.01736111111111116
0 0.4561838624338624 0.4021577380952381 0.04133597883597876 0.042906746031746046
0 0.5542328042328042 0.42249503968253965 0.029761904761904805 0.02504960317460314
0 0.5687830687830687 0.5667162698412698 0.03174603174603178 0.029265873015873023
0 0.4968617724867725 0.35439980158730156 0.020178571428571452 0.015349702380952346
0 0.5892857142857143 0.2761656746031746 0.02777777777777783 0.02504960317460314
0 0.39566798941798936 0.23226686507936506 0.02215608465608465 0.01661706349206349
0 0.28505291005291006 0.6567460317460317 0.021164021164021163 0.014384920634920695
0 0.1994047619047619 0.37797619047619047 0.03835978835978837 0.03621031746031744
0 0.22701719576719573 0.4456845238095238 0.024801587301587286 0.02182539682539686
0 0.5993716931216931 0.5868055555555555 0.024801587301587286 0.016865079365079305
0 0.22734788359788358 0.5791170634920635 0.020833333333333332 0.015873015873015817
0 0.2390873015873016 0.9893353174603174 0.025793650793650775 0.019345238095238138
0 0.5322420634920635 0.7645089285714285 0.01620370370370372 0.017609126984126977
0 0.39864417989417983 0.794766865079365 0.025462962962962948 0.014136904761904656
0 0.22900132275132276 0.6459573412698413 0.019510582010582016 0.019593253968253954
0 0.5517526455026455 0.22110615079365079 0.02281746031746031 0.01909722222222221
0 0.47784391534391535 0.5243055555555556 0.05291005291005287 0.048115079365079305
0 0.6061507936507936 0.6994047619047619 0.01851851851851845 0.01736111111111116
0 0.5889550264550264 0.2993551587301587 0.03505291005291008 0.02430555555555558
0 0.2101521164021164 0.2544642857142857 0.014219576719576743 0.015873015873015817
0 0.31150793650793646 0.4454365079365079 0.022486772486772482 0.01835317460317465
0 0.3745039682539682 0.8340773809523809 0.024801587301587286 0.02083333333333326
0 0.19212962962962962 0.4079861111111111 0.023809523809523798 0.019841269841269882
0 0.2372685185185185 0.9665178571428571 0.014219576719576743 0.012896825396825351
0 0.6084656084656085 0.6279761904761905 0.021164021164021236 0.018849206349206282
0 0.519345238095238 0.46056547619047616 0.01620370370370372 0.014384920634920584
0 0.533234126984127 0.4970238095238095 0.014880952380952403 0.011408730158730118
0 0.5443121693121693 0.5224454365079365 0.023148148148148213 0.02157738095238093
0 0.2392526455026455 0.3413938492063492 0.03670634920634922 0.031001984126984072
0 0.3726851851851852 0.37896825396825395 0.02513227513227519 0.013392857142857095
0 0.44940476190476186 0.4630456349206349 0.029100529100529144 0.02777777777777779
0 0.20519179894179893 0.7291666666666666 0.01752645502645504 0.015376984126984183
0 0.259755291005291 0.41381448412698413 0.02281746031746031 0.026537698412698374
0 0.33614417989417983 0.25297619047619047 0.012896825396825426 0.015873015873015817
0 0.3978174603174603 0.3055555555555555 0.017195767195767136 0.011904761904761862
0 0.2835648148148148 0.9330357142857142 0.03273809523809527 0.02430555555555558
0 0.3030753968253968 0.4110863095238095 0.018849206349206355 0.019593253968253954
0 0.19130291005291003 0.42621527777777773 0.01620370370370372 0.014632936507936511
0 0.3655753968253968 0.908234126984127 0.01554232804232806 0.012896825396825351
0 0.44295634920634913 0.3649553571428571 0.020171957671957674 0.013144841269841279
0 0.34209656084656087 0.7997271825396824 0.016865079365079378 0.013144841269841168
0 0.23710317460317457 0.9485367063492063 0.013227513227513255 0.015625
0 0.39153439153439146 0.2829861111111111 0.017195767195767136 0.011904761904761862
0 0.4991732804232804 0.779265873015873 0.026785714285714263 0.02083333333333326
0 0.30770502645502645 0.21825396825396826 0.026785714285714263 0.018353174603174593
0 0.20006613756613756 0.6066468253968254 0.011243386243386277 0.010912698412698374
0 0.5947420634920635 0.5704365079365079 0.012235449735449766 0.012896825396825351
0 0.33845899470899465 0.9775545634920635 0.018849206349206355 0.022073412698412787
0 0.3776455026455026 0.7690972222222222 0.012566137566137522 0.015873015873015817
0 0.39980158730158727 0.861235119047619 0.012566137566137522 0.013144841269841168
0 0.6588955026455027 0.527405753968254 0.01554232804232806 0.011656746031746046
0 0.35400132275132273 0.8390376984126984 0.01620370370370372 0.01835317460317465
0 0.3860780423280423 0.8067956349206349 0.018187830687830697 0.01041666666666674
0 0.34920634920634913 0.605406746031746 0.01851851851851845 0.012400793650793718
0 0.40625 0.36061507936507936 0.014880952380952403 0.009424603174603141
0 0.4795535714285714 0.21019593253968252 0.017731481481481442 0.011170634920634914
0 0.399646164021164 0.2125892857142857 0.013002645502645441 0.009218749999999998
0 0.37600529100529095 0.32384920634920633 0.011583994708994775 0.013653273809523858
0 0.42683531746031744 0.23670386904761903 0.01016534391534396 0.011346726190476164
0 0.4388888888888889 0.4484945436507936 0.02056878306878307 0.01329861111111108
0 0.5504761904761905 0.5123239087301588 0.020095899470899514 0.01329861111111108
0 0.5574503968253968 0.5297891865079365 0.018439153439153404 0.010282738095238164
0 0.6423181216931216 0.8919370039682539 0.017493386243386293 0.015071924603174525
0 0.5829794973544974 0.9461904761904761 0.019857804232804217 0.023581349206349245
0 0.6023677248677248 0.9282837301587301 0.01702050264550259 0.015426587301587302
0 0.49231812169312167 0.8533730158730158 0.02151455026455033 0.017021329365079385
0 0.3059126984126984 0.9490277777777777 0.020803571428571404 0.008687996031746081
0 0.2959821428571428 0.9393650793650793 0.018912037037037033 0.01170138888888883
0 0.2453902116402116 0.6477852182539682 0.018912037037037033 0.01826140873015869
0 0.45248346560846553 0.5129439484126984 0.019857804232804217 0.015248015873015941
0 0.24988425925925925 0.5558531746031745 0.011349206349206368 0.008864087301587276
0 0.25472883597883594 0.5642757936507936 0.03427910052910055 0.02074404761904769
0 0.2652480158730159 0.5775719246031745 0.023167989417989403 0.018616071428571468
0 0.2647751322751322 0.5148065476190475 0.028842592592592586 0.016490575396825413
0 0.2645403439153439 0.4970758928571428 0.018439153439153404 0.022517361111111134
0 0.3413723544973544 0.4393625992063492 0.020803571428571477 0.014538690476190497
0 0.570214947089947 0.21320932539682538 0.011349206349206368 0.010815972222222248
0 0.36978505291005287 0.3290550595238095 0.020816798941798886 0.011059027777777786
0 0.3355257936507936 0.42490079365079364 0.014745370370370381 0.010624999999999996
0 0.3144179894179894 0.4282614087301587 0.01648148148148147 0.006939484126984086
0 0.5095767195767196 0.3561607142857143 0.01416666666666666 0.018864087301587285
0 0.4471263227513227 0.5654117063492062 0.011276455026455098 0.010190972222222205
0 0.5364649470899471 0.6303571428571428 0.017635582010581945 0.00954117063492066