0 0.011393229166666666 0.6298828125 0.022786458333333332 0.015625
0 0.3795572916666667 0.478515625 0.06315104166666667 0.03955078125
0 0.5699869791666666 0.43212890625 0.03125 0.02783203125
0 0.21451822916666666 0.652099609375 0.025390625 0.01416015625
0 0.3629557291666667 0.384765625 0.033203125 0.01904296875
0 0.5419921875 0.6240234375 0.048177083333333336 0.0302734375
0 0.25390625 0.602294921875 0.036458333333333336 0.025390625
0 0.7610677083333334 0.6435546875 0.041015625 0.02392578125
0 0.3277994791666667 0.429443359375 0.038411458333333336 0.02197265625
0 0.2552083333333333 0.632080078125 0.037109375 0.02392578125
0 0.3759765625 0.573974609375 0.037760416666666664 0.02587890625
0 0.6985677083333334 0.56640625 0.026041666666666668 0.01416015625
0 0.302734375 0.646484375 0.037760416666666664 0.0224609375
0 0.4879557291666667 0.4619140625 0.0234375 0.01611328125
0 0.7796223958333334 0.333984375 0.029947916666666668 0.0205078125
0 0.169921875 0.5849609375 0.03515625 0.0224609375
0 0.0947265625 0.42822265625 0.037760416666666664 0.02490234375
0 0.08463541666666667 0.358154296875 0.045572916666666664 0.0205078125
0 0.028971354166666668 0.308349609375 0.01953125 0.01513671875
0 0.4365234375 0.5126953125 0.013020833333333334 0.0107421875
0 0.5009765625 0.485107421875 0.028645833333333332 0.0224609375
0 0.11002604166666667 0.3193359375 0.029947916666666668 0.01708984375
0 0.19205729166666666 0.3994140625 0.0703125 0.041015625
0 0.4124348958333333 0.420166015625 0.03125 0.02099609375
0 0.8199869791666666 0.525390625 0.044921875 0.02587890625
0 0.4514973958333333 0.545166015625 0.018880208333333332 0.0107421875
0 0.0224609375 0.375244140625 0.044921875 0.03173828125
0 0.8678385416666666 0.395751953125 0.03125 0.0205078125
0 0.2633463541666667 0.353271484375 0.046875 0.0341796875
0 0.08072916666666667 0.63525390625 0.025390625 0.01513671875
0 0.14225260416666666 0.63427734375 0.027994791666666668 0.01806640625
0 0.3880208333333333 0.54638671875 0.03125 0.02197265625
0 0.3235677083333333 0.32568359375 0.018880208333333332 0.0107421875
0 0.4026692708333333 0.382080078125 0.017578125 0.01171875
0 0.12532552083333334 0.356689453125 0.020833333333333332 0.01513671875
0 0.3102213541666667 0.474365234375 0.040364583333333336 0.02734375
0 0.7819010416666666 0.43115234375 0.022786458333333332 0.017578125
0 0.5211588541666666 0.465087890625 0.018229166666666668 0.009765625
0 0.13671875 0.538330078125 0.020182291666666668 0.0126953125
0 0.3245442708333333 0.308837890625 0.016276041666666668 0.01220703125
0 0.5364583333333334 0.41162109375 0.016276041666666668 0.01513671875
0 0.20930989583333334 0.322265625 0.015625 0.01416015625
0 0.296875 0.62109375 0.020833333333333332 0.01123046875
0 0.13248697916666666 0.45654296875 0.020182291666666668 0.0107421875
0 0.13671875 0.50048828125 0.05078125 0.02783203125
0 0.7291666666666666 0.401611328125 0.020182291666666668 0.00927734375
0 0.3388671875 0.532470703125 0.025390625 0.01806640625
0 0.4423828125 0.625732421875 0.017578125 0.0146484375
0 0.3688151041666667 0.51416015625 0.015625 0.0107421875
0 0.5621744791666666 0.58056640625 0.014973958333333334 0.01123046875
0 0.13509114583333334 0.39794921875 0.037760416666666664 0.0166015625
0 0.6188151041666666 0.581787109375 0.012369791666666666 0.00830078125
0 0.17578125 0.487060546875 0.020182291666666668 0.017578125
0 0.3844401041666667 0.3193359375 0.016276041666666668 0.0126953125
0 0.5335286458333334 0.3837890625 0.018880208333333332 0.0126953125
0 0.14127604166666666 0.376953125 0.024739583333333332 0.01416015625
0 0.8030598958333334 0.34814453125 0.017578125 0.00830078125
0 0.8990885416666666 0.375 0.016276041666666668 0.01318359375
0 0.0035807291666666665 0.316162109375 0.007161458333333333 0.01123046875
0 0.7386067708333334 0.330322265625 0.017578125 0.01123046875
0 0.17350260416666666 0.349853515625 0.016276041666666668 0.00830078125
0 0.15169270833333334 0.470947265625 0.018229166666666668 0.01318359375
0 0.451171875 0.580322265625 0.024088541666666668 0.02099609375
0 0.14225260416666666 0.602294921875 0.022135416666666668 0.01513671875
0 0.12727864583333334 0.614501953125 0.0234375 0.01171875
0 0.267578125 0.462646484375 0.013020833333333334 0.01025390625
0 0.5706380208333334 0.5478515625 0.025390625 0.013671875
0 0.3138020833333333 0.540283203125 0.014322916666666666 0.009765625
0 0.7757161458333334 0.39208984375 0.032552083333333336 0.01513671875
0 0.1689453125 0.3310546875 0.01953125 0.0078125
0 0.4189453125 0.359130859375 0.016927083333333332 0.015625
0 0.0029296875 0.3447265625 0.005859375 0.01171875
0 0.3310546875 0.580810546875 0.013671875 0.01123046875
0 0.7809244791666666 0.4091796875 0.026041666666666668 0.02197265625
0 0.8678385416666666 0.55810546875 0.015625 0.013671875
0 0.3248697916666667 0.353515625 0.015625 0.00830078125
0 0.7903645833333334 0.576416015625 0.018880208333333332 0.01318359375
0 0.8746744791666666 0.506103515625 0.01171875 0.009765625
0 0.8870442708333334 0.47900390625 0.01171875 0.00830078125
0 0.6520182291666666 0.33251953125 0.014973958333333334 0.0185546875
0 0.583984375 0.402587890625 0.018880208333333332 0.01025390625
0 0.623046875 0.40966796875 0.021484375 0.01806640625
0 0.4352213541666667 0.41064453125 0.022135416666666668 0.0185546875
0 0.4313151041666667 0.477783203125 0.01953125 0.013671875
0 0.3271484375 0.507080078125 0.014322916666666666 0.0126953125
0 0.3248697916666667 0.496337890625 0.013671875 0.0078125
0 0.470703125 0.631591796875 0.014973958333333334 0.01806640625
0 0.4694010416666667 0.576171875 0.018880208333333332 0.01953125
0 0.37109375 0.53515625 0.020182291666666668 0.009765625
0 0.15983072916666666 0.61669921875 0.046223958333333336 0.0263671875
0 0.1611328125 0.569580078125 0.026692708333333332 0.01318359375
0 0.109375 0.61767578125 0.01953125 0.0126953125
0 0.009440104166666666 0.6162109375 0.018880208333333332 0.01171875
0 0.0673828125 0.576904296875 0.015625 0.01318359375
0 0.027018229166666668 0.405029296875 0.022135416666666668 0.017578125
0 0.035481770833333336 0.502197265625 0.022135416666666668 0.015625
0 0.13997395833333334 0.41259765625 0.029947916666666668 0.01318359375
0 0.23697916666666666 0.346923828125 0.026692708333333332 0.009765625
0 0.21647135416666666 0.39208984375 0.024739583333333332 0.013671875
0 0.22265625 0.419921875 0.016276041666666668 0.0107421875
0 0.4254557291666667 0.58203125 0.017578125 0.009765625
0 0.58984375 0.6337890625 0.009114583333333334 0.01171875
0 0.7415364583333334 0.55078125 0.016276041666666668 0.01025390625
0 0.4283854166666667 0.46044921875 0.016927083333333332 0.01123046875
0 0.22102864583333334 0.484619140625 0.018880208333333332 0.01220703125
0 0.4453125 0.39111328125 0.011067708333333334 0.0068359375
0 0.435546875 0.377685546875 0.014973958333333334 0.00830078125
0 0.20377604166666666 0.671875 0.009765625 0.00830078125
0 0.0016276041666666667 0.461181640625 0.0032552083333333335 0.01611328125