0 0.6090494791666666 0.585693359375 0.042317708333333336 0.0224609375
0 0.6422526041666666 0.41796875 0.051432291666666664 0.03515625
0 0.5439453125 0.451416015625 0.059244791666666664 0.04345703125
0 0.7464192708333334 0.580078125 0.0625 0.0419921875
0 0.8590494791666666 0.34521484375 0.051432291666666664 0.03076171875
0 0.6005859375 0.464111328125 0.055989583333333336 0.0322265625
0 0.759765625 0.479248046875 0.045572916666666664 0.0322265625
0 0.4264322916666667 0.36083984375 0.033203125 0.02490234375
0 0.6005859375 0.383056640625 0.042317708333333336 0.0283203125
0 0.8030598958333334 0.438232421875 0.047526041666666664 0.0283203125
0 0.826171875 0.488525390625 0.052734375 0.0302734375
0 0.5286458333333334 0.4140625 0.052083333333333336 0.03173828125
0 0.5576171875 0.62060546875 0.018880208333333332 0.0107421875
0 0.8798828125 0.538818359375 0.024088541666666668 0.01953125
0 0.6611328125 0.6513671875 0.030598958333333332 0.021484375
0 0.9866536458333334 0.41064453125 0.024088541666666668 0.013671875
0 0.744140625 0.365234375 0.052734375 0.025390625
0 0.4912109375 0.38037109375 0.052734375 0.0341796875
0 0.3935546875 0.349365234375 0.046223958333333336 0.03125
0 0.4329427083333333 0.56640625 0.037109375 0.025390625
0 0.8743489583333334 0.44189453125 0.055338541666666664 0.03564453125
0 0.5579427083333334 0.6064453125 0.0234375 0.01513671875
0 0.9173177083333334 0.503173828125 0.061848958333333336 0.03662109375
0 0.4563802083333333 0.4404296875 0.054036458333333336 0.025390625
0 0.9251302083333334 0.57470703125 0.048177083333333336 0.04150390625
0 0.1015625 0.57177734375 0.022135416666666668 0.00927734375
0 0.7705078125 0.414306640625 0.052083333333333336 0.0341796875
0 0.24381510416666666 0.432373046875 0.029296875 0.01904296875
0 0.9244791666666666 0.46533203125 0.06705729166666667 0.02978515625
0 0.5032552083333334 0.322998046875 0.032552083333333336 0.0224609375
0 0.5393880208333334 0.528076171875 0.048177083333333336 0.0283203125
0 0.65234375 0.367431640625 0.037760416666666664 0.021484375
0 0.2255859375 0.342529296875 0.0390625 0.02099609375
0 0.4908854166666667 0.66943359375 0.057291666666666664 0.03564453125
0 0.6158854166666666 0.638427734375 0.032552083333333336 0.02099609375
0 0.9059244791666666 0.397216796875 0.0234375 0.01318359375
0 0.3551432291666667 0.339111328125 0.031901041666666664 0.01904296875
0 0.9479166666666666 0.342041015625 0.055989583333333336 0.03076171875
0 0.8697916666666666 0.62255859375 0.06640625 0.05908203125
0 0.7848307291666666 0.3837890625 0.041015625 0.03271484375
0 0.9322916666666666 0.401123046875 0.036458333333333336 0.0234375
0 0.2923177083333333 0.68408203125 0.042317708333333336 0.02294921875
0 0.7102864583333334 0.396728515625 0.016927083333333332 0.01171875
0 0.3193359375 0.372802734375 0.048177083333333336 0.033203125
0 0.9934895833333334 0.5849609375 0.013020833333333334 0.0185546875
0 0.7639973958333334 0.4541015625 0.026692708333333332 0.01513671875
0 0.5859375 0.52099609375 0.016276041666666668 0.0078125
0 0.9007161458333334 0.37451171875 0.01953125 0.0146484375
0 0.17740885416666666 0.566162109375 0.042317708333333336 0.02392578125
0 0.7135416666666666 0.42333984375 0.013671875 0.01025390625
0 0.9837239583333334 0.622802734375 0.026041666666666668 0.013671875
0 0.9934895833333334 0.611083984375 0.013020833333333334 0.01025390625
0 0.5826822916666666 0.487060546875 0.018229166666666668 0.0146484375
0 0.4697265625 0.413818359375 0.0390625 0.03173828125
0 0.9195963541666666 0.65087890625 0.041015625 0.0263671875
0 0.6904296875 0.34521484375 0.024739583333333332 0.02099609375
0 0.5807291666666666 0.650146484375 0.016276041666666668 0.01025390625
0 0.6422526041666666 0.32568359375 0.014322916666666666 0.0126953125
0 0.97265625 0.383056640625 0.018880208333333332 0.01318359375
0 0.822265625 0.59130859375 0.041015625 0.02685546875
0 0.9615885416666666 0.55810546875 0.025390625 0.025390625
0 0.9866536458333334 0.482666015625 0.018880208333333332 0.01025390625
0 0.17708333333333334 0.345458984375 0.033203125 0.0224609375
0 0.8460286458333334 0.38623046875 0.0390625 0.01953125
0 0.5794270833333334 0.3408203125 0.01953125 0.01171875
0 0.791015625 0.54345703125 0.048177083333333336 0.029296875
0 0.19498697916666666 0.4423828125 0.04296875 0.02099609375
0 0.951171875 0.649658203125 0.01171875 0.009765625
0 0.9143880208333334 0.60546875 0.013671875 0.00927734375
0 0.9791666666666666 0.602783203125 0.014973958333333334 0.00732421875
0 0.3274739583333333 0.423828125 0.014973958333333334 0.013671875
0 0.8287760416666666 0.677490234375 0.014973958333333334 0.0107421875
0 0.3984375 0.4384765625 0.014322916666666666 0.00732421875
0 0.6901041666666666 0.567626953125 0.018880208333333332 0.01318359375
0 0.8291015625 0.45654296875 0.013671875 0.00830078125
0 0.4889322916666667 0.60791015625 0.020182291666666668 0.0146484375
0 0.201171875 0.346435546875 0.014973958333333334 0.009765625
0 0.3277994791666667 0.355712890625 0.013020833333333334 0.0107421875
0 0.3001302083333333 0.319091796875 0.020833333333333332 0.0126953125
0 0.5247395833333334 0.363525390625 0.061848958333333336 0.03564453125
0 0.5686848958333334 0.413330078125 0.014973958333333334 0.01220703125
0 0.6585286458333334 0.44189453125 0.038411458333333336 0.0283203125
0 0.62109375 0.442626953125 0.010416666666666666 0.00634765625
0 0.6702473958333334 0.458740234375 0.009765625 0.0078125
0 0.6796875 0.46484375 0.021484375 0.0126953125
0 0.6279296875 0.50537109375 0.01953125 0.01318359375
0 0.763671875 0.38134765625 0.021484375 0.01708984375
0 0.626953125 0.353271484375 0.032552083333333336 0.03173828125
0 0.5810546875 0.32470703125 0.018229166666666668 0.0146484375
0 0.5615234375 0.3505859375 0.013671875 0.0146484375
0 0.5869140625 0.40185546875 0.0234375 0.0107421875
0 0.6516927083333334 0.3955078125 0.017578125 0.013671875
0 0.7083333333333334 0.34619140625 0.010416666666666666 0.01123046875
0 0.7887369791666666 0.42724609375 0.012369791666666666 0.00634765625
0 0.8121744791666666 0.3212890625 0.009114583333333334 0.01171875
0 0.9368489583333334 0.378173828125 0.049479166666666664 0.02978515625
0 0.93359375 0.362548828125 0.015625 0.013671875
0 0.9986979166666666 0.331298828125 0.0026041666666666665 0.01025390625
0 0.8919270833333334 0.654541015625 0.017578125 0.01416015625
0 0.7903645833333334 0.625 0.0234375 0.01416015625
0 0.8046875 0.606201171875 0.014973958333333334 0.009765625
0 0.8375651041666666 0.612548828125 0.026692708333333332 0.015625
0 0.8203125 0.51220703125 0.016927083333333332 0.01025390625
0 0.69921875 0.547119140625 0.016276041666666668 0.01123046875
0 0.6438802083333334 0.657470703125 0.014322916666666666 0.01025390625
0 0.5237630208333334 0.661376953125 0.029947916666666668 0.01904296875
0 0.6806640625 0.5361328125 0.013020833333333334 0.0078125
0 0.6803385416666666 0.5595703125 0.012369791666666666 0.01513671875
0 0.8346354166666666 0.466064453125 0.016927083333333332 0.00732421875
0 0.9791666666666666 0.4677734375 0.033203125 0.02880859375
0 0.9345703125 0.65673828125 0.014973958333333334 0.0126953125
0 0.8688151041666666 0.492919921875 0.018229166666666668 0.01611328125
0 0.4664713541666667 0.599609375 0.018229166666666668 0.0107421875
0 0.46484375 0.677978515625 0.014322916666666666 0.01171875
0 0.2633463541666667 0.62890625 0.018229166666666668 0.0126953125
0 0.2698567708333333 0.689453125 0.013671875 0.01318359375