0 0.6295572916666666 0.8115234375 0.037760416666666664 0.0244140625
0 0.6028645833333334 0.7919921875 0.028645833333333332 0.0166015625
0 0.7584635416666666 0.738525390625 0.029296875 0.0185546875
0 0.625 0.716552734375 0.039713541666666664 0.03125
0 0.5524088541666666 0.693115234375 0.031901041666666664 0.021484375
0 0.5986328125 0.67626953125 0.03125 0.029296875
0 0.6448567708333334 0.68359375 0.024088541666666668 0.02001953125
0 0.7467447916666666 0.646240234375 0.02734375 0.017578125
0 0.716796875 0.66552734375 0.026692708333333332 0.0146484375
0 0.7047526041666666 0.64501953125 0.024739583333333332 0.017578125
0 0.646484375 0.63671875 0.024088541666666668 0.02001953125
0 0.4560546875 0.800537109375 0.01953125 0.02001953125
0 0.3059895833333333 0.71728515625 0.02734375 0.017578125
0 0.7669270833333334 0.610595703125 0.03125 0.02587890625
0 0.7503255208333334 0.5703125 0.038411458333333336 0.029296875
0 0.744140625 0.54541015625 0.027994791666666668 0.017578125
0 0.7555338541666666 0.51611328125 0.03515625 0.0224609375
0 0.7242838541666666 0.503173828125 0.044921875 0.033203125
0 0.6715494791666666 0.52197265625 0.039713541666666664 0.021484375
0 0.5813802083333334 0.492431640625 0.05078125 0.02734375
0 0.4560546875 0.434814453125 0.0546875 0.03662109375
0 0.375 0.437744140625 0.02734375 0.03076171875
0 0.361328125 0.52001953125 0.026692708333333332 0.01953125
0 0.3616536458333333 0.623779296875 0.021484375 0.02587890625
0 0.3463541666666667 0.47265625 0.020182291666666668 0.021484375
0 0.4358723958333333 0.326904296875 0.03125 0.02685546875
0 0.4290364583333333 0.30322265625 0.014973958333333334 0.01611328125
0 0.7389322916666666 0.3212890625 0.029296875 0.0341796875
0 0.7789713541666666 0.297607421875 0.018229166666666668 0.015625
0 0.58203125 0.27001953125 0.022786458333333332 0.02001953125
0 0.6028645833333334 0.2099609375 0.0234375 0.0263671875
0 0.7666015625 0.162109375 0.029296875 0.0244140625
0 0.5416666666666666 0.1201171875 0.053385416666666664 0.0361328125
0 0.3870442708333333 0.13720703125 0.033203125 0.037109375
0 0.2887369791666667 0.083984375 0.044921875 0.03564453125
0 0.2623697916666667 0.061279296875 0.029947916666666668 0.02197265625
0 0.7864583333333334 0.093994140625 0.029947916666666668 0.02392578125
0 0.7350260416666666 0.068359375 0.018229166666666668 0.01708984375
0 0.2822265625 0.21240234375 0.01953125 0.01806640625
0 0.658203125 0.268310546875 0.031901041666666664 0.02001953125
0 0.3792317708333333 0.795654296875 0.020182291666666668 0.017578125
0 0.7571614583333334 0.797119140625 0.01953125 0.0146484375
0 0.4684244791666667 0.604736328125 0.01953125 0.013671875
0 0.3030598958333333 0.57373046875 0.022135416666666668 0.01318359375
0 0.5065104166666666 0.081787109375 0.034505208333333336 0.0341796875
0 0.6123046875 0.155029296875 0.027994791666666668 0.02197265625
0 0.6416015625 0.186279296875 0.02734375 0.0126953125
0 0.7610677083333334 0.193603515625 0.024088541666666668 0.01171875
0 0.26171875 0.8017578125 0.044270833333333336 0.03173828125
0 0.341796875 0.747314453125 0.0234375 0.01611328125
0 0.5530598958333334 0.679931640625 0.018880208333333332 0.00732421875
0 0.5530598958333334 0.658203125 0.013020833333333334 0.00732421875
0 0.7174479166666666 0.617919921875 0.018880208333333332 0.015625
0 0.6995442708333334 0.617919921875 0.017578125 0.01953125
0 0.6458333333333334 0.5966796875 0.021484375 0.01025390625
0 0.6569010416666666 0.58251953125 0.018229166666666668 0.013671875
0 0.7526041666666666 0.592529296875 0.013020833333333334 0.00927734375
0 0.7669270833333334 0.46630859375 0.013020833333333334 0.013671875
0 0.7405598958333334 0.427490234375 0.020833333333333332 0.017578125
0 0.7379557291666666 0.371337890625 0.020833333333333332 0.01611328125
0 0.6360677083333334 0.372802734375 0.020833333333333332 0.0126953125
0 0.4742838541666667 0.3828125 0.020833333333333332 0.0126953125
0 0.509765625 0.4208984375 0.018880208333333332 0.0107421875
0 0.3645833333333333 0.4609375 0.013671875 0.0107421875
0 0.4222005208333333 0.461181640625 0.016927083333333332 0.0126953125
0 0.4456380208333333 0.536376953125 0.021484375 0.017578125
0 0.3863932291666667 0.660400390625 0.015625 0.01318359375
0 0.2757161458333333 0.658935546875 0.015625 0.01318359375
0 0.3053385416666667 0.64306640625 0.016276041666666668 0.01171875
0 0.2825520833333333 0.617431640625 0.014322916666666666 0.0126953125
0 0.2864583333333333 0.492919921875 0.01171875 0.01318359375
0 0.3134765625 0.449951171875 0.014322916666666666 0.0107421875
0 0.3092447916666667 0.422119140625 0.014973958333333334 0.0146484375
0 0.7457682291666666 0.24755859375 0.018229166666666668 0.013671875
0 0.7177734375 0.146484375 0.020182291666666668 0.013671875
0 0.6936848958333334 0.132568359375 0.026041666666666668 0.00830078125
0 0.7024739583333334 0.114990234375 0.017578125 0.02197265625
0 0.4749348958333333 0.0927734375 0.024088541666666668 0.0146484375
0 0.4791666666666667 0.14306640625 0.026692708333333332 0.01416015625
0 0.373046875 0.11328125 0.020182291666666668 0.01171875
0 0.3388671875 0.123291015625 0.016276041666666668 0.01611328125
0 0.2591145833333333 0.1142578125 0.015625 0.0224609375
0 0.3209635416666667 0.2314453125 0.013020833333333334 0.0107421875
0 0.2874348958333333 0.23828125 0.013020833333333334 0.01416015625
0 0.2779947916666667 0.7275390625 0.020182291666666668 0.01611328125
0 0.2841796875 0.7783203125 0.011067708333333334 0.0087890625
0 0.3108723958333333 0.7041015625 0.012369791666666666 0.00732421875
0 0.3362630208333333 0.60498046875 0.013020833333333334 0.0107421875
0 0.5930989583333334 0.808349609375 0.016927083333333332 0.01123046875
0 0.5458984375 0.788330078125 0.013020833333333334 0.009765625
0 0.5485026041666666 0.216796875 0.016927083333333332 0.01416015625
0 0.8063151041666666 0.025146484375 0.0234375 0.013671875
0 0.8128255208333334 0.166748046875 0.022786458333333332 0.01513671875
0 0.3014322916666667 0.031494140625 0.014322916666666666 0.01806640625
0 0.3678385416666667 0.146728515625 0.026692708333333332 0.05078125
0 0.3492838541666667 0.142822265625 0.020833333333333332 0.015625
0 0.5540364583333334 0.198974609375 0.020833333333333332 0.017578125
0 0.3020833333333333 0.357177734375 0.022135416666666668 0.013671875
0 0.3147786458333333 0.36279296875 0.018229166666666668 0.0126953125
0 0.2740885416666667 0.43701171875 0.016276041666666668 0.0205078125