0 0.48313492063492064 0.3680555555555555 0.02579365079365085 0.019345238095238138
0 0.4029431216931217 0.6925843253968254 0.025462962962962948 0.019593253968253954
0 0.37384259259259256 0.2638888888888889 0.02215608465608465 0.019841269841269882
0 0.2736441798941799 0.6536458333333333 0.03935185185185186 0.03645833333333326
0 0.4866071428571428 0.6987847222222222 0.0327380952380952 0.02703373015873023
0 0.2199074074074074 0.7093253968253967 0.02910052910052907 0.030753968253968145
0 0.31564153439153436 0.527405753968254 0.04133597883597884 0.03149801587301582
0 0.23594576719576718 0.3560267857142857 0.034722222222222245 0.03298611111111116
0 0.40046296296296297 0.5381944444444444 0.03108465608465612 0.030753968253968145
0 0.34540343915343913 0.5979662698412698 0.04596560846560852 0.0367063492063493
0 0.39765211640211634 0.5828373015873015 0.020171957671957674 0.016369047619047672
0 0.21478174603174602 0.5078125 0.048611111111111084 0.03993055555555558
0 0.24123677248677247 0.29910714285714285 0.014880952380952403 0.01388888888888884
0 0.33283730158730157 0.7378472222222222 0.020171957671957674 0.015873015873015817
0 0.7194113756613757 0.26351686507936506 0.02281746031746046 0.019593253968253954
0 0.47420634920634913 0.5007440476190476 0.04828042328042326 0.03373015873015883
0 0.29811507936507936 0.2018849206349206 0.027447089947089925 0.018353174603174593
0 0.521494708994709 0.4280753968253968 0.024470899470899532 0.019345238095238138
0 0.2944775132275132 0.4671378968253968 0.02414021164021163 0.0200892857142857
0 0.5530753968253969 0.4083581349206349 0.029431216931216902 0.02504960317460314
0 0.373015873015873 0.7139136904761905 0.02645502645502651 0.021081349206349298
0 0.6643518518518517 0.369047619047619 0.03306878306878295 0.028273809523809534
0 0.615079365079365 0.5462549603174602 0.024470899470899532 0.030505952380952328
0 0.5423280423280423 0.675595238095238 0.024470899470899532 0.01984126984126977
0 0.7129629629629629 0.5011160714285714 0.02777777777777768 0.030009920634920695
0 0.5122354497354497 0.7953869047619048 0.012566137566137522 0.016369047619047672
0 0.36177248677248675 0.951016865079365 0.02579365079365085 0.018105158730158832
0 0.23710317460317457 0.5721726190476191 0.01653439153439155 0.014880952380952328
0 0.4828042328042328 0.29067460317460314 0.01322751322751318 0.012400793650793607
0 0.7204034391534391 0.7743055555555555 0.012896825396825426 0.015376984126984183
0 0.6937830687830687 0.1892361111111111 0.013888888888888987 0.013888888888888895
0 0.6040013227513227 0.2632688492063492 0.030753968253968218 0.02852182539682535
0 0.3344907407407407 0.4445684523809524 0.014219576719576743 0.01215277777777779
0 0.2673611111111111 0.8937251984126984 0.013558201058201083 0.015128968253968145
0 0.24917328042328044 0.46118551587301587 0.018187830687830697 0.020585317460317443
0 0.23561507936507933 0.4481646825396825 0.011574074074074106 0.014384920634920584
0 0.43915343915343913 0.18737599206349206 0.021825396825396748 0.014632936507936511
0 0.40228174603174605 0.4942956349206349 0.04662698412698418 0.03819444444444442
0 0.27678571428571425 0.8482142857142857 0.04629629629629628 0.03621031746031744
0 0.3308531746031746 0.6715029761904762 0.01554232804232806 0.013640873015873023
0 0.28521825396825395 0.3862847222222222 0.014219576719576743 0.014136904761904767
0 0.43270502645502645 0.5375744047619048 0.013558201058201083 0.010664682539682557
0 0.45370370370370366 0.7709573412698413 0.02050264550264543 0.022073412698412787
0 0.30026455026455023 0.4151785714285714 0.013888888888888914 0.009920634920634885
0 0.21891534391534392 0.8757440476190476 0.020502645502645505 0.012896825396825351
0 0.2934854497354497 0.2935267857142857 0.010912698412698374 0.010664682539682557
0 0.6402116402116401 0.1892361111111111 0.012566137566137522 0.01339285714285715
0 0.25186507936507935 0.9485367063492063 0.03679894179894183 0.023065476190476275
0 0.3212632275132275 0.8804563492063492 0.016865079365079378 0.010912698412698374
0 0.6593915343915344 0.5499751984126984 0.015873015873015817 0.009176587301587213
0 0.3311838624338624 0.796875 0.012896825396825426 0.009424603174603252
0 0.7334656084656084 0.8241567460317459 0.01256613756613767 0.014880952380952328
0 0.26785714285714285 0.5073164682539683 0.009259259259259226 0.008184523809523725
0 0.46742724867724866 0.47792658730158727 0.018187830687830697 0.012400793650793607
0 0.42840608465608465 0.22854662698412698 0.011574074074074106 0.01215277777777779
0 0.5907738095238094 0.3169642857142857 0.03604497354497349 0.028273809523809534
0 0.23677248677248675 0.2517361111111111 0.021164021164021163 0.010912698412698374
0 0.5749007936507936 0.20200892857142855 0.01554232804232806 0.010168650793650813
0 0.4459325396825397 0.3671875 0.00958994708994713 0.009176587301587324
0 0.48528439153439146 0.316344246031746 0.010251322751322789 0.009176587301587324
0 0.4930555555555555 0.4402281746031746 0.010582010582010545 0.008432539682539653
0 0.40366071428571426 0.36456349206349203 0.02347222222222219 0.020877976190476155
0 0.5832473544973544 0.2945560515873016 0.040939153439153365 0.04216765873015871
0 0.5159027777777777 0.3045238095238095 0.019067460317460316 0.011123511904761907
0 0.3981646825396825 0.3015749007936508 0.015436507936507896 0.01702628968253972
0 0.2581779100529101 0.3728521825396825 0.03208333333333332 0.04063244047619052
0 0.282390873015873 0.45423363095238095 0.016951058201058206 0.01770585317460316
0 0.5024338624338623 0.625734126984127 0.02058201058201063 0.02111111111111108
0 0.5856679894179894 0.6079141865079365 0.03510912698412705 0.044037698412698445
0 0.644537037037037 0.5071254960317461 0.022701719576719626 0.015890376984126986
0 0.6993220899470899 0.17785714285714285 0.017251984126984254 0.011577380952380978
0 0.3978604497354497 0.2549255952380952 0.019067460317460316 0.013167162698412671
0 0.6781349206349206 0.3179191468253968 0.016041666666666583 0.008854166666666718
0 0.30493055555555554 0.9108234126984127 0.031263227513227486 0.015850694444444535
0 0.2184027777777778 0.6144270833333333 0.02201719576719574 0.018824404761904834
0 0.21223875661375657 0.29937003968253967 0.01673280423280425 0.012879464285714293
0 0.241521164021164 0.40570932539682536 0.018935185185185183 0.011557539682539697
0 0.22083664021164018 0.2843675595238095 0.017281746031746037 0.011817956349206349