0 0.6173941798941799 0.3413938492063492 0.017195767195767136 0.01215277777777779
0 0.5320767195767195 0.5321180555555556 0.01388888888888884 0.01661706349206349
0 0.660218253968254 0.9206349206349206 0.03207671957671968 0.029265873015873023
0 0.7235449735449735 0.5249255952380952 0.02777777777777768 0.018105158730158832
0 0.3123346560846561 0.7761656746031745 0.02281746031746031 0.023065476190476275
0 0.2523148148148148 0.8253968253968254 0.019179894179894186 0.01736111111111116
0 0.7319775132275131 0.5886656746031745 0.018187830687830697 0.011656746031746046
0 0.2875330687830688 0.39384920634920634 0.020171957671957674 0.018849206349206393
0 0.5413359788359788 0.7118055555555555 0.0145502645502645 0.015873015873015817
0 0.7172619047619047 0.5967261904761905 0.017857142857142943 0.012896825396825351
0 0.6457705026455026 0.5721726190476191 0.014718915343915414 0.014508928571428603
0 0.6710052910052909 0.6048189484126985 0.017242063492063586 0.015456349206349307
0 0.40731150793650794 0.7488070436507936 0.020608465608465593 0.015771329365079412
0 0.5580853174603174 0.7841344246031746 0.02186838624338631 0.010094246031746135
0 0.33939153439153436 0.8346031746031746 0.013458994708994698 0.01640128968253962
0 0.47544312169312164 0.8032167658730158 0.018925264550264515 0.01103918650793645
0 0.283667328042328 0.9457886904761904 0.01471891534391534 0.013563988095238066
0 0.3122652116402116 0.9628199404761905 0.01471891534391534 0.009779265873015808
0 0.726517857142857 0.4901636904761904 0.024811507936507955 0.01892609126984124