0 0.8401537698412698 0.27298280423280424 0.042906746031746046 0.048611111111111084
0 0.5435267857142857 0.2923280423280423 0.036954365079365115 0.04960317460317457
0 0.7511160714285714 0.5279431216931216 0.04191468253968256 0.047288359788359845
0 0.45101686507936506 0.2969576719576719 0.04191468253968256 0.04828042328042326
0 0.8788442460317459 0.27579365079365076 0.040426587301587213 0.05158730158730155
0 0.25260416666666663 0.28009259259259256 0.040426587301587324 0.042328042328042326
0 0.39037698412698413 0.6792328042328042 0.04414682539682535 0.04298941798941799
0 0.2072172619047619 0.5856481481481481 0.04538690476190477 0.044973544973544964
0 0.8080357142857142 0.478505291005291 0.03373015873015883 0.05158730158730155
0 0.6397569444444444 0.2969576719576719 0.039434523809523725 0.04695767195767194
0 0.6412450396825397 0.4226190476190476 0.04191468253968256 0.04365079365079364
0 0.49181547619047616 0.416005291005291 0.028769841269841168 0.04034391534391535
0 0.7297867063492063 0.43204365079365076 0.042906746031746046 0.040013227513227445
0 0.5491071428571428 0.35714285714285715 0.0401785714285714 0.03902116402116403
0 0.8993055555555555 0.6927910052910052 0.05456349206349209 0.061507936507936435
0 0.3177083333333333 0.6845238095238094 0.06101190476190477 0.05687830687830697
0 0.7467757936507936 0.5796957671957671 0.03819444444444442 0.05423280423280419
0 0.42621527777777773 0.3490410052910053 0.02604166666666663 0.02347883597883597
0 0.5122767857142857 0.26587301587301587 0.03298611111111116 0.03968253968253969
0 0.853546626984127 0.36491402116402116 0.048363095238095344 0.06051587301587302
0 0.3736359126984127 0.3629298941798942 0.043898809523809534 0.04861111111111116
0 0.34027777777777773 0.3012566137566137 0.03323412698412698 0.03571428571428573
0 0.5948660714285714 0.31977513227513227 0.027529761904761862 0.03439153439153442
0 0.44320436507936506 0.5481150793650793 0.03621031746031744 0.043981481481481545
0 0.9138144841269841 0.5209986772486772 0.03447420634920628 0.039351851851851784
0 0.751736111111111 0.2587632275132275 0.029761904761904656 0.03009259259259256
0 0.8225446428571428 0.5534060846560847 0.038442460317460236 0.04530423280423287
0 0.3204365079365079 0.43171296296296297 0.03472222222222221 0.03339947089947085
0 0.2130456349206349 0.6820436507936507 0.025793650793650813 0.033399470899471005
0 0.613095238095238 0.369047619047619 0.031746031746031855 0.033730158730158756
0 0.5846974206349206 0.5453042328042328 0.025545634920634885 0.033730158730158756
0 0.6925843253968254 0.4887566137566137 0.050843253968253954 0.05423280423280419
0 0.40240575396825395 0.5687830687830687 0.028025793650793607 0.041666666666666664
0 0.7455357142857142 0.7129629629629629 0.03174603174603163 0.03571428571428559
0 0.841765873015873 0.6673280423280423 0.04315476190476186 0.05753968253968248
0 0.32775297619047616 0.47784391534391535 0.02504960317460314 0.03174603174603178
0 0.7635615079365079 0.34855489417989416 0.02265873015873021 0.031064814814814785
0 0.5925099206349206 0.7094907407407408 0.028769841269841168 0.03802910052910047
0 0.3909970238095238 0.42245370370370366 0.027033730158730118 0.03736772486772481
0 0.8516617063492063 0.484401455026455 0.03378224206349212 0.039798280423280374
0 0.23995535714285712 0.556547619047619 0.031994047619047616 0.033730158730158756
0 0.20498511904761904 0.36954365079365076 0.032986111111111105 0.04133597883597876
0 0.46056547619047616 0.6909722222222222 0.01736111111111116 0.016865079365079378
0 0.35565476190476186 0.550595238095238 0.02430555555555558 0.024470899470899532
0 0.9212549603174602 0.4844576719576719 0.03397817460317465 0.0330687830687831
0 0.2622767857142857 0.4057539682539682 0.03149801587301582 0.02579365079365085
0 0.8778521825396824 0.6076388888888888 0.03497023809523814 0.05191798941798945
0 0.7532242063492063 0.6511243386243386 0.03571428571428581 0.054232804232804334
0 0.6567460317460317 0.36954365079365076 0.02529761904761907 0.044642857142857206
0 0.6391369047619048 0.6990740740740741 0.022321428571428603 0.03505291005291008
0 0.5344742063492063 0.6870039682539683 0.015873015873015817 0.02149470899470914
0 0.48251488095238093 0.6321097883597883 0.013640873015873023 0.014219576719576743
0 0.21775793650793648 0.5004960317460317 0.020833333333333315 0.01554232804232806
0 0.259796626984127 0.5132275132275131 0.014632936507936511 0.017195767195767136
0 0.5602678571428571 0.5438161375661376 0.021329365079365115 0.02215608465608465
0 0.7632688492063492 0.4884259259259259 0.032490079365079305 0.03505291005291008
0 0.8860367063492063 0.6453373015873015 0.018601190476190466 0.02215608465608465
0 0.8841765873015872 0.5618386243386243 0.016865079365079305 0.02050264550264543
0 0.9212549603174602 0.4479166666666667 0.046378968253968145 0.04530423280423287
0 0.8823164682539683 0.5171957671957671 0.020585317460317443 0.02050264550264543
0 0.2735069444444444 0.3627612433862433 0.016406249999999956 0.03305886243386243
0 0.5766369047619048 0.3811177248677249 0.014384920634920695 0.018849206349206355
0 0.4561309523809523 0.34836970899470904 0.028829365079365066 0.03139550264550269
0 0.2699652777777778 0.6635251322751322 0.013144841269841279 0.020171957671957525
0 0.9145585317460317 0.3599537037037037 0.016121031746031855 0.01620370370370372
0 0.5023561507936508 0.3817791005291005 0.016121031746031855 0.014219576719576743
0 0.2018849206349206 0.7129629629629629 0.027281746031746046 0.030423280423280314
0 0.2765376984126984 0.5300925925925926 0.019841269841269882 0.02116402116402109
0 0.2570684523809524 0.6866732804232804 0.01661706349206349 0.024801587301587286
0 0.7879464285714285 0.6711309523809524 0.016369047619047672 0.01554232804232806
0 0.5441468253968254 0.7248677248677248 0.01736111111111116 0.020502645502645578
0 0.224578373015873 0.47602513227513227 0.015128968253968256 0.018849206349206355
0 0.2699652777777778 0.5896164021164021 0.01215277777777779 0.01322751322751318
0 0.5230654761904762 0.6574074074074073 0.012896825396825351 0.015211640211640157
0 0.9166666666666666 0.7389219576719577 0.016865079365079305 0.01620370370370357
0 0.4810267857142857 0.6858465608465608 0.01215277777777779 0.015873015873015817
0 0.9466765873015872 0.3012566137566137 0.03125 0.042328042328042326
0 0.671875 0.6301256613756613 0.011904761904761862 0.010251322751322789
0 0.8204365079365079 0.32903439153439157 0.01041666666666674 0.009920634920634885
0 0.527157738095238 0.41038359788359785 0.015128968253968145 0.022486772486772555
0 0.29496527777777776 0.3338988095238095 0.008596230158730123 0.013171296296296356
0 0.29944692460317457 0.3490178571428571 0.007683531746031758 0.011220238095238125
0 0.289203869047619 0.3610912698412698 0.01353670634920634 0.021706349206349174
0 0.35487351190476185 0.26938492063492064 0.013169642857142838 0.017804232804232784
0 0.38057291666666665 0.2780456349206349 0.010426587301587298 0.013171296296296283
0 0.26112351190476185 0.37511574074074067 0.039327876984126986 0.05609788359788359
0 0.21173363095238096 0.5564550264550264 0.009694940476190461 0.018293650793650862
0 0.20825892857142858 0.4590178571428571 0.008963293650793625 0.010730820105820124
0 0.2244469246031746 0.6247486772486772 0.05561011904761903 0.055363756613756664
0 0.29441716269841267 0.5945039682539682 0.009694940476190461 0.011461640211640164
0 0.30850198412698415 0.5723082010582011 0.038231646825396814 0.06804894179894176
0 0.23963045634920635 0.6830390211640212 0.007683531746031758 0.011951058201058315
0 0.3278918650793651 0.7120634920634922 0.026522817460317483 0.028048941798941723
0 0.18685763888888887 0.696574074074074 0.02030505952380951 0.020486111111111132
0 0.46929315476190475 0.6449900793650793 0.010426587301587298 0.012926587301587281
0 0.37307291666666664 0.5865773809523809 0.009330357142857126 0.016097883597883555
0 0.5097172619047619 0.7198677248677249 0.009694940476190572 0.0143915343915344
0 0.6545039682539682 0.6369411375661375 0.014268353174603066 0.015367063492063515
0 0.6072172619047619 0.6414550264550264 0.011158234126984024 0.016097883597883555
0 0.5948685515873016 0.6685284391534392 0.012073412698412778 0.019024470899470753
0 0.6281622023809523 0.6471858465608465 0.0358531746031745 0.06609788359788353
0 0.5879191468253967 0.621332671957672 0.012437996031746001 0.01634259259259263
0 0.6124305555555556 0.5148710317460318 0.03292658730158737 0.040000000000000036
0 0.6316369047619048 0.532066798941799 0.023415178571428497 0.04122023809523808
0 0.6236805555555555 0.5592592592592592 0.017011408730158717 0.020975529100529133
0 0.5907539682539682 0.5081646825396825 0.023596230158730247 0.017318121693121746
0 0.5837103174603174 0.5292592592592592 0.012073412698412778 0.014146825396825324
0 0.5743824404761904 0.5691369047619047 0.016463293650793576 0.01585317460317463
0 0.560297619047619 0.7235251322751323 0.012437996031746001 0.013902116402116546
0 0.8128249007936508 0.6936474867724868 0.01188988095238086 0.014146825396825472
0 0.8441046626984126 0.6990145502645503 0.007132936507936449 0.012681878306878206
0 0.7999280753968253 0.5792592592592593 0.014999999999999902 0.0185350529100529
0 0.8555357142857143 0.5943816137566137 0.015364583333333348 0.021461640211640248
0 0.8399875992063491 0.6113326719576719 0.043536706349206256 0.04707341269841262
0 0.6834970238095238 0.52255291005291 0.019937996031746064 0.023657407407407405
0 0.7254786706349207 0.5629199735449735 0.009878472222222268 0.01512235449735444
0 0.5896874999999999 0.46234126984126983 0.05987351190476198 0.0509556878306879
0 0.474781746031746 0.5625529100529101 0.008407738095238093 0.01358796296296294
0 0.37605406746031744 0.6063756613756613 0.009682539682539737 0.010869708994709034
0 0.44917658730158727 0.6629365079365079 0.00713293650793656 0.01460648148148147
0 0.43108630952380955 0.4577546296296296 0.01121031746031742 0.01460648148148147
0 0.41618303571428567 0.4586044973544973 0.007388392857142878 0.011550925925925881
0 0.47924107142857136 0.3658630952380952 0.009682539682539626 0.01358796296296294
0 0.7118526785714285 0.3845469576719576 0.05299355158730168 0.06658399470899463
0 0.8384796626984127 0.4531679894179894 0.046879960317460334 0.05435185185185191
0 0.9366964285714285 0.40221230158730154 0.01350446428571428 0.016984126984126952
0 0.7752926587301587 0.3325727513227513 0.025478670634920597 0.023098544973544948
0 0.8694345238095238 0.3138888888888889 0.024203869047618953 0.04891865079365084
0 0.8051016865079365 0.3018287037037037 0.017834821428571512 0.023439153439153444
0 0.6726165674603174 0.3707903439153439 0.00917162698412688 0.01664682539682542
0 0.6170758928571428 0.33545965608465605 0.021401289682539737 0.03363095238095237
0 0.6096875 0.32509920634920636 0.015287698412698392 0.012228835978835987
0 0.6142733134920635 0.29010912698412694 0.015287698412698392 0.02649801587301585
0 0.498859126984127 0.39932539682539675 0.00917162698412699 0.01460648148148147
0 0.45529017857142856 0.3714682539682539 0.01121031746031742 0.021402116402116384
0 0.44561011904761905 0.3634854497354498 0.01171875 0.01970238095238101
0 0.5480307539682538 0.25851521164021163 0.016307043650793718 0.019024470899470902
0 0.5016617063492064 0.29248677248677246 0.027517361111111027 0.023098544973544948
0 0.42051339285714284 0.25375992063492064 0.011974206349206318 0.010191798941798927
0 0.37732886904761903 0.25902447089947084 0.015287698412698392 0.01936177248677251
0 0.2634424603174603 0.637119708994709 0.010190972222222205 0.015965608465608423
0 0.794657738095238 0.5963525132275131 0.008152281746031775 0.009851190476190505
0 0.9584796626984127 0.33562830687830686 0.01579613095238086 0.012228835978835987
0 0.7870138888888888 0.2636111111111111 0.014268353174603066 0.015625
0 0.5626810515873015 0.41087301587301583 0.007388392857142767 0.013928571428571365
0 0.28650049603174604 0.40221230158730154 0.014012896825396859 0.01970238095238101
0 0.9210466269841269 0.5931646825396825 0.011081349206349289 0.01403439153439153