0 0.01171875 0.4404296875 0.0234375 0.0185546875
0 0.3834635416666667 0.685302734375 0.024088541666666668 0.01806640625
0 0.8385416666666666 0.435546875 0.04296875 0.02587890625
0 0.3170572916666667 0.704345703125 0.033203125 0.0224609375
0 0.7106119791666666 0.63037109375 0.027994791666666668 0.0185546875
0 0.6985677083333334 0.474609375 0.026041666666666668 0.01416015625
0 0.14583333333333334 0.40478515625 0.03125 0.02197265625
0 0.5113932291666666 0.432861328125 0.021484375 0.01318359375
0 0.13997395833333334 0.695068359375 0.037109375 0.02734375
0 0.21744791666666666 0.62646484375 0.02734375 0.013671875
0 0.513671875 0.544921875 0.02734375 0.02197265625
0 0.9026692708333334 0.701904296875 0.029947916666666668 0.0205078125
0 0.2737630208333333 0.678955078125 0.032552083333333336 0.01806640625
0 0.6722005208333334 0.67041015625 0.016927083333333332 0.01513671875
0 0.7493489583333334 0.565185546875 0.021484375 0.01806640625
0 0.7565104166666666 0.61181640625 0.028645833333333332 0.0146484375
0 0.806640625 0.52587890625 0.022786458333333332 0.01513671875
0 0.68359375 0.713134765625 0.028645833333333332 0.02001953125
0 0.7386067708333334 0.685546875 0.022786458333333332 0.01416015625
0 0.5794270833333334 0.6162109375 0.01953125 0.0126953125
0 0.6614583333333334 0.526123046875 0.027994791666666668 0.0185546875
0 0.78515625 0.454833984375 0.041015625 0.02099609375
0 0.5582682291666666 0.5654296875 0.024088541666666668 0.01904296875
0 0.6555989583333334 0.492431640625 0.033854166666666664 0.02001953125
0 0.4853515625 0.474609375 0.024739583333333332 0.01220703125
0 0.525390625 0.689208984375 0.030598958333333332 0.0185546875
0 0.64453125 0.47119140625 0.016927083333333332 0.01171875
0 0.8776041666666666 0.510498046875 0.024088541666666668 0.02001953125
0 0.7786458333333334 0.687744140625 0.036458333333333336 0.0283203125
0 0.8717447916666666 0.628662109375 0.028645833333333332 0.0185546875
0 0.216796875 0.432373046875 0.033854166666666664 0.02001953125
0 0.4251302083333333 0.71337890625 0.026692708333333332 0.0185546875
0 0.59375 0.581787109375 0.029296875 0.0224609375
0 0.6292317708333334 0.55078125 0.029296875 0.021484375
0 0.9143880208333334 0.42236328125 0.033854166666666664 0.0263671875
0 0.541015625 0.593994140625 0.025390625 0.021484375
0 0.5732421875 0.599853515625 0.029296875 0.017578125
0 0.8430989583333334 0.4638671875 0.016276041666666668 0.0166015625
0 0.22819010416666666 0.488525390625 0.022135416666666668 0.013671875
0 0.83203125 0.592529296875 0.022786458333333332 0.0146484375
0 0.8896484375 0.442626953125 0.027994791666666668 0.0185546875
0 0.08756510416666667 0.70703125 0.032552083333333336 0.01806640625
0 0.7591145833333334 0.535400390625 0.018880208333333332 0.01318359375
0 0.5227864583333334 0.351806640625 0.026041666666666668 0.01220703125
0 0.3701171875 0.497802734375 0.016276041666666668 0.0107421875
0 0.09798177083333333 0.50390625 0.026041666666666668 0.01806640625
0 0.7008463541666666 0.56591796875 0.016927083333333332 0.015625
0 0.5992838541666666 0.46484375 0.03125 0.021484375
0 0.6761067708333334 0.439208984375 0.029296875 0.01416015625
0 0.09212239583333333 0.483642578125 0.021484375 0.01708984375
0 0.7587890625 0.628662109375 0.046223958333333336 0.02392578125
0 0.4850260416666667 0.65283203125 0.024739583333333332 0.01513671875
0 0.48828125 0.608642578125 0.032552083333333336 0.017578125
0 0.1337890625 0.506591796875 0.020182291666666668 0.01025390625
0 0.8391927083333334 0.5439453125 0.014322916666666666 0.009765625
0 0.8154296875 0.368896484375 0.038411458333333336 0.02587890625
0 0.5872395833333334 0.655517578125 0.031901041666666664 0.03173828125
0 0.7727864583333334 0.49755859375 0.025390625 0.0205078125
0 0.8235677083333334 0.667236328125 0.02734375 0.01904296875
0 0.7828776041666666 0.537109375 0.029947916666666668 0.02490234375
0 0.7099609375 0.3671875 0.053385416666666664 0.06640625
0 0.10123697916666667 0.46533203125 0.022786458333333332 0.01806640625
0 0.890625 0.673095703125 0.03125 0.02099609375
0 0.2711588541666667 0.432861328125 0.022135416666666668 0.01318359375
0 0.392578125 0.65673828125 0.017578125 0.013671875
0 0.7213541666666666 0.432373046875 0.018880208333333332 0.0107421875
0 0.3157552083333333 0.68115234375 0.025390625 0.01171875
0 0.8483072916666666 0.401611328125 0.016276041666666668 0.01171875
0 0.5289713541666666 0.632080078125 0.038411458333333336 0.02783203125
0 0.11197916666666667 0.3466796875 0.016927083333333332 0.0078125
0 0.4713541666666667 0.583251953125 0.017578125 0.0166015625
0 0.22428385416666666 0.462158203125 0.016276041666666668 0.0068359375
0 0.8968098958333334 0.604736328125 0.012369791666666666 0.00732421875
0 0.4944661458333333 0.67041015625 0.025390625 0.01904296875
0 0.5569661458333334 0.6904296875 0.022135416666666668 0.01806640625
0 0.8557942708333334 0.556396484375 0.029296875 0.017578125
0 0.6712239583333334 0.403564453125 0.016927083333333332 0.01220703125
0 0.5748697916666666 0.4228515625 0.022786458333333332 0.0126953125
0 0.8528645833333334 0.500244140625 0.018229166666666668 0.01025390625
0 0.16276041666666666 0.442138671875 0.015625 0.01220703125
0 0.171875 0.60888671875 0.026692708333333332 0.04345703125
0 0.7613932291666666 0.664306640625 0.029947916666666668 0.0205078125
0 0.7109375 0.5380859375 0.013671875 0.013671875
0 0.6474609375 0.70703125 0.015625 0.0107421875
0 0.9049479166666666 0.634033203125 0.015625 0.0126953125
0 0.7216796875 0.653076171875 0.016276041666666668 0.01123046875
0 0.4475911458333333 0.408447265625 0.017578125 0.0107421875
0 0.7356770833333334 0.58837890625 0.018229166666666668 0.013671875
0 0.8466796875 0.68505859375 0.020833333333333332 0.01171875
0 0.3951822916666667 0.458984375 0.018229166666666668 0.01123046875
0 0.7444661458333334 0.4541015625 0.015625 0.0107421875
0 0.3623046875 0.482177734375 0.015625 0.009765625
0 0.7610677083333334 0.39404296875 0.018880208333333332 0.0126953125
0 0.7454427083333334 0.43994140625 0.020182291666666668 0.01416015625
0 0.17024739583333334 0.522705078125 0.026041666666666668 0.01220703125
0 0.7135416666666666 0.5029296875 0.018880208333333332 0.01123046875
0 0.48828125 0.38671875 0.020833333333333332 0.021484375
0 0.63671875 0.575439453125 0.01953125 0.01171875
0 0.19921875 0.41064453125 0.01953125 0.013671875
0 0.19856770833333334 0.6884765625 0.017578125 0.0087890625
0 0.2532552083333333 0.418212890625 0.010416666666666666 0.00732421875
0 0.8346354166666666 0.56884765625 0.020182291666666668 0.013671875
0 0.6015625 0.69921875 0.027994791666666668 0.0166015625
0 0.0947265625 0.66357421875 0.018229166666666668 0.01123046875
0 0.5921223958333334 0.712646484375 0.013020833333333334 0.01025390625
0 0.09537760416666667 0.52978515625 0.014322916666666666 0.015625
0 0.8896484375 0.555419921875 0.027994791666666668 0.01611328125
0 0.7975260416666666 0.499755859375 0.020182291666666668 0.01025390625
0 0.80859375 0.616455078125 0.013671875 0.01025390625
0 0.058268229166666664 0.346435546875 0.012369791666666666 0.015625
0 0.654296875 0.63330078125 0.016276041666666668 0.009765625
0 0.9059244791666666 0.376220703125 0.029296875 0.01806640625
0 0.853515625 0.668701171875 0.014322916666666666 0.0087890625
0 0.3017578125 0.37890625 0.013020833333333334 0.009765625
0 0.501953125 0.408935546875 0.015625 0.0126953125
0 0.2373046875 0.64892578125 0.013671875 0.0078125
0 0.4518229166666667 0.506103515625 0.033203125 0.02978515625
0 0.2734375 0.38916015625 0.011067708333333334 0.00830078125
0 0.2591145833333333 0.726806640625 0.025390625 0.01318359375
0 0.7666015625 0.361572265625 0.014322916666666666 0.0078125
0 0.80859375 0.603515625 0.016927083333333332 0.01123046875
0 0.8603515625 0.6787109375 0.029296875 0.017578125
0 0.8011067708333334 0.695068359375 0.027994791666666668 0.017578125
0 0.7194010416666666 0.561279296875 0.016927083333333332 0.01318359375
0 0.9065755208333334 0.567138671875 0.0234375 0.03662109375
0 0.7311197916666666 0.60302734375 0.026692708333333332 0.01904296875
0 0.8873697916666666 0.38037109375 0.0234375 0.01611328125
0 0.7412109375 0.39013671875 0.022135416666666668 0.02490234375
0 0.7594401041666666 0.429443359375 0.022786458333333332 0.0205078125
0 0.6516927083333334 0.547607421875 0.014322916666666666 0.01513671875
0 0.7154947916666666 0.596435546875 0.016276041666666668 0.017578125
0 0.6376953125 0.53515625 0.016276041666666668 0.0166015625
0 0.8597005208333334 0.569580078125 0.021484375 0.0126953125
0 0.5856119791666666 0.626220703125 0.022135416666666668 0.01123046875
0 0.5595703125 0.58642578125 0.016927083333333332 0.013671875
0 0.5442708333333334 0.6337890625 0.010416666666666666 0.009765625
0 0.58203125 0.69091796875 0.01953125 0.01806640625
0 0.5065104166666666 0.601318359375 0.037109375 0.0263671875
0 0.21516927083333334 0.41357421875 0.016276041666666668 0.015625
0 0.22526041666666666 0.469482421875 0.016927083333333332 0.01123046875
0 0.4518229166666667 0.429931640625 0.013671875 0.013671875
0 0.578125 0.398193359375 0.03515625 0.02734375
0 0.1962890625 0.59912109375 0.014322916666666666 0.017578125
0 0.1357421875 0.43603515625 0.012369791666666666 0.0126953125
0 0.5608723958333334 0.3671875 0.024739583333333332 0.03125
0 0.4371744791666667 0.613037109375 0.0234375 0.013671875
0 0.9195963541666666 0.3701171875 0.013020833333333334 0.017578125
0 0.8811848958333334 0.459716796875 0.008463541666666666 0.0078125