0 0.4348958333333333 0.630615234375 0.06901041666666667 0.03662109375
0 0.822265625 0.748779296875 0.07552083333333333 0.04296875
0 0.21354166666666666 0.81982421875 0.033203125 0.02587890625
0 0.021158854166666668 0.463134765625 0.042317708333333336 0.04150390625
0 0.6064453125 0.505615234375 0.047526041666666664 0.03564453125
0 0.16731770833333334 0.411376953125 0.022786458333333332 0.01708984375
0 0.642578125 0.743896484375 0.061197916666666664 0.06298828125
0 0.10286458333333333 0.651123046875 0.046223958333333336 0.02294921875
0 0.013020833333333334 0.81201171875 0.026041666666666668 0.0322265625
0 0.8782552083333334 0.677001953125 0.035807291666666664 0.02001953125
0 0.06412760416666667 0.481201171875 0.028645833333333332 0.02001953125
0 0.06380208333333333 0.69482421875 0.0234375 0.01318359375
0 0.10546875 0.576416015625 0.03125 0.01953125
0 0.18131510416666666 0.685302734375 0.021484375 0.01611328125
0 0.7965494791666666 0.7978515625 0.0234375 0.01318359375
0 0.16080729166666666 0.71923828125 0.022786458333333332 0.01123046875
0 0.427734375 0.85009765625 0.0234375 0.01904296875
0 0.14713541666666666 0.29736328125 0.03125 0.02783203125
0 0.3154296875 0.7294921875 0.018880208333333332 0.01171875
0 0.6591796875 0.86083984375 0.025390625 0.02490234375
0 0.4807942708333333 0.82275390625 0.024088541666666668 0.009765625
0 0.6923828125 0.254150390625 0.024088541666666668 0.0166015625