0 0.5302734375 0.357177734375 0.0546875 0.03271484375
0 0.8704427083333334 0.397705078125 0.026041666666666668 0.01806640625
0 0.5361328125 0.464599609375 0.037760416666666664 0.03076171875
0 0.6663411458333334 0.485107421875 0.025390625 0.013671875
0 0.6087239583333334 0.45703125 0.052734375 0.0341796875
0 0.5787760416666666 0.347900390625 0.037760416666666664 0.03515625
0 0.3235677083333333 0.364013671875 0.05078125 0.037109375
0 0.3359375 0.44482421875 0.059244791666666664 0.0498046875
0 0.2932942708333333 0.501220703125 0.05078125 0.03466796875
0 0.2972005208333333 0.614501953125 0.047526041666666664 0.03076171875
0 0.6595052083333334 0.432861328125 0.041015625 0.0302734375
0 0.13834635416666666 0.30859375 0.045572916666666664 0.02783203125
0 0.08138020833333333 0.392333984375 0.055338541666666664 0.0341796875
0 0.6227213541666666 0.517578125 0.0390625 0.02587890625
0 0.7014973958333334 0.502685546875 0.021484375 0.01220703125
0 0.6123046875 0.307373046875 0.026692708333333332 0.01513671875
0 0.546875 0.4384765625 0.02734375 0.01416015625
0 0.7014973958333334 0.57861328125 0.032552083333333336 0.02099609375
0 0.2919921875 0.38818359375 0.022135416666666668 0.01416015625
0 0.7060546875 0.459228515625 0.020182291666666668 0.01806640625
0 0.796875 0.39111328125 0.020833333333333332 0.015625
0 0.048828125 0.445556640625 0.026692708333333332 0.02001953125
0 0.8505859375 0.440673828125 0.026692708333333332 0.017578125
0 0.4069010416666667 0.583984375 0.017578125 0.015625
0 0.038736979166666664 0.322265625 0.022786458333333332 0.017578125
0 0.3294270833333333 0.585693359375 0.024739583333333332 0.0185546875
0 0.8076171875 0.5283203125 0.051432291666666664 0.0244140625
0 0.057291666666666664 0.56005859375 0.029947916666666668 0.01611328125
0 0.7044270833333334 0.398193359375 0.017578125 0.01318359375
0 0.7867838541666666 0.307373046875 0.017578125 0.013671875
0 0.8434244791666666 0.376708984375 0.026041666666666668 0.02001953125
0 0.7516276041666666 0.471435546875 0.022135416666666668 0.01513671875
0 0.3860677083333333 0.494140625 0.018229166666666668 0.0126953125
0 0.8844401041666666 0.43505859375 0.016927083333333332 0.009765625
0 0.1669921875 0.4619140625 0.024088541666666668 0.01513671875
0 0.6396484375 0.376220703125 0.020182291666666668 0.013671875
0 0.2591145833333333 0.586181640625 0.024739583333333332 0.01611328125
0 0.4973958333333333 0.39599609375 0.020182291666666668 0.01318359375
0 0.8001302083333334 0.614013671875 0.022135416666666668 0.0126953125
0 0.5104166666666666 0.2822265625 0.020182291666666668 0.01171875
0 0.9029947916666666 0.42919921875 0.018229166666666668 0.0107421875
0 0.5319010416666666 0.568359375 0.024088541666666668 0.015625
0 0.3873697916666667 0.6201171875 0.01953125 0.01123046875
0 0.09342447916666667 0.31689453125 0.014322916666666666 0.013671875
0 0.4134114583333333 0.611328125 0.018880208333333332 0.0087890625
0 0.019205729166666668 0.334228515625 0.01953125 0.015625
0 0.4052734375 0.64453125 0.020182291666666668 0.01171875
0 0.8251953125 0.452880859375 0.022786458333333332 0.013671875
0 0.8082682291666666 0.554931640625 0.04296875 0.02099609375
0 0.23697916666666666 0.43310546875 0.017578125 0.01025390625
0 0.1572265625 0.542724609375 0.025390625 0.0107421875
0 0.748046875 0.606201171875 0.016927083333333332 0.01123046875
0 0.08854166666666667 0.629150390625 0.021484375 0.01171875
0 0.3753255208333333 0.657958984375 0.018880208333333332 0.01220703125
0 0.8639322916666666 0.478515625 0.018880208333333332 0.0146484375
0 0.7900390625 0.43701171875 0.013671875 0.0087890625
0 0.8317057291666666 0.344970703125 0.013671875 0.0126953125
0 0.6533203125 0.631591796875 0.037760416666666664 0.03759765625
0 0.5836588541666666 0.564208984375 0.02734375 0.03369140625
0 0.5533854166666666 0.521484375 0.018229166666666668 0.01611328125
0 0.541015625 0.601318359375 0.017578125 0.015625
0 0.5569661458333334 0.625244140625 0.015625 0.009765625
0 0.5960286458333334 0.403564453125 0.020833333333333332 0.01806640625
0 0.009114583333333334 0.40625 0.018229166666666668 0.0234375
0 0.09375 0.657470703125 0.020833333333333332 0.017578125
0 0.3802083333333333 0.50927734375 0.025390625 0.01025390625
0 0.6943359375 0.65869140625 0.029296875 0.0185546875
0 0.5843098958333334 0.452392578125 0.028645833333333332 0.01708984375
0 0.48046875 0.438232421875 0.018229166666666668 0.009765625
0 0.2503255208333333 0.389892578125 0.014973958333333334 0.01904296875
0 0.3453776041666667 0.5615234375 0.01953125 0.01416015625
0 0.67578125 0.5458984375 0.016276041666666668 0.01416015625