0 0.8549255952380952 0.6593419312169312 0.0375198412698412 0.047179232804232786
0 0.7856870039682539 0.7234193121693121 0.01949156746031755 0.019543650793650908
0 0.7035367063492063 0.7534556878306877 0.013598710317460405 0.02006613756613766
0 0.5174801587301587 0.3593584656084656 0.0213740079365079 0.024666005291005266
0 0.5425049603174603 0.35186838624338623 0.04084573412698411 0.04225859788359795
0 0.2724479166666666 0.538968253968254 0.014362599206349191 0.020082671957671955
0 0.39544146825396825 0.6490178571428572 0.01959573412698412 0.02332010582010587
0 0.783844246031746 0.6741501322751322 0.013273809523809632 0.02201058201058211
0 0.5888516865079365 0.6915839947089947 0.011378968253968225 0.025115740740740595
0 0.32858878968253963 0.3839814814814815 0.01789186507936502 0.017754629629629665
0 0.8238020833333334 0.42662367724867717 0.03242311507936502 0.036590608465608465
0 0.6250148809523809 0.3271924603174603 0.012740575396825493 0.01749669312169318
0 0.5584548611111111 0.7456712962962961 0.009784226190476142 0.013333333333333345
0 0.447437996031746 0.7198809523809523 0.013244047619047628 0.014927248677248706
0 0.45828125 0.7085449735449735 0.025930059523809557 0.02988095238095223
0 0.20637896825396823 0.3246858465608466 0.017415674603174613 0.025552248677248663
0 0.32167906746031744 0.6896957671957672 0.013407738095238098 0.012781084656084593
0 0.5982614087301588 0.2729861111111111 0.010939980158730211 0.01722222222222225
0 0.6970138888888889 0.7316468253968255 0.014561011904761889 0.0191369047619047
0 0.5801314484126984 0.2964021164021164 0.01291418650793652 0.01933201058201058
0 0.47975694444444444 0.30032738095238093 0.027202380952380922 0.024153439153439187
0 0.49276041666666665 0.5092724867724867 0.009910714285714328 0.014576719576719613
0 0.7364384920634921 0.6108101851851852 0.021125992063492083 0.02288690476190469
0 0.5076240079365079 0.5454265873015872 0.014352678571428523 0.018124999999999947
0 0.5793874007936508 0.770486111111111 0.017981150793650702 0.014117063492063467
0 0.7395734126984127 0.3046263227513228 0.01180059523809529 0.010327380952380949
0 0.2896750992063492 0.5329199735449736 0.014079861111111147 0.016091269841269778
0 0.4829166666666666 0.5980456349206349 0.020659722222222232 0.028806216931216877
0 0.41361359126984126 0.6887334656084656 0.009372519841269855 0.009345238095238054
0 0.33448660714285716 0.7121031746031746 0.013621031746031798 0.013581349206349161
0 0.4451364087301587 0.35910714285714285 0.027544642857142865 0.03731812169312162
0 0.7142435515873016 0.41643518518518513 0.019288194444444517 0.016160714285714306
0 0.18620535714285713 0.3681018518518519 0.01062996031746033 0.016385582010582045
0 0.1887127976190476 0.337609126984127 0.00842261904761904 0.015830026455026402
0 0.2080109126984127 0.6138756613756613 0.012636408730158755 0.01860449735449728
0 0.43578124999999995 0.7072652116402116 0.009417162698412751 0.02108796296296293
0 0.4853199404761904 0.7242956349206349 0.017569444444444415 0.014576719576719613
0 0.45950892857142855 0.754973544973545 0.009781746031745975 0.01459656084656095
0 0.4758110119047619 0.5489517195767195 0.006520337301587298 0.02420634920634927
0 0.551688988095238 0.5009126984126984 0.010458829365079358 0.011299603174603176
0 0.6032242063492063 0.5921395502645502 0.01171875 0.01802248677248682
0 0.6066269841269841 0.6994940476190475 0.013229166666666625 0.027437169312169257
0 0.6254637896825396 0.7361210317460318 0.014615575396825342 0.01669312169312172
0 0.5717237103174603 0.726875 0.008189484126984059 0.011640211640211598
0 0.6802108134920635 0.7072189153439153 0.0094494047619047 0.01634589947089952
0 0.9094196428571428 0.7017129629629629 0.01081845238095247 0.015935846560846418
0 0.8973363095238095 0.6440707671957672 0.011185515873015861 0.018270502645502635
0 0.8477604166666667 0.6042427248677248 0.011125992063492074 0.021686507936507986
0 0.7954513888888889 0.5913657407407407 0.016535218253968198 0.028892195767195705
0 0.8042113095238095 0.5067228835978835 0.0069866071428570375 0.012470238095238026
0 0.855751488095238 0.5008234126984127 0.015679563492063453 0.026339285714285676
0 0.8695659722222222 0.5062070105820106 0.011954365079364981 0.019302248677248723
0 0.797767857142857 0.42392195767195767 0.010245535714285658 0.014113756613756578
0 0.8488194444444445 0.42535052910052906 0.018132440476190448 0.02661044973544972
0 0.8934499007936507 0.3906117724867724 0.00983382936507926 0.010939153439153415
0 0.8831696428571428 0.3895039682539682 0.010215773809523876 0.014857804232804176
0 0.8503422619047618 0.32684854497354493 0.015024801587301573 0.007853835978835969
0 0.8373536706349206 0.29432539682539677 0.006111111111111178 0.012757936507936515
0 0.7765500992063492 0.3029001322751323 0.012095734126984059 0.021418650793650757
0 0.7736855158730158 0.34263888888888894 0.010696924603174507 0.012268518518518512
0 0.7241517857142857 0.31690806878306876 0.011460813492063515 0.010046296296296312
0 0.7200148809523809 0.29381283068783065 0.010567956349206264 0.015125661375661403
0 0.7261259920634919 0.3769378306878306 0.015406746031745966 0.022463624338624328
0 0.6747470238095238 0.40834986772486764 0.01298859126984131 0.013300264550264599
0 0.6632862103174603 0.3711574074074074 0.011205357142857197 0.015995370370370427
0 0.5718898809523809 0.3317989417989418 0.014062500000000089 0.023998015873015904
0 0.5558085317460317 0.29308201058201055 0.011589781746031758 0.01427248677248675
0 0.4890749007936508 0.32268849206349204 0.014062499999999978 0.019318783068783096
0 0.5903273809523809 0.7797850529100528 0.017274305555555536 0.01300264550264559
0 0.31041418650793645 0.7618816137566137 0.007457837301587333 0.013501984126984112
0 0.22735367063492062 0.49175264550264547 0.012924107142857133 0.019206349206349227
0 0.24518105158730158 0.5413855820105821 0.020820932539682535 0.02785383597883599
0 0.21681795634920634 0.6194510582010582 0.009449404761904756 0.01628968253968255
0 0.6986086309523809 0.6253174603174603 0.014340277777777688 0.014206349206349186
0 0.7139880952380953 0.551875 0.011014384920635 0.02748677248677245
0 0.7245882936507936 0.5844444444444444 0.01143105158730151 0.019467592592592602
0 0.7312375992063491 0.5873511904761904 0.008105158730158823 0.01074404761904768
0 0.8170709325396824 0.6384821428571429 0.008521825396825333 0.010608465608465659
0 0.5631870039682539 0.3848578042328042 0.0075198412698411765 0.017275132275132332
0 0.4855332341269841 0.3917261904761904 0.006865079365079407 0.011388888888888893
0 0.39749999999999996 0.40328042328042324 0.011607142857142816 0.017066798941798893
0 0.40125992063492066 0.4560383597883597 0.008338293650793638 0.02492724867724864
0 0.3666021825396825 0.3626256613756613 0.008010912698412698 0.011170634920634933
0 0.5239360119047619 0.28696428571428567 0.016274801587301546 0.0225198412698413
0 0.23511656746031745 0.3389186507936508 0.014551091269841276 0.021755952380952365
0 0.3947544642857143 0.5634193121693122 0.009072420634920642 0.009255952380952337
0 0.7122718253968254 0.5121428571428571 0.011976686507936485 0.013065476190476192