0 0.6520182291666666 0.299072265625 0.044270833333333336 0.03369140625
0 0.345703125 0.220458984375 0.037109375 0.03076171875
0 0.6682942708333334 0.6416015625 0.052734375 0.03515625
0 0.5305989583333334 0.11279296875 0.048828125 0.0341796875
0 0.3216145833333333 0.320556640625 0.03515625 0.02685546875
0 0.4905598958333333 0.489990234375 0.038411458333333336 0.041015625
0 0.7233072916666666 0.222900390625 0.030598958333333332 0.02783203125
0 0.3583984375 0.419189453125 0.021484375 0.0244140625
0 0.294921875 0.2509765625 0.041015625 0.03076171875
0 0.6708984375 0.1005859375 0.031901041666666664 0.03076171875
0 0.4228515625 0.262939453125 0.039713541666666664 0.0322265625
0 0.3723958333333333 0.080322265625 0.0234375 0.02099609375
0 0.5481770833333334 0.35107421875 0.04296875 0.037109375
0 0.3935546875 0.497802734375 0.025390625 0.017578125
0 0.6116536458333334 0.7822265625 0.026041666666666668 0.0244140625
0 0.7096354166666666 0.57666015625 0.037760416666666664 0.02734375
0 0.3463541666666667 0.490966796875 0.022786458333333332 0.02099609375
0 0.5908203125 0.348388671875 0.037109375 0.03662109375
0 0.595703125 0.5068359375 0.048828125 0.0361328125
0 0.7386067708333334 0.55810546875 0.027994791666666668 0.02099609375
0 0.3772786458333333 0.31298828125 0.0546875 0.0341796875
0 0.5810546875 0.652587890625 0.04296875 0.03125
0 0.6767578125 0.51806640625 0.048828125 0.03955078125
0 0.6689453125 0.79443359375 0.016276041666666668 0.01318359375
0 0.6722005208333334 0.0732421875 0.022135416666666668 0.015625
0 0.515625 0.21533203125 0.055338541666666664 0.0439453125
0 0.4065755208333333 0.70361328125 0.028645833333333332 0.02587890625
0 0.4622395833333333 0.23681640625 0.033203125 0.03466796875
0 0.6295572916666666 0.604736328125 0.018229166666666668 0.0126953125
0 0.30078125 0.176025390625 0.031901041666666664 0.0283203125
0 0.5514322916666666 0.215576171875 0.024088541666666668 0.02978515625
0 0.4280598958333333 0.33154296875 0.020833333333333332 0.01806640625
0 0.43359375 0.666259765625 0.021484375 0.01806640625
0 0.2633463541666667 0.26611328125 0.030598958333333332 0.0244140625
0 0.5201822916666666 0.51953125 0.064453125 0.03369140625
0 0.4049479166666667 0.51318359375 0.015625 0.01318359375
0 0.5094401041666666 0.406005859375 0.016276041666666668 0.01953125
0 0.5107421875 0.625 0.028645833333333332 0.02099609375
0 0.5908203125 0.558837890625 0.017578125 0.0126953125
0 0.7633463541666666 0.17529296875 0.01953125 0.01904296875
0 0.58984375 0.461181640625 0.017578125 0.01904296875
0 0.7649739583333334 0.04931640625 0.014322916666666666 0.01171875
0 0.5992838541666666 0.76171875 0.014322916666666666 0.01220703125
0 0.6292317708333334 0.11572265625 0.022786458333333332 0.0205078125
0 0.7083333333333334 0.66796875 0.03515625 0.02978515625
0 0.4918619791666667 0.113037109375 0.024739583333333332 0.0205078125
0 0.7711588541666666 0.13232421875 0.016276041666666668 0.015625
0 0.6695963541666666 0.128173828125 0.018229166666666668 0.013671875
0 0.4479166666666667 0.09326171875 0.013671875 0.0107421875
0 0.3824869791666667 0.107666015625 0.041666666666666664 0.029296875
0 0.3229166666666667 0.09130859375 0.018229166666666668 0.01416015625
0 0.3004557291666667 0.066650390625 0.022135416666666668 0.01708984375
0 0.3258463541666667 0.13037109375 0.013671875 0.0146484375
0 0.2776692708333333 0.2119140625 0.025390625 0.015625
0 0.3098958333333333 0.199951171875 0.014322916666666666 0.01025390625
0 0.5068359375 0.170654296875 0.038411458333333336 0.03076171875
0 0.4576822916666667 0.161376953125 0.035807291666666664 0.029296875
0 0.3984375 0.16015625 0.010416666666666666 0.01123046875
0 0.5374348958333334 0.18798828125 0.01953125 0.01318359375
0 0.6930338541666666 0.197265625 0.009114583333333334 0.00927734375
0 0.4866536458333333 0.248291015625 0.021484375 0.01806640625
0 0.4173177083333333 0.239013671875 0.022786458333333332 0.013671875
0 0.2740885416666667 0.4072265625 0.018880208333333332 0.01708984375
0 0.2662760416666667 0.434814453125 0.022786458333333332 0.01611328125
0 0.2698567708333333 0.458984375 0.029296875 0.02587890625
0 0.5354817708333334 0.38671875 0.018880208333333332 0.009765625
0 0.5768229166666666 0.379150390625 0.012369791666666666 0.01171875
0 0.7649739583333334 0.30322265625 0.024739583333333332 0.01806640625
0 0.7268880208333334 0.30029296875 0.017578125 0.01220703125
0 0.7431640625 0.333984375 0.010416666666666666 0.0087890625
0 0.7044270833333334 0.401611328125 0.013020833333333334 0.00732421875
0 0.7141927083333334 0.40771484375 0.014322916666666666 0.0068359375
0 0.5465494791666666 0.411865234375 0.016276041666666668 0.01318359375
0 0.5556640625 0.449462890625 0.013671875 0.009765625
0 0.6692708333333334 0.447021484375 0.014322916666666666 0.0078125
0 0.6790364583333334 0.458251953125 0.015625 0.009765625
0 0.7669270833333334 0.483154296875 0.009765625 0.01611328125
0 0.7109375 0.50390625 0.022135416666666668 0.0146484375
0 0.728515625 0.50390625 0.01171875 0.0126953125
0 0.6266276041666666 0.4951171875 0.014322916666666666 0.0146484375
0 0.5472005208333334 0.46875 0.020833333333333332 0.01318359375
0 0.5579427083333334 0.478271484375 0.014322916666666666 0.013671875
0 0.5393880208333334 0.48095703125 0.013020833333333334 0.009765625
0 0.5494791666666666 0.5478515625 0.016276041666666668 0.009765625
0 0.599609375 0.6005859375 0.018229166666666668 0.00830078125
0 0.6627604166666666 0.5927734375 0.015625 0.0068359375
0 0.6617838541666666 0.6064453125 0.015625 0.01123046875
0 0.458984375 0.516845703125 0.014973958333333334 0.01171875
0 0.4117838541666667 0.546875 0.012369791666666666 0.01220703125
0 0.3053385416666667 0.4912109375 0.015625 0.0146484375
0 0.31640625 0.50439453125 0.01171875 0.0107421875
0 0.3037109375 0.521728515625 0.012369791666666666 0.0078125
0 0.3369140625 0.557373046875 0.012369791666666666 0.0087890625
0 0.3968098958333333 0.58154296875 0.013671875 0.01171875
0 0.5546875 0.59326171875 0.010416666666666666 0.01171875
0 0.6389973958333334 0.6552734375 0.01953125 0.01513671875
0 0.7314453125 0.73046875 0.013671875 0.01806640625
0 0.7565104166666666 0.792236328125 0.014322916666666666 0.01025390625
0 0.6630859375 0.771484375 0.016927083333333332 0.0107421875
0 0.5543619791666666 0.799560546875 0.015625 0.01171875
0 0.4501953125 0.677490234375 0.012369791666666666 0.00927734375
0 0.3001302083333333 0.699462890625 0.016276041666666668 0.01416015625
0 0.5377604166666666 0.740234375 0.018229166666666668 0.01123046875
0 0.5504557291666666 0.760986328125 0.017578125 0.0126953125
0 0.73828125 0.780517578125 0.012369791666666666 0.009765625
0 0.3909505208333333 0.7734375 0.013020833333333334 0.009765625
0 0.4658203125 0.701171875 0.018880208333333332 0.01318359375
0 0.515625 0.43212890625 0.012369791666666666 0.01513671875
0 0.7509765625 0.477294921875 0.014973958333333334 0.01171875
0 0.5348307291666666 0.29150390625 0.017578125 0.01416015625
0 0.505859375 0.33642578125 0.02734375 0.02392578125
0 0.5810546875 0.329345703125 0.026692708333333332 0.015625
0 0.76171875 0.439208984375 0.009765625 0.009765625
0 0.6015625 0.42578125 0.01171875 0.01025390625
0 0.6865234375 0.463623046875 0.014322916666666666 0.0107421875
0 0.5123697916666666 0.552490234375 0.012369791666666666 0.01123046875
0 0.6100260416666666 0.5986328125 0.015625 0.0107421875
0 0.546875 0.052734375 0.020182291666666668 0.0146484375
0 0.4329427083333333 0.148193359375 0.012369791666666666 0.0126953125
0 0.3570963541666667 0.26171875 0.017578125 0.0126953125
0 0.4440104166666667 0.245849609375 0.020833333333333332 0.0146484375
0 0.3694661458333333 0.32958984375 0.013671875 0.0146484375
0 0.3365885416666667 0.3046875 0.021484375 0.01416015625
0 0.3326822916666667 0.3779296875 0.017578125 0.01220703125
0 0.392578125 0.443359375 0.013671875 0.01025390625
0 0.3411458333333333 0.65576171875 0.017578125 0.009765625
0 0.623046875 0.054931640625 0.01171875 0.0068359375
0 0.7548828125 0.25390625 0.01953125 0.0146484375
0 0.3050130208333333 0.024658203125 0.021484375 0.01025390625
0 0.3356119791666667 0.0234375 0.026041666666666668 0.01123046875