0 0.4397786458333333 0.572265625 0.032552083333333336 0.03076171875
0 0.4410807291666667 0.291259765625 0.03515625 0.02099609375
0 0.4264322916666667 0.307373046875 0.01953125 0.0107421875
0 0.3675130208333333 0.972900390625 0.013671875 0.013671875
0 0.6673177083333334 0.215087890625 0.026041666666666668 0.02197265625
0 0.259765625 0.33984375 0.022135416666666668 0.013671875
0 0.3567708333333333 0.7216796875 0.020833333333333332 0.0126953125
0 0.2854817708333333 0.758544921875 0.018880208333333332 0.01513671875
0 0.6761067708333334 0.194580078125 0.015625 0.00634765625
0 0.3199869791666667 0.447509765625 0.016927083333333332 0.0126953125
0 0.4934895833333333 0.318115234375 0.020182291666666668 0.01708984375
0 0.6083984375 0.258544921875 0.033203125 0.0244140625
0 0.61328125 0.29150390625 0.014322916666666666 0.0107421875
0 0.6438802083333334 0.28759765625 0.013671875 0.005859375
0 0.6533203125 0.217529296875 0.01171875 0.009765625
0 0.5244140625 0.192138671875 0.016276041666666668 0.0107421875
0 0.3167317708333333 0.369384765625 0.014322916666666666 0.00830078125
0 0.3502604166666667 0.372802734375 0.014973958333333334 0.01123046875
0 0.2932942708333333 0.32568359375 0.015625 0.01416015625
0 0.21223958333333334 0.3427734375 0.016276041666666668 0.013671875
0 0.2591145833333333 0.2978515625 0.016927083333333332 0.009765625
0 0.19954427083333334 0.2783203125 0.018880208333333332 0.01220703125
0 0.2744140625 0.20263671875 0.015625 0.00732421875
0 0.5895182291666666 0.394775390625 0.018229166666666668 0.01220703125
0 0.6399739583333334 0.51171875 0.017578125 0.0146484375
0 0.6822916666666666 0.481689453125 0.013671875 0.0126953125
0 0.6302083333333334 0.54248046875 0.018880208333333332 0.02099609375
0 0.5791015625 0.6044921875 0.029947916666666668 0.01953125
0 0.6832682291666666 0.6396484375 0.013671875 0.01171875
0 0.6800130208333334 0.8701171875 0.03515625 0.02685546875
0 0.6041666666666666 0.81591796875 0.018229166666666668 0.015625
0 0.595703125 0.79931640625 0.014973958333333334 0.01318359375
0 0.6051432291666666 0.788330078125 0.024739583333333332 0.009765625
0 0.4710286458333333 0.784912109375 0.010416666666666666 0.013671875
0 0.4091796875 0.832763671875 0.04296875 0.02978515625
0 0.4537760416666667 0.84716796875 0.018229166666666668 0.01806640625
0 0.2897135416666667 0.896240234375 0.01171875 0.017578125
0 0.2138671875 0.8603515625 0.0234375 0.01025390625
0 0.24446614583333334 0.81787109375 0.010416666666666666 0.0107421875
0 0.3382161458333333 0.76904296875 0.014322916666666666 0.009765625
0 0.4964192708333333 0.788330078125 0.014973958333333334 0.01123046875
0 0.4635416666666667 0.816162109375 0.014322916666666666 0.00830078125
0 0.4202473958333333 0.8154296875 0.0078125 0.00927734375
0 0.24381510416666666 0.76513671875 0.016927083333333332 0.01025390625
0 0.3538411458333333 0.6611328125 0.018880208333333332 0.01123046875
0 0.3623046875 0.615234375 0.017578125 0.01123046875
0 0.24251302083333334 0.639892578125 0.022786458333333332 0.015625
0 0.22819010416666666 0.585693359375 0.021484375 0.01171875
0 0.23697916666666666 0.52099609375 0.016927083333333332 0.01220703125
0 0.20865885416666666 0.513916015625 0.018880208333333332 0.01513671875
0 0.21256510416666666 0.4951171875 0.016276041666666668 0.01123046875
0 0.23046875 0.473388671875 0.014973958333333334 0.0146484375
0 0.5026041666666666 0.602783203125 0.021484375 0.01513671875
0 0.6767578125 0.714111328125 0.015625 0.013671875
0 0.5992838541666666 0.888916015625 0.018880208333333332 0.0146484375
0 0.23697916666666666 0.890625 0.029296875 0.01025390625
0 0.46875 0.87646484375 0.018229166666666668 0.01416015625
0 0.3307291666666667 0.93701171875 0.015625 0.01025390625
0 0.2099609375 0.824951171875 0.018229166666666668 0.013671875
0 0.3518880208333333 0.54052734375 0.016276041666666668 0.0126953125
0 0.23111979166666666 0.528076171875 0.018880208333333332 0.0107421875
0 0.216796875 0.54638671875 0.013020833333333334 0.0107421875
0 0.22493489583333334 0.289794921875 0.016927083333333332 0.0087890625
0 0.3307291666666667 0.3935546875 0.017578125 0.015625