0 0.6200562169312168 0.6052430555555556 0.02470568783068779 0.025835813492063542
0 0.7292857142857142 0.7224627976190475 0.03059854497354486 0.018730158730158708
0 0.20053902116402114 0.1816592261904762 0.015638227513227482 0.007313988095238089
0 0.24239417989417988 0.7750124007936507 0.02023809523809524 0.01976686507936498
0 0.3074768518518518 0.8710887896825397 0.017936507936507917 0.00908234126984131
0 0.6239252645502645 0.8622743055555555 0.02621693121693121 0.01560019841269833
0 0.46823082010582007 0.8029265873015873 0.018399470899470877 0.014193948412698498
0 0.4967460317460317 0.8434747023809523 0.017476851851851844 0.015255456349206442
0 0.7214318783068783 0.8600396825396824 0.016097883597883705 0.008373015873015976
0 0.7389120370370369 0.857797619047619 0.00965939153439166 0.010096726190476302
0 0.6754365079365079 0.7855059523809523 0.017017195767195698 0.009015376984127021
0 0.6164880952380952 0.32213293650793645 0.017992724867724814 0.01286458333333329
0 0.7059788359788359 0.31360863095238095 0.013257275132275185 0.011438492063492012
0 0.6119907407407407 0.43188244047619045 0.012784391534391482 0.012187500000000018
0 0.22973875661375662 0.6124950396825396 0.025224867724867723 0.012304067460317425
0 0.21169642857142856 0.5165352182539682 0.016220238095238093 0.0094419642857142
0 0.66192791005291 0.9260962301587301 0.014755291005291049 0.0144866071428571