0 0.46609375 0.2552744708994709 0.03635416666666669 0.03354828042328043
0 0.8627777777777776 0.372146164021164 0.03223214285714282 0.03483134920634923
0 0.07482638888888889 0.6706944444444445 0.025652281746031735 0.024173280423280374
0 0.0809375 0.2755787037037037 0.023859126984126983 0.025271164021164028
0 0.3435391865079365 0.7628670634920635 0.03529513888888891 0.031031746031745893
0 0.17474950396825398 0.2217559523809524 0.015773809523809523 0.021607142857142863
0 0.7337301587301587 0.49671626984126976 0.02139880952380957 0.02840939153439148
0 0.10997519841269841 0.3427579365079365 0.011483134920634908 0.012751322751322736
0 0.15293650793650793 0.5010251322751322 0.03693204365079367 0.03431216931216937
0 0.33826636904761903 0.4474669312169312 0.021108630952380913 0.022473544973544996
0 0.3014434523809524 0.4661904761904762 0.018159722222222174 0.019520502645502685
0 0.09727430555555555 0.6478935185185185 0.01933531746031747 0.02331349206349209
0 0.1592485119047619 0.2883763227513227 0.013402777777777763 0.017003968253968216
0 0.7685515873015873 0.47341931216931216 0.024327876984127084 0.03654100529100527
0 0.21062748015873015 0.7477215608465609 0.054900793650793644 0.05929894179894172
0 0.0631374007936508 0.6133796296296296 0.02995287698412699 0.04413690476190476
0 0.4477926587301587 0.8015641534391533 0.03168650793650796 0.02973875661375658
0 0.43432539682539684 0.5707374338624339 0.024521329365079336 0.01663359788359786
0 0.49784474206349194 0.3265376984126984 0.016686507936507944 0.02145171957671958
0 0.5573735119047618 0.32423941798941797 0.04713045634920632 0.04581679894179894
0 0.029861111111111113 0.6347552910052909 0.015672123015873014 0.019798280423280357
0 0.28424851190476186 0.34787367724867724 0.013489583333333277 0.019593253968253954
0 0.11150545634920633 0.3602744708994709 0.015379464285714295 0.015363756613756626
0 0.326765873015873 0.8046593915343915 0.01894097222222224 0.017602513227513345
0 0.2942113095238095 0.7297652116402116 0.04228918650793656 0.04825727513227503
0 0.7849156746031746 0.29561838624338627 0.050441468253968225 0.0584027777777778
0 0.6324826388888889 0.23634589947089946 0.04975942460317451 0.05304894179894178
0 0.6659399801587301 0.5766964285714286 0.05312500000000009 0.06141534391534398
0 0.5904017857142857 0.7737301587301588 0.01759920634920631 0.028227513227513157
0 0.2637003968253968 0.6555919312169313 0.04019097222222223 0.05895171957671952
0 0.20584573412698412 0.3116633597883598 0.03125992063492061 0.037929894179894154
0 0.506969246031746 0.7078273809523808 0.04409722222222223 0.042797619047618994
0 0.8852728174603174 0.5989616402116401 0.041532738095238164 0.06144179894179894
0 0.10472222222222222 0.7392757936507937 0.041101190476190486 0.04046957671957685
0 0.4338070436507936 0.2681646825396825 0.04134176587301586 0.056038359788359804
0 0.466282242063492 0.22084325396825397 0.046649305555555576 0.06500992063492061
0 0.3207118055555555 0.3822023809523809 0.013613591269841296 0.019140211640211586
0 0.29277529761904764 0.24005291005291005 0.05986607142857148 0.07968253968253965
0 0.8214186507936507 0.6494477513227513 0.04830853174603167 0.04679894179894184
0 0.7158779761904762 0.4132969576719576 0.062152777777777724 0.08724206349206343
0 0.8325694444444444 0.5344047619047618 0.03642857142857148 0.05217261904761905
0 0.5762227182539682 0.2607440476190476 0.08065724206349212 0.08584986772486773
0 0.5710193452380952 0.6905886243386243 0.04097966269841269 0.048306878306878374
0 0.8113244047619048 0.7816335978835979 0.05740823412698415 0.05907407407407413
0 0.6028422619047619 0.5048974867724867 0.05114831349206339 0.06446428571428564
0 0.17753968253968253 0.2642625661375661 0.011775793650793676 0.01334325396825394
0 0.15718998015873015 0.1979431216931217 0.016894841269841254 0.013396164021164022
0 0.6302728174603175 0.7705753968253967 0.025357142857142856 0.027804232804232793
0 0.11907738095238095 0.2574239417989418 0.033943452380952394 0.050975529100529084
0 0.5256423611111111 0.6076058201058201 0.033546626984126915 0.05181216931216929
0 0.21169890873015873 0.4997685185185185 0.06437748015873013 0.07138888888888895
0 0.522594246031746 0.5615244708994709 0.047378472222222134 0.06456349206349203
0 0.5611681547619047 0.20744378306878306 0.007976190476190581 0.015615079365079332
0 0.5272643849206349 0.2174702380952381 0.011966765873015817 0.022579365079365088
0 0.5361607142857143 0.1998743386243386 0.016874999999999973 0.019295634920634946
0 0.3931845238095238 0.3602480158730159 0.04878472222222219 0.05859457671957665
0 0.26432291666666663 0.3154464285714285 0.014419642857142811 0.021349206349206378
0 0.16690724206349206 0.36147817460317455 0.01227182539682542 0.017688492063492028
0 0.3492733134920635 0.26703042328042326 0.014799107142857149 0.01903439153439157
0 0.35152281746031744 0.23493716931216932 0.015173611111111152 0.020284391534391544
0 0.3348487103174603 0.20432870370370368 0.018921130952380905 0.019017857142857125
0 0.27862103174603176 0.41471891534391525 0.013816964285714328 0.02581349206349204
0 0.3176612103174603 0.45818783068783064 0.020272817460317505 0.02434854497354492
0 0.28711309523809525 0.4975562169312169 0.015066964285714302 0.01505291005291006
0 0.2678000992063492 0.4857738095238095 0.023286210317460365 0.023998015873015827
0 0.15577876984126984 0.54494708994709 0.014303075396825404 0.01838955026455021
0 0.04483382936507937 0.5631051587301587 0.01710565476190476 0.015380291005291072
0 0.08015873015873015 0.340515873015873 0.01499503968253968 0.01976521164021161
0 0.062398313492063484 0.7449768518518517 0.04406001984126984 0.04746362433862424
0 0.027450396825396822 0.7291269841269842 0.008764880952380955 0.008379629629629607
0 0.1659077380952381 0.7414252645502645 0.020466269841269813 0.015152116402116297
0 0.11829117063492062 0.7788128306878307 0.015280257936507946 0.016435185185185237
0 0.2671428571428571 0.7876355820105819 0.017462797619047565 0.014431216931217072
0 0.2520684523809524 0.778720238095238 0.01323412698412696 0.021703042328042283
0 0.42634672619047614 0.7263525132275132 0.008487103174603217 0.015965608465608423
0 0.331969246031746 0.7170469576719576 0.018559027777777737 0.018835978835978946
0 0.2734176587301587 0.7087962962962963 0.009062499999999973 0.012695105820105764
0 0.25629712301587304 0.6934457671957671 0.019134424603174605 0.013068783068783082
0 0.28729910714285717 0.6806845238095237 0.010935019841269877 0.011719576719576649
0 0.42510912698412695 0.617609126984127 0.014260912698412676 0.020677910052910125
0 0.46068700396825396 0.6622156084656083 0.017750496031746055 0.010770502645502647
0 0.4672867063492063 0.7089484126984127 0.014565972222222223 0.014421296296296404
0 0.4545436507936508 0.7785317460317461 0.01122767857142859 0.020076058201058327
0 0.5137872023809524 0.8112202380952381 0.027460317460317407 0.049441137566137584
0 0.614766865079365 0.6868584656084655 0.047018849206349245 0.05555555555555566
0 0.6136210317460317 0.601818783068783 0.013107638888888884 0.016405423280423232
0 0.5674355158730159 0.575595238095238 0.010193452380952372 0.016111111111111114
0 0.7633680555555555 0.6090376984126984 0.041522817460317496 0.05460978835978839
0 0.8901934523809524 0.7100496031746032 0.11359126984126977 0.0986541005291004
0 0.9013194444444443 0.3031382275132275 0.042636408730158726 0.05863095238095236
0 0.9083829365079364 0.2587202380952381 0.046674107142857135 0.0565839947089947
0 0.7411532738095238 0.24366402116402117 0.017740575396825387 0.02879629629629628
0 0.5995833333333332 0.322175925925926 0.010280257936507997 0.024361772486772477
0 0.652859623015873 0.3394708994708994 0.018692956349206424 0.019074074074074094
0 0.5280828373015872 0.31205357142857143 0.013551587301587231 0.021567460317460336
0 0.3703199404761905 0.24517195767195765 0.010910218253968207 0.013396164021164022
0 0.3891889880952381 0.25495701058201053 0.012876984126984126 0.02486111111111115
0 0.3659102182539682 0.786061507936508 0.014131944444444433 0.011871693121693264
0 0.38101686507936505 0.7950826719576719 0.015483630952380922 0.009871031746031692
0 0.13598214285714283 0.7704166666666666 0.014000496031746024 0.024867724867724778
0 0.11246031746031745 0.7979894179894179 0.017926587301587305 0.017843915343915384
0 0.5643179563492063 0.4166137566137566 0.11377728174603186 0.08825396825396818
0 0.2483407738095238 0.23173941798941797 0.0128497023809524 0.020717592592592576
0 0.08716021825396825 0.4983730158730158 0.015034722222222213 0.035710978835978846
0 0.6742063492063491 0.5428207671957671 0.011331845238095273 0.01577380952380958
0 0.22854910714285712 0.24334656084656084 0.01205853174603172 0.020949074074074092
0 0.20942460317460315 0.28037367724867723 0.012420634920634943 0.020555555555555587
0 0.11584821428571429 0.5239186507936507 0.012847222222222232 0.01941468253968252
0 0.14828869047619045 0.526630291005291 0.011349206349206331 0.017986111111111185
0 0.1840500992063492 0.5590376984126983 0.01605902777777779 0.022840608465608387
0 0.9723908730158729 0.32120370370370366 0.011991567460317487 0.025697751322751355
0 0.9497991071428571 0.3324801587301587 0.01734374999999999 0.026554232804232747
0 0.8457291666666666 0.22741071428571427 0.0156324404761905 0.019130291005290994
0 0.7745287698412698 0.2115674603174603 0.0158457341269842 0.025697751322751355
0 0.6306299603174602 0.31949074074074074 0.011135912698412742 0.017701719576719583
0 0.4828769841269841 0.4639616402116402 0.009422123015872974 0.01598875661375665
0 0.41874255952380945 0.524345238095238 0.019486607142857104 0.01570436507936505
0 0.4121031746031746 0.41413690476190473 0.03361855158730154 0.05967261904761904
0 0.443687996031746 0.42998346560846556 0.04625248015873018 0.05938822751322744
0 0.4197048611111111 0.4732407407407407 0.023554067460317407 0.05510582010582018
0 0.23276537698412697 0.20899801587301584 0.019273313492063515 0.017701719576719583
0 0.31664930555555554 0.6208002645502645 0.010528273809523814 0.015572089947089918
0 0.3261904761904762 0.6682837301587301 0.008554067460317505 0.014037698412698418
0 0.38211805555555556 0.6986607142857143 0.014146825396825435 0.01381613756613742
0 0.752641369047619 0.5645436507936508 0.012996031746031811 0.025443121693121757
0 0.7143948412698412 0.5117956349206348 0.00954117063492066 0.014695767195767187
0 0.9006026785714285 0.38941137566137557 0.014474206349206264 0.018204365079365143
0 0.8256522817460318 0.3582539682539682 0.017291666666666705 0.022185846560846507
0 0.901500496031746 0.2278042328042328 0.01190724206349203 0.02125992063492066
0 0.5040848214285714 0.2598313492063492 0.012311507936507926 0.0164153439153439
0 0.5228571428571428 0.2888955026455026 0.014734623015872916 0.011570767195767218
0 0.402562003968254 0.21461970899470897 0.012311507936507926 0.019646164021164036
0 0.3891393849206349 0.21529100529100528 0.018568948412698405 0.018300264550264567
0 0.25078124999999996 0.33895171957671955 0.012311507936507926 0.017493386243386293
0 0.31647817460317457 0.42708664021164017 0.014531249999999996 0.018300264550264494
0 0.35684523809523805 0.38429563492063484 0.008477182539682548 0.01184193121693126
0 0.314360119047619 0.5053968253968254 0.012715773809523823 0.013994708994709004
0 0.3249553571428571 0.5932638888888888 0.017358630952380993 0.01910714285714284