0 0.3421223958333333 0.55029296875 0.024088541666666668 0.0146484375
0 0.5751953125 0.44921875 0.027994791666666668 0.0166015625
0 0.31640625 0.426513671875 0.029947916666666668 0.01708984375
0 0.6142578125 0.407470703125 0.044270833333333336 0.025390625
0 0.3154296875 0.521484375 0.035807291666666664 0.021484375
0 0.5052083333333334 0.579833984375 0.03125 0.0244140625
0 0.3544921875 0.63330078125 0.020182291666666668 0.015625
0 0.5960286458333334 0.524658203125 0.032552083333333336 0.0166015625
0 0.2158203125 0.4560546875 0.029296875 0.0185546875
0 0.11848958333333333 0.56396484375 0.027994791666666668 0.01806640625
0 0.7135416666666666 0.3232421875 0.022135416666666668 0.01318359375
0 0.6647135416666666 0.58837890625 0.033854166666666664 0.02099609375
0 0.5745442708333334 0.6552734375 0.044270833333333336 0.02880859375
0 0.2216796875 0.53173828125 0.035807291666666664 0.0166015625
0 0.4619140625 0.3623046875 0.021484375 0.01123046875
0 0.4615885416666667 0.40478515625 0.031901041666666664 0.03125
0 0.33203125 0.4013671875 0.035807291666666664 0.01953125
0 0.06868489583333333 0.38232421875 0.037109375 0.0263671875
0 0.4143880208333333 0.322998046875 0.033203125 0.01904296875
0 0.349609375 0.59326171875 0.022135416666666668 0.01220703125
0 0.8694661458333334 0.661376953125 0.027994791666666668 0.0166015625
0 0.2646484375 0.54736328125 0.027994791666666668 0.02001953125
0 0.010091145833333334 0.284423828125 0.020182291666666668 0.02392578125
0 0.19498697916666666 0.331787109375 0.03125 0.01953125
0 0.798828125 0.653076171875 0.040364583333333336 0.02880859375
0 0.3854166666666667 0.442626953125 0.024088541666666668 0.02099609375
0 0.20638020833333334 0.62939453125 0.037760416666666664 0.0244140625
0 0.365234375 0.37939453125 0.022135416666666668 0.01708984375
0 0.09342447916666667 0.360595703125 0.026041666666666668 0.0146484375
0 0.5227864583333334 0.556640625 0.026692708333333332 0.0185546875
0 0.0068359375 0.40869140625 0.013671875 0.0185546875
0 0.7392578125 0.377197265625 0.028645833333333332 0.015625
0 0.0146484375 0.4775390625 0.029296875 0.021484375
0 0.5924479166666666 0.377685546875 0.052083333333333336 0.037109375
0 0.13444010416666666 0.479248046875 0.04296875 0.02001953125
0 0.6139322916666666 0.584228515625 0.032552083333333336 0.0205078125
0 0.16178385416666666 0.5283203125 0.04296875 0.02490234375
0 0.18815104166666666 0.411376953125 0.047526041666666664 0.029296875
0 0.2822265625 0.660888671875 0.039713541666666664 0.02197265625
0 0.11653645833333333 0.340576171875 0.016276041666666668 0.0107421875
0 0.3779296875 0.485595703125 0.04296875 0.03271484375
0 0.1484375 0.3662109375 0.02734375 0.01513671875
0 0.6246744791666666 0.43212890625 0.01953125 0.013671875
0 0.006184895833333333 0.515625 0.012369791666666666 0.021484375
0 0.17838541666666666 0.45703125 0.046223958333333336 0.02587890625
0 0.10188802083333333 0.325439453125 0.030598958333333332 0.01806640625
0 0.3639322916666667 0.427001953125 0.024739583333333332 0.013671875
0 0.4820963541666667 0.43896484375 0.013020833333333334 0.009765625
0 0.3206380208333333 0.64208984375 0.022786458333333332 0.0185546875
0 0.23209635416666666 0.35791015625 0.037109375 0.0224609375
0 0.263671875 0.35595703125 0.026692708333333332 0.0205078125
0 0.07356770833333333 0.599609375 0.022135416666666668 0.01123046875
0 0.3997395833333333 0.647705078125 0.020182291666666668 0.01708984375
0 0.006184895833333333 0.437255859375 0.012369791666666666 0.03466796875
0 0.3636067708333333 0.31787109375 0.032552083333333336 0.01611328125
0 0.14127604166666666 0.44189453125 0.029296875 0.01416015625
0 0.3232421875 0.30615234375 0.01953125 0.0146484375
0 0.6223958333333334 0.609619140625 0.016927083333333332 0.02001953125
0 0.5068359375 0.463134765625 0.012369791666666666 0.009765625
0 0.689453125 0.653564453125 0.0234375 0.01513671875
0 0.70703125 0.579833984375 0.016927083333333332 0.0107421875
0 0.4241536458333333 0.531005859375 0.018880208333333332 0.01513671875
0 0.005208333333333333 0.650390625 0.010416666666666666 0.009765625
0 0.064453125 0.322021484375 0.026041666666666668 0.01513671875
0 0.267578125 0.447021484375 0.018229166666666668 0.01513671875
0 0.18912760416666666 0.37646484375 0.025390625 0.01513671875
0 0.12760416666666666 0.498779296875 0.035807291666666664 0.01953125
0 0.3343098958333333 0.35791015625 0.026041666666666668 0.01806640625
0 0.015950520833333332 0.38232421875 0.01953125 0.02099609375
0 0.7470703125 0.630126953125 0.020182291666666668 0.01513671875
0 0.1142578125 0.309814453125 0.015625 0.01025390625
0 0.19694010416666666 0.591064453125 0.022786458333333332 0.02001953125
0 0.5192057291666666 0.392578125 0.014973958333333334 0.0087890625
0 0.2848307291666667 0.324462890625 0.018880208333333332 0.01123046875
0 0.4280598958333333 0.50146484375 0.020182291666666668 0.0146484375
0 0.5748697916666666 0.484619140625 0.012369791666666666 0.0107421875
0 0.55078125 0.584716796875 0.014973958333333334 0.009765625
0 0.3014322916666667 0.377685546875 0.022135416666666668 0.01318359375
0 0.3369140625 0.43994140625 0.014322916666666666 0.0107421875
0 0.2727864583333333 0.589111328125 0.014973958333333334 0.009765625
0 0.083984375 0.439697265625 0.024739583333333332 0.013671875
0 0.353515625 0.650390625 0.014973958333333334 0.00927734375
0 0.0537109375 0.653564453125 0.02734375 0.01318359375
0 0.2099609375 0.486572265625 0.015625 0.01123046875
0 0.6337890625 0.672119140625 0.022135416666666668 0.0126953125
0 0.23404947916666666 0.310791015625 0.022786458333333332 0.017578125
0 0.66015625 0.559814453125 0.01953125 0.0107421875
0 0.4654947916666667 0.64208984375 0.015625 0.00830078125
0 0.09375 0.47998046875 0.015625 0.01318359375
0 0.546875 0.42138671875 0.015625 0.01123046875
0 0.326171875 0.5673828125 0.01171875 0.00634765625
0 0.2828776041666667 0.373291015625 0.013671875 0.01025390625
0 0.7473958333333334 0.657470703125 0.014322916666666666 0.00830078125
0 0.8014322916666666 0.408935546875 0.016276041666666668 0.01416015625
0 0.62109375 0.5673828125 0.014322916666666666 0.009765625
0 0.09830729166666667 0.587646484375 0.0234375 0.00830078125
0 0.5703125 0.349365234375 0.018880208333333332 0.01708984375
0 0.9095052083333334 0.37255859375 0.026041666666666668 0.0205078125
0 0.8421223958333334 0.400390625 0.009114583333333334 0.00732421875
0 0.8499348958333334 0.54248046875 0.020182291666666668 0.01171875
0 0.84765625 0.589599609375 0.01953125 0.00830078125
0 0.6487630208333334 0.54833984375 0.015625 0.01123046875
0 0.6852213541666666 0.563232421875 0.016927083333333332 0.01220703125
0 0.6126302083333334 0.6572265625 0.03125 0.021484375
0 0.533203125 0.376220703125 0.017578125 0.0146484375
0 0.6702473958333334 0.335693359375 0.014322916666666666 0.01513671875
0 0.3802083333333333 0.651123046875 0.018880208333333332 0.0224609375
0 0.203125 0.60546875 0.014973958333333334 0.009765625
0 0.15657552083333334 0.488525390625 0.025390625 0.02099609375
0 0.08203125 0.450927734375 0.016276041666666668 0.01171875
0 0.07063802083333333 0.458984375 0.029947916666666668 0.01904296875
0 0.031901041666666664 0.371337890625 0.018229166666666668 0.01171875
0 0.012044270833333334 0.464599609375 0.024088541666666668 0.01318359375
0 0.21907552083333334 0.32373046875 0.013671875 0.01416015625
0 0.13834635416666666 0.512939453125 0.013671875 0.00732421875
0 0.040690104166666664 0.411376953125 0.014973958333333334 0.01220703125
0 0.25390625 0.32421875 0.022786458333333332 0.02392578125
0 0.3382161458333333 0.470703125 0.020833333333333332 0.01904296875
0 0.4300130208333333 0.407470703125 0.01953125 0.01318359375
0 0.6451822916666666 0.4365234375 0.015625 0.0107421875
0 0.5787760416666666 0.470947265625 0.010416666666666666 0.0087890625
0 0.047526041666666664 0.42724609375 0.018880208333333332 0.01025390625
0 0.18717447916666666 0.2978515625 0.018229166666666668 0.00732421875
0 0.17545572916666666 0.3076171875 0.016276041666666668 0.01416015625
0 0.18880208333333334 0.31103515625 0.016276041666666668 0.01220703125
0 0.3190104166666667 0.354736328125 0.018880208333333332 0.013671875
0 0.5602213541666666 0.3720703125 0.009765625 0.0068359375
0 0.51171875 0.406494140625 0.014322916666666666 0.0107421875
0 0.6402994791666666 0.319580078125 0.011067708333333334 0.009765625
0 0.013346354166666666 0.62109375 0.016276041666666668 0.017578125