0 0.28955078125 0.3375651041666667 0.0263671875 0.034505208333333336
0 0.450439453125 0.5758463541666666 0.0185546875 0.020182291666666668
0 0.608154296875 0.34765625 0.0205078125 0.022135416666666668
0 0.318603515625 0.7594401041666666 0.029296875 0.031901041666666664
0 0.823486328125 0.3567708333333333 0.0263671875 0.041015625
0 0.679443359375 0.619140625 0.01708984375 0.018229166666666668
0 0.877197265625 0.5602213541666666 0.02685546875 0.024739583333333332
0 0.928466796875 0.6695963541666666 0.02001953125 0.021484375
0 0.899169921875 0.3304036458333333 0.02783203125 0.037109375
0 0.21337890625 0.3684895833333333 0.01611328125 0.020833333333333332
0 0.40380859375 0.3206380208333333 0.017578125 0.017578125
0 0.6416015625 0.3671875 0.015625 0.012369791666666666
0 0.45849609375 0.7119140625 0.01123046875 0.017578125
0 0.35693359375 0.6494140625 0.02099609375 0.027994791666666668
0 0.60546875 0.7249348958333334 0.02978515625 0.034505208333333336
0 0.56982421875 0.58984375 0.017578125 0.0234375
0 0.645263671875 0.6318359375 0.017578125 0.02734375
0 0.5224609375 0.3717447916666667 0.0166015625 0.024739583333333332
0 0.749755859375 0.3346354166666667 0.0283203125 0.029947916666666668
0 0.71240234375 0.3958333333333333 0.017578125 0.026692708333333332
0 0.304443359375 0.5188802083333334 0.015625 0.022786458333333332
0 0.428955078125 0.560546875 0.02978515625 0.030598958333333332
0 0.908935546875 0.404296875 0.0263671875 0.033203125
0 0.38525390625 0.6321614583333334 0.015625 0.024088541666666668
0 0.388916015625 0.4886067708333333 0.03759765625 0.027994791666666668
0 0.93212890625 0.5983072916666666 0.01953125 0.026041666666666668
0 0.767822265625 0.4680989583333333 0.025390625 0.03125
0 0.376220703125 0.4215494791666667 0.0166015625 0.018229166666666668
0 0.58203125 0.4596354166666667 0.0126953125 0.024088541666666668
0 0.40380859375 0.53515625 0.01513671875 0.014322916666666666
0 0.31591796875 0.6002604166666666 0.02490234375 0.018880208333333332
0 0.6943359375 0.4996744791666667 0.01171875 0.014322916666666666
0 0.21826171875 0.32421875 0.01171875 0.015625
0 0.80615234375 0.6910807291666666 0.01171875 0.013671875
0 0.235595703125 0.3264973958333333 0.0087890625 0.01953125
0 0.405517578125 0.4404296875 0.0146484375 0.041666666666666664
0 0.854736328125 0.619140625 0.05126953125 0.056640625
0 0.813232421875 0.57421875 0.0087890625 0.014322916666666666
0 0.813720703125 0.5426432291666666 0.0087890625 0.010416666666666666
0 0.8642578125 0.666015625 0.0146484375 0.020833333333333332
0 0.900390625 0.7249348958333334 0.0078125 0.014973958333333334
0 0.791015625 0.7386067708333334 0.01123046875 0.024088541666666668
0 0.744140625 0.7314453125 0.0244140625 0.015625
0 0.697509765625 0.712890625 0.00732421875 0.01953125
0 0.66162109375 0.7457682291666666 0.015625 0.025390625
0 0.68017578125 0.6800130208333334 0.0107421875 0.01953125
0 0.791015625 0.6526692708333334 0.009765625 0.014322916666666666
0 0.79248046875 0.6038411458333334 0.01123046875 0.012369791666666666
0 0.732421875 0.5657552083333334 0.00732421875 0.014322916666666666
0 0.626953125 0.6240234375 0.0107421875 0.018229166666666668
0 0.39208984375 0.6780598958333334 0.00830078125 0.009765625
0 0.450927734375 0.6793619791666666 0.009765625 0.012369791666666666
0 0.399169921875 0.6458333333333334 0.013671875 0.012369791666666666
0 0.474609375 0.607421875 0.0087890625 0.013671875
0 0.271240234375 0.7242838541666666 0.00634765625 0.018229166666666668
0 0.2763671875 0.7125651041666666 0.0126953125 0.009765625
0 0.2177734375 0.751953125 0.01171875 0.020833333333333332
0 0.20361328125 0.7350260416666666 0.0087890625 0.014322916666666666
0 0.236328125 0.7054036458333334 0.00830078125 0.009114583333333334
0 0.240478515625 0.6292317708333334 0.00927734375 0.012369791666666666
0 0.210693359375 0.6302083333333334 0.009765625 0.014322916666666666
0 0.473388671875 0.5192057291666666 0.009765625 0.020182291666666668
0 0.49755859375 0.4830729166666667 0.0078125 0.013671875
0 0.51318359375 0.4007161458333333 0.00927734375 0.012369791666666666
0 0.440185546875 0.4137369791666667 0.009765625 0.012369791666666666
0 0.55908203125 0.3173828125 0.01025390625 0.01171875
0 0.763427734375 0.3834635416666667 0.0107421875 0.012369791666666666
0 0.800537109375 0.4091796875 0.01123046875 0.015625
0 0.796875 0.4339192708333333 0.00732421875 0.011067708333333334
0 0.863037109375 0.3798828125 0.009765625 0.013020833333333334
0 0.88916015625 0.4694010416666667 0.0224609375 0.033854166666666664
0 0.888671875 0.4475911458333333 0.01708984375 0.020182291666666668
0 0.824951171875 0.6735026041666666 0.0087890625 0.011067708333333334
0 0.317138671875 0.5677083333333334 0.0185546875 0.012369791666666666
0 0.358642578125 0.4925130208333333 0.013671875 0.015625
0 0.3466796875 0.4817708333333333 0.0107421875 0.010416666666666666
0 0.326904296875 0.4475911458333333 0.013671875 0.014973958333333334
0 0.2236328125 0.6119791666666666 0.0087890625 0.013020833333333334
0 0.253662109375 0.72265625 0.015625 0.022786458333333332
0 0.625 0.7252604166666666 0.009765625 0.024739583333333332
0 0.681396484375 0.4225260416666667 0.01171875 0.017578125
0 0.417236328125 0.5403645833333334 0.013671875 0.016927083333333332