0 0.603515625 0.529296875 0.029947916666666668 0.0341796875
0 0.5556640625 0.43798828125 0.028645833333333332 0.03076171875
0 0.5029296875 0.43310546875 0.053385416666666664 0.04736328125
0 0.3310546875 0.5205078125 0.038411458333333336 0.03466796875
0 0.701171875 0.432373046875 0.0390625 0.03759765625
0 0.2815755208333333 0.53662109375 0.03125 0.03466796875
0 0.6780598958333334 0.37890625 0.057942708333333336 0.05322265625
0 0.5048828125 0.3427734375 0.047526041666666664 0.0400390625
0 0.3310546875 0.625732421875 0.045572916666666664 0.04345703125
0 0.6028645833333334 0.632080078125 0.029947916666666668 0.02490234375
0 0.4895833333333333 0.473876953125 0.031901041666666664 0.02734375
0 0.4169921875 0.413818359375 0.041015625 0.03515625
0 0.650390625 0.66015625 0.03515625 0.04150390625
0 0.4567057291666667 0.525634765625 0.044270833333333336 0.04248046875
0 0.4091796875 0.314453125 0.041015625 0.033203125
0 0.5725911458333334 0.657958984375 0.02734375 0.02587890625
0 0.6497395833333334 0.588623046875 0.018229166666666668 0.01513671875
0 0.3115234375 0.2783203125 0.044921875 0.037109375
0 0.4752604166666667 0.64404296875 0.021484375 0.025390625
0 0.5247395833333334 0.591064453125 0.0390625 0.03564453125
0 0.4951171875 0.737548828125 0.059244791666666664 0.04248046875
0 0.6809895833333334 0.71826171875 0.02734375 0.03759765625
0 0.3264973958333333 0.688720703125 0.049479166666666664 0.03759765625
0 0.4345703125 0.725341796875 0.050130208333333336 0.0341796875
0 0.46484375 0.56494140625 0.046223958333333336 0.0439453125
0 0.607421875 0.68212890625 0.050130208333333336 0.037109375
0 0.626953125 0.433349609375 0.041015625 0.02978515625
0 0.4296875 0.69140625 0.052083333333333336 0.0302734375
0 0.5406901041666666 0.4970703125 0.03515625 0.029296875
0 0.3004557291666667 0.411376953125 0.047526041666666664 0.0302734375
0 0.2903645833333333 0.63671875 0.037109375 0.037109375
0 0.423828125 0.452880859375 0.046875 0.04150390625
0 0.3564453125 0.311279296875 0.014322916666666666 0.01416015625
0 0.7063802083333334 0.51806640625 0.036458333333333336 0.0322265625
0 0.333984375 0.816162109375 0.01953125 0.02685546875
0 0.7184244791666666 0.73583984375 0.022786458333333332 0.017578125
0 0.2828776041666667 0.8037109375 0.026692708333333332 0.0244140625
0 0.529296875 0.650390625 0.038411458333333336 0.03564453125
0 0.6819661458333334 0.275634765625 0.0234375 0.0185546875
0 0.43359375 0.3662109375 0.046875 0.0341796875
0 0.5725911458333334 0.78369140625 0.046875 0.04833984375
0 0.6481119791666666 0.294677734375 0.013020833333333334 0.01220703125
0 0.3196614583333333 0.78173828125 0.026692708333333332 0.029296875
0 0.4192708333333333 0.570556640625 0.041015625 0.037109375
0 0.3922526041666667 0.708740234375 0.031901041666666664 0.03076171875
0 0.6100260416666666 0.751708984375 0.032552083333333336 0.0234375
0 0.5052083333333334 0.52197265625 0.029947916666666668 0.02734375
0 0.6767578125 0.590576171875 0.03515625 0.0244140625
0 0.650390625 0.744384765625 0.064453125 0.03271484375
0 0.5791015625 0.343017578125 0.032552083333333336 0.03173828125
0 0.5472005208333334 0.61669921875 0.014973958333333334 0.01171875
0 0.6197916666666666 0.337158203125 0.056640625 0.05615234375
0 0.4140625 0.611572265625 0.041666666666666664 0.03515625
0 0.3821614583333333 0.378662109375 0.029296875 0.02783203125
0 0.3369140625 0.345458984375 0.014973958333333334 0.009765625
0 0.7311197916666666 0.8544921875 0.018229166666666668 0.017578125
0 0.6236979166666666 0.828857421875 0.036458333333333336 0.0361328125
0 0.4033203125 0.537353515625 0.012369791666666666 0.013671875
0 0.369140625 0.544677734375 0.026692708333333332 0.025390625
0 0.662109375 0.432373046875 0.031901041666666664 0.03466796875
0 0.2867838541666667 0.728515625 0.037109375 0.03466796875
0 0.3779296875 0.577392578125 0.041666666666666664 0.0341796875
0 0.3453776041666667 0.4287109375 0.013020833333333334 0.0126953125
0 0.7268880208333334 0.788330078125 0.038411458333333336 0.04345703125
0 0.3665364583333333 0.2041015625 0.014322916666666666 0.0107421875
0 0.6546223958333334 0.851806640625 0.037760416666666664 0.0302734375
0 0.498046875 0.650390625 0.014973958333333334 0.01220703125
0 0.3304036458333333 0.585693359375 0.016276041666666668 0.01513671875
0 0.3411458333333333 0.211181640625 0.017578125 0.00830078125
0 0.330078125 0.4716796875 0.014973958333333334 0.01416015625
0 0.7086588541666666 0.225830078125 0.027994791666666668 0.02587890625
0 0.6549479166666666 0.48193359375 0.022786458333333332 0.0185546875
0 0.6865234375 0.77099609375 0.013020833333333334 0.01318359375
0 0.4957682291666667 0.5869140625 0.012369791666666666 0.0126953125
0 0.5608723958333334 0.901123046875 0.034505208333333336 0.0400390625
0 0.716796875 0.619384765625 0.009765625 0.009765625
0 0.5856119791666666 0.47607421875 0.01171875 0.0087890625
0 0.3014322916666667 0.840576171875 0.034505208333333336 0.029296875
0 0.4762369791666667 0.386962890625 0.01953125 0.0244140625
0 0.6783854166666666 0.322998046875 0.028645833333333332 0.02099609375
0 0.6888020833333334 0.256591796875 0.016927083333333332 0.01513671875
0 0.6217447916666666 0.7978515625 0.018229166666666668 0.013671875
0 0.43359375 0.23046875 0.017578125 0.01416015625
0 0.7239583333333334 0.60693359375 0.010416666666666666 0.01806640625
0 0.5270182291666666 0.390869140625 0.010416666666666666 0.0078125
0 0.6263020833333334 0.202880859375 0.015625 0.01123046875
0 0.4651692708333333 0.346923828125 0.014973958333333334 0.0087890625
0 0.6487630208333334 0.81982421875 0.013020833333333334 0.0107421875
0 0.6569010416666666 0.203857421875 0.017578125 0.0126953125
0 0.626953125 0.473876953125 0.011067708333333334 0.00927734375
0 0.3453776041666667 0.59619140625 0.011067708333333334 0.013671875
0 0.7389322916666666 0.441650390625 0.013671875 0.0126953125
0 0.6728515625 0.684814453125 0.016276041666666668 0.01416015625
0 0.720703125 0.588134765625 0.015625 0.0078125
0 0.34765625 0.388671875 0.014322916666666666 0.0107421875
0 0.6227213541666666 0.773681640625 0.014322916666666666 0.01025390625
0 0.5305989583333334 0.551513671875 0.016927083333333332 0.01123046875
0 0.4661458333333333 0.31640625 0.033203125 0.037109375
0 0.7057291666666666 0.760498046875 0.011067708333333334 0.01171875
0 0.5094401041666666 0.26171875 0.027994791666666668 0.0283203125
0 0.5475260416666666 0.24658203125 0.018880208333333332 0.0166015625
0 0.5426432291666666 0.275146484375 0.03515625 0.02685546875
0 0.4339192708333333 0.279541015625 0.02734375 0.0322265625
0 0.2958984375 0.203857421875 0.028645833333333332 0.01123046875
0 0.2731119791666667 0.331787109375 0.022135416666666668 0.01708984375
0 0.3365885416666667 0.27490234375 0.036458333333333336 0.02978515625
0 0.3473307291666667 0.2861328125 0.009765625 0.0068359375
0 0.65625 0.268798828125 0.010416666666666666 0.00732421875
0 0.7076822916666666 0.359130859375 0.026041666666666668 0.0234375
0 0.57421875 0.3232421875 0.024088541666666668 0.0205078125
0 0.5048828125 0.375 0.037109375 0.01953125
0 0.4583333333333333 0.381103515625 0.029296875 0.02490234375
0 0.3743489583333333 0.365234375 0.024088541666666668 0.01318359375
0 0.38671875 0.4140625 0.024739583333333332 0.01904296875
0 0.4781901041666667 0.52099609375 0.026692708333333332 0.02978515625
0 0.3678385416666667 0.418212890625 0.011067708333333334 0.01220703125
0 0.6442057291666666 0.39892578125 0.013671875 0.01123046875
0 0.4290364583333333 0.19580078125 0.020833333333333332 0.0087890625
0 0.3020833333333333 0.593994140625 0.039713541666666664 0.04736328125
0 0.4847005208333333 0.710693359375 0.050130208333333336 0.0244140625
0 0.513671875 0.7119140625 0.020833333333333332 0.02685546875
0 0.4039713541666667 0.783935546875 0.048828125 0.03955078125
0 0.505859375 0.788330078125 0.033203125 0.03466796875
0 0.2884114583333333 0.75927734375 0.037760416666666664 0.02587890625
0 0.3297526041666667 0.87939453125 0.045572916666666664 0.02734375
0 0.2906901041666667 0.94140625 0.029947916666666668 0.0224609375
0 0.435546875 0.76513671875 0.04296875 0.046875
0 0.7399088541666666 0.739990234375 0.024088541666666668 0.0439453125
0 0.6764322916666666 0.792236328125 0.016927083333333332 0.0126953125
0 0.7298177083333334 0.815673828125 0.024739583333333332 0.01611328125
0 0.6256510416666666 0.687744140625 0.018880208333333332 0.02197265625
0 0.3974609375 0.89599609375 0.033854166666666664 0.025390625
0 0.4410807291666667 0.925537109375 0.043619791666666664 0.037109375
0 0.3447265625 0.775146484375 0.016927083333333332 0.013671875
0 0.2789713541666667 0.680419921875 0.024088541666666668 0.015625
0 0.3912760416666667 0.469482421875 0.016927083333333332 0.01025390625
0 0.3951822916666667 0.4775390625 0.016927083333333332 0.00732421875
0 0.6861979166666666 0.457275390625 0.014322916666666666 0.0146484375
0 0.3531901041666667 0.400390625 0.016276041666666668 0.01025390625
0 0.6513671875 0.280517578125 0.022786458333333332 0.01123046875
0 0.6298828125 0.457763671875 0.020833333333333332 0.01611328125
0 0.650390625 0.686279296875 0.015625 0.015625
0 0.6087239583333334 0.6455078125 0.016276041666666668 0.01123046875
0 0.673828125 0.64599609375 0.013671875 0.01025390625
0 0.7210286458333334 0.55078125 0.012369791666666666 0.0146484375
0 0.6985677083333334 0.464599609375 0.014322916666666666 0.0068359375
0 0.5556640625 0.378662109375 0.018880208333333332 0.01123046875
0 0.728515625 0.27783203125 0.013020833333333334 0.0087890625
0 0.27734375 0.233642578125 0.014973958333333334 0.0107421875
0 0.3372395833333333 0.36865234375 0.013671875 0.01318359375
0 0.4244791666666667 0.388671875 0.015625 0.00927734375