0 0.6809895833333334 0.450927734375 0.048828125 0.03662109375
0 0.39453125 0.045166015625 0.054036458333333336 0.05029296875
0 0.6549479166666666 0.18359375 0.01953125 0.01513671875
0 0.5182291666666666 0.6220703125 0.02734375 0.021484375
0 0.3955078125 0.109130859375 0.013020833333333334 0.01953125
0 0.7080078125 0.5302734375 0.020833333333333332 0.015625
0 0.3225911458333333 0.4052734375 0.022135416666666668 0.017578125
0 0.5257161458333334 0.74072265625 0.033203125 0.02783203125
0 0.2522786458333333 0.2734375 0.020182291666666668 0.0234375
0 0.6162109375 0.522705078125 0.018880208333333332 0.01708984375
0 0.3271484375 0.54248046875 0.020833333333333332 0.0263671875
0 0.7171223958333334 0.10546875 0.017578125 0.01025390625
0 0.6080729166666666 0.177734375 0.016927083333333332 0.0166015625
0 0.517578125 0.511474609375 0.043619791666666664 0.037109375
0 0.3850911458333333 0.779541015625 0.014322916666666666 0.01171875
0 0.615234375 0.639892578125 0.02734375 0.017578125
0 0.5078125 0.719482421875 0.02734375 0.03125
0 0.4905598958333333 0.26025390625 0.036458333333333336 0.0361328125
0 0.4934895833333333 0.7548828125 0.013020833333333334 0.00927734375
0 0.5546875 0.5791015625 0.013020833333333334 0.01025390625
0 0.5520833333333334 0.38671875 0.013020833333333334 0.01318359375
0 0.2682291666666667 0.500732421875 0.016927083333333332 0.01904296875
0 0.3037109375 0.478271484375 0.01953125 0.01123046875
0 0.2506510416666667 0.539794921875 0.011067708333333334 0.00927734375
0 0.3531901041666667 0.601318359375 0.013671875 0.01123046875
0 0.2985026041666667 0.6875 0.021484375 0.00732421875
0 0.2783203125 0.70849609375 0.0234375 0.01171875
0 0.3121744791666667 0.744873046875 0.012369791666666666 0.00927734375
0 0.6682942708333334 0.6416015625 0.013671875 0.01220703125
0 0.4889322916666667 0.548095703125 0.012369791666666666 0.013671875
0 0.4833984375 0.521240234375 0.013020833333333334 0.0087890625
0 0.4228515625 0.153076171875 0.0234375 0.00732421875
0 0.3284505208333333 0.109375 0.014973958333333334 0.01123046875
0 0.2880859375 0.072265625 0.015625 0.01025390625
0 0.3024088541666667 0.0361328125 0.015625 0.015625
0 0.23958333333333334 0.1416015625 0.013671875 0.01123046875
0 0.5504557291666666 0.0478515625 0.016276041666666668 0.0068359375
0 0.5413411458333334 0.03564453125 0.013020833333333334 0.00634765625
0 0.5100911458333334 0.022216796875 0.016276041666666668 0.00732421875
0 0.6197916666666666 0.022216796875 0.011067708333333334 0.0087890625
0 0.7265625 0.012939453125 0.016276041666666668 0.01025390625
0 0.24055989583333334 0.22802734375 0.015625 0.00927734375