0 0.671630859375 0.5550130208333334 0.04052734375 0.041666666666666664
0 0.720458984375 0.2955729166666667 0.0185546875 0.022135416666666668
0 0.5625 0.365234375 0.0205078125 0.029296875
0 0.3466796875 0.6494140625 0.01513671875 0.015625
0 0.07421875 0.4267578125 0.01416015625 0.018880208333333332
0 0.500732421875 0.3642578125 0.025390625 0.037760416666666664
0 0.0478515625 0.63671875 0.05517578125 0.05859375
0 0.47607421875 0.529296875 0.015625 0.018229166666666668
0 0.612060546875 0.2604166666666667 0.01171875 0.017578125
0 0.014404296875 0.6637369791666666 0.01513671875 0.018880208333333332
0 0.15869140625 0.2786458333333333 0.01318359375 0.013020833333333334
0 0.405029296875 0.4912109375 0.01025390625 0.017578125
0 0.46875 0.6175130208333334 0.01513671875 0.026692708333333332
0 0.740966796875 0.5354817708333334 0.01220703125 0.016927083333333332
0 0.272216796875 0.5911458333333334 0.013671875 0.014322916666666666
0 0.32177734375 0.3216145833333333 0.029296875 0.034505208333333336
0 0.30517578125 0.3157552083333333 0.01611328125 0.022786458333333332
0 0.4072265625 0.6155598958333334 0.00927734375 0.013671875
0 0.72119140625 0.6422526041666666 0.01171875 0.012369791666666666
0 0.099365234375 0.6520182291666666 0.01025390625 0.013020833333333334
0 0.30126953125 0.6617838541666666 0.0107421875 0.014973958333333334
0 0.734130859375 0.5540364583333334 0.00927734375 0.020182291666666668
0 0.723876953125 0.603515625 0.0107421875 0.014973958333333334
0 0.748046875 0.60546875 0.00927734375 0.012369791666666666
0 0.658935546875 0.6416015625 0.009765625 0.014322916666666666
0 0.673095703125 0.6158854166666666 0.0078125 0.01171875
0 0.587158203125 0.5751953125 0.0146484375 0.014973958333333334
0 0.51171875 0.6233723958333334 0.02392578125 0.034505208333333336
0 0.530517578125 0.6279296875 0.01220703125 0.024739583333333332
0 0.524169921875 0.5794270833333334 0.009765625 0.014973958333333334
0 0.46435546875 0.5807291666666666 0.01025390625 0.018880208333333332
0 0.379150390625 0.6315104166666666 0.0126953125 0.022135416666666668
0 0.2861328125 0.6080729166666666 0.009765625 0.018229166666666668
0 0.338134765625 0.583984375 0.0087890625 0.013020833333333334
0 0.288330078125 0.5491536458333334 0.013671875 0.021484375
0 0.2451171875 0.6324869791666666 0.0078125 0.007161458333333333
0 0.26904296875 0.6790364583333334 0.01318359375 0.014973958333333334
0 0.096923828125 0.6770833333333334 0.01025390625 0.021484375
0 0.08154296875 0.6832682291666666 0.0087890625 0.0078125
0 0.11328125 0.5901692708333334 0.0087890625 0.013671875
0 0.08349609375 0.5758463541666666 0.01025390625 0.013671875
0 0.0087890625 0.5888671875 0.0107421875 0.014973958333333334
0 0.0361328125 0.4671223958333333 0.0107421875 0.01171875
0 0.080322265625 0.4593098958333333 0.01318359375 0.018880208333333332
0 0.14453125 0.3821614583333333 0.0126953125 0.020833333333333332
0 0.19140625 0.3701171875 0.0126953125 0.016276041666666668
0 0.185791015625 0.39453125 0.0126953125 0.014322916666666666
0 0.16796875 0.4381510416666667 0.01025390625 0.021484375
0 0.1923828125 0.4430338541666667 0.0107421875 0.012369791666666666
0 0.030517578125 0.330078125 0.01220703125 0.016927083333333332
0 0.207763671875 0.3046875 0.013671875 0.037109375
0 0.196533203125 0.24576822916666666 0.0107421875 0.012369791666666666
0 0.296630859375 0.2679036458333333 0.01220703125 0.013020833333333334
0 0.293701171875 0.2838541666666667 0.009765625 0.015625
0 0.253662109375 0.330078125 0.009765625 0.017578125
0 0.2177734375 0.3414713541666667 0.01416015625 0.013020833333333334
0 0.21240234375 0.3557942708333333 0.00830078125 0.013020833333333334
0 0.36669921875 0.2721354166666667 0.0107421875 0.021484375
0 0.462158203125 0.2848307291666667 0.01123046875 0.015625
0 0.516845703125 0.2737630208333333 0.01171875 0.016927083333333332
0 0.625244140625 0.3089192708333333 0.01611328125 0.020833333333333332
0 0.653564453125 0.3125 0.00830078125 0.011067708333333334
0 0.63916015625 0.3505859375 0.01171875 0.014322916666666666
0 0.6943359375 0.3229166666666667 0.017578125 0.02734375
0 0.74267578125 0.341796875 0.0458984375 0.043619791666666664
0 0.668212890625 0.4267578125 0.01318359375 0.017578125
0 0.745849609375 0.4114583333333333 0.01171875 0.016276041666666668
0 0.5869140625 0.4361979166666667 0.009765625 0.015625
0 0.65576171875 0.4612630208333333 0.0107421875 0.014322916666666666
0 0.68310546875 0.4921875 0.00830078125 0.0234375
0 0.248046875 0.5283203125 0.01123046875 0.014973958333333334
0 0.28662109375 0.4993489583333333 0.01123046875 0.013671875
0 0.346435546875 0.4609375 0.01318359375 0.017578125
0 0.396728515625 0.4541015625 0.00927734375 0.01953125
0 0.47509765625 0.4814453125 0.01220703125 0.016927083333333332
0 0.498779296875 0.4508463541666667 0.0166015625 0.03125
0 0.5078125 0.4231770833333333 0.0126953125 0.014973958333333334
0 0.537841796875 0.451171875 0.0078125 0.014322916666666666
0 0.5859375 0.4609375 0.01025390625 0.01171875
0 0.39697265625 0.5729166666666666 0.009765625 0.016927083333333332
0 0.285400390625 0.4375 0.009765625 0.009114583333333334
0 0.24853515625 0.4368489583333333 0.00830078125 0.01171875
0 0.3515625 0.4954427083333333 0.0107421875 0.013671875
0 0.692626953125 0.3518880208333333 0.0068359375 0.009765625
0 0.54833984375 0.3525390625 0.0078125 0.013020833333333334
0 0.51123046875 0.3151041666666667 0.013671875 0.017578125
0 0.1435546875 0.5198567708333334 0.01220703125 0.015625
0 0.020263671875 0.6468098958333334 0.01611328125 0.022786458333333332
0 0.1728515625 0.5305989583333334 0.0087890625 0.01171875