0 0.383544921875 0.4720052083333333 0.02490234375 0.036458333333333336
0 0.7158203125 0.10026041666666667 0.0234375 0.033854166666666664
0 0.352294921875 0.9371744791666666 0.029296875 0.036458333333333336
0 0.534423828125 0.6393229166666666 0.02685546875 0.037760416666666664
0 0.41845703125 0.13736979166666666 0.02490234375 0.033203125
0 0.67578125 0.1318359375 0.02783203125 0.030598958333333332
0 0.33837890625 0.4046223958333333 0.01611328125 0.021484375
0 0.41650390625 0.5078125 0.0166015625 0.027994791666666668
0 0.37255859375 0.1806640625 0.0205078125 0.042317708333333336
0 0.49658203125 0.3642578125 0.029296875 0.033854166666666664
0 0.328857421875 0.3427734375 0.0205078125 0.034505208333333336
0 0.342529296875 0.9755859375 0.017578125 0.031901041666666664
0 0.516357421875 0.2978515625 0.017578125 0.029947916666666668
0 0.67724609375 0.4534505208333333 0.025390625 0.042317708333333336
0 0.326171875 0.9150390625 0.02392578125 0.025390625
0 0.7421875 0.21419270833333334 0.017578125 0.032552083333333336
0 0.562744140625 0.6861979166666666 0.025390625 0.0390625
0 0.677978515625 0.7044270833333334 0.02783203125 0.036458333333333336
0 0.451904296875 0.10872395833333333 0.0263671875 0.034505208333333336
0 0.39697265625 0.17838541666666666 0.01953125 0.033854166666666664
0 0.742919921875 0.9814453125 0.01953125 0.025390625
0 0.7412109375 0.5091145833333334 0.01806640625 0.022135416666666668
0 0.449462890625 0.4088541666666667 0.01318359375 0.025390625
0 0.364990234375 0.3011067708333333 0.013671875 0.021484375
0 0.400146484375 0.07845052083333333 0.04296875 0.060546875
0 0.72705078125 0.7255859375 0.03759765625 0.056640625
0 0.7392578125 0.8961588541666666 0.04296875 0.06380208333333333
0 0.59619140625 0.6116536458333334 0.04296875 0.0625
0 0.677978515625 0.4977213541666667 0.01611328125 0.025390625
0 0.42529296875 0.7272135416666666 0.04345703125 0.06705729166666667
0 0.522705078125 0.8232421875 0.0390625 0.047526041666666664
0 0.521728515625 0.009114583333333334 0.04345703125 0.018229166666666668
0 0.47119140625 0.8883463541666666 0.03662109375 0.040364583333333336
0 0.348388671875 0.46875 0.037109375 0.048177083333333336
0 0.548583984375 0.9755859375 0.05029296875 0.048828125
0 0.373291015625 0.6796875 0.04248046875 0.054036458333333336
0 0.6005859375 0.8352864583333334 0.03857421875 0.061848958333333336
0 0.485107421875 0.6956380208333334 0.048828125 0.06575520833333333
0 0.628662109375 0.7952473958333334 0.03564453125 0.05078125
0 0.343994140625 0.7438151041666666 0.0361328125 0.060546875
0 0.38818359375 0.5592447916666666 0.03857421875 0.05078125
0 0.586669921875 0.3629557291666667 0.04296875 0.056640625
0 0.468994140625 0.501953125 0.037109375 0.046223958333333336
0 0.352783203125 0.3326822916666667 0.0302734375 0.053385416666666664
0 0.38623046875 0.8313802083333334 0.05078125 0.068359375
0 0.581298828125 0.7301432291666666 0.0380859375 0.059895833333333336
0 0.341552734375 0.865234375 0.04248046875 0.0546875
0 0.50830078125 0.1328125 0.0166015625 0.020833333333333332
0 0.533203125 0.23958333333333334 0.044921875 0.08138020833333333
0 0.323486328125 0.4378255208333333 0.0126953125 0.014973958333333334
0 0.353759765625 0.20735677083333334 0.01220703125 0.018880208333333332
0 0.42041015625 0.875 0.05419921875 0.08333333333333333
0 0.3212890625 0.5172526041666666 0.00927734375 0.018229166666666668
0 0.400390625 0.939453125 0.02392578125 0.0234375
0 0.7373046875 0.7965494791666666 0.044921875 0.08072916666666667
0 0.58984375 0.224609375 0.01806640625 0.029947916666666668
0 0.551513671875 0.5904947916666666 0.0419921875 0.06380208333333333
0 0.337890625 0.6962890625 0.025390625 0.0546875
0 0.75146484375 0.5768229166666666 0.01708984375 0.021484375
0 0.6962890625 0.9059244791666666 0.0439453125 0.0546875
0 0.64794921875 0.9645182291666666 0.03857421875 0.06315104166666667
0 0.6640625 0.9329427083333334 0.0126953125 0.021484375
0 0.67919921875 0.9768880208333334 0.01416015625 0.016276041666666668
0 0.63818359375 0.8522135416666666 0.01318359375 0.014322916666666666
0 0.604248046875 0.9453125 0.0146484375 0.025390625
0 0.503662109375 0.9749348958333334 0.04345703125 0.050130208333333336
0 0.4501953125 0.9892578125 0.01220703125 0.021484375
0 0.72998046875 0.6744791666666666 0.03564453125 0.055338541666666664
0 0.719482421875 0.6171875 0.0107421875 0.012369791666666666
0 0.733154296875 0.5911458333333334 0.01513671875 0.027994791666666668
0 0.713623046875 0.4212239583333333 0.01123046875 0.01171875
0 0.720458984375 0.4085286458333333 0.01318359375 0.013020833333333334
0 0.704345703125 0.3688151041666667 0.009765625 0.02734375
0 0.724853515625 0.4404296875 0.013671875 0.020182291666666668
0 0.73583984375 0.3502604166666667 0.0146484375 0.026692708333333332
0 0.719970703125 0.3040364583333333 0.0146484375 0.016927083333333332
0 0.689697265625 0.2138671875 0.01953125 0.022786458333333332
0 0.6640625 0.30078125 0.00732421875 0.009765625
0 0.64501953125 0.3203125 0.0087890625 0.013671875
0 0.670654296875 0.3528645833333333 0.00732421875 0.0078125
0 0.6162109375 0.4459635416666667 0.01171875 0.0234375
0 0.6005859375 0.4485677083333333 0.01611328125 0.015625
0 0.593994140625 0.4651692708333333 0.0087890625 0.016276041666666668
0 0.5908203125 0.4029947916666667 0.01318359375 0.025390625
0 0.5966796875 0.5276692708333334 0.01611328125 0.022135416666666668
0 0.388427734375 0.8759765625 0.009765625 0.016927083333333332
0 0.430419921875 0.8349609375 0.00927734375 0.011067708333333334
0 0.42333984375 0.7669270833333334 0.0126953125 0.016276041666666668
0 0.430419921875 0.5237630208333334 0.0107421875 0.016276041666666668
0 0.42138671875 0.22298177083333334 0.0126953125 0.020833333333333332
0 0.3408203125 0.2613932291666667 0.02490234375 0.038411458333333336
0 0.75 0.4449869791666667 0.02490234375 0.024739583333333332
0 0.62744140625 0.744140625 0.01611328125 0.02734375
0 0.690673828125 0.8294270833333334 0.00830078125 0.015625
0 0.695556640625 0.8450520833333334 0.0087890625 0.014973958333333334
0 0.709228515625 0.7884114583333334 0.0078125 0.010416666666666666
0 0.673828125 0.728515625 0.015625 0.018229166666666668
0 0.591552734375 0.7610677083333334 0.00830078125 0.014322916666666666
0 0.5947265625 0.7893880208333334 0.0322265625 0.034505208333333336
0 0.64013671875 0.44140625 0.01318359375 0.018229166666666668
0 0.5791015625 0.4417317708333333 0.0068359375 0.009114583333333334
0 0.5791015625 0.4264322916666667 0.01171875 0.014973958333333334
0 0.510009765625 0.9283854166666666 0.01513671875 0.018229166666666668
0 0.522216796875 0.9283854166666666 0.01025390625 0.016276041666666668
0 0.501708984375 0.8404947916666666 0.009765625 0.020182291666666668
0 0.48046875 0.7890625 0.0126953125 0.021484375
0 0.36279296875 0.9635416666666666 0.0126953125 0.018229166666666668
0 0.321044921875 0.87890625 0.01220703125 0.016927083333333332
0 0.5830078125 0.673828125 0.01513671875 0.022786458333333332
0 0.55029296875 0.3004557291666667 0.01123046875 0.01953125
0 0.678955078125 0.07552083333333333 0.01904296875 0.02734375
0 0.515625 0.058919270833333336 0.015625 0.0234375
0 0.41552734375 0.24609375 0.01611328125 0.016927083333333332
0 0.3701171875 0.7454427083333334 0.01171875 0.018880208333333332
0 0.62451171875 0.6298828125 0.01611328125 0.025390625
0 0.662841796875 0.5927734375 0.01806640625 0.0234375
0 0.735595703125 0.6409505208333334 0.02197265625 0.022135416666666668
0 0.65380859375 0.4720052083333333 0.01513671875 0.024739583333333332
0 0.67724609375 0.4208984375 0.0166015625 0.016927083333333332
0 0.675048828125 0.4033203125 0.0146484375 0.026692708333333332
0 0.754150390625 0.06380208333333333 0.0126953125 0.016927083333333332
0 0.672607421875 0.006184895833333333 0.01220703125 0.012369791666666666
0 0.670654296875 0.052408854166666664 0.01123046875 0.018229166666666668
0 0.69921875 0.06282552083333333 0.0166015625 0.017578125
0 0.59033203125 0.2838541666666667 0.01708984375 0.018880208333333332
0 0.39794921875 0.040364583333333336 0.01123046875 0.021484375
0 0.333251953125 0.013671875 0.017578125 0.021484375
0 0.485595703125 0.2275390625 0.0185546875 0.022135416666666668
0 0.48095703125 0.19303385416666666 0.0126953125 0.027994791666666668
0 0.490966796875 0.11979166666666667 0.01611328125 0.020833333333333332
0 0.505615234375 0.6149088541666666 0.01171875 0.017578125
0 0.328125 0.9342447916666666 0.0146484375 0.018880208333333332
0 0.318115234375 0.9430338541666666 0.00830078125 0.01953125
0 0.440185546875 0.9186197916666666 0.00830078125 0.012369791666666666
0 0.415771484375 0.0078125 0.01318359375 0.015625