0 0.7008463541666666 0.4853515625 0.037760416666666664 0.02587890625
0 0.4124348958333333 0.362548828125 0.033854166666666664 0.0302734375
0 0.4397786458333333 0.602294921875 0.033854166666666664 0.02392578125
0 0.66015625 0.3623046875 0.025390625 0.0146484375
0 0.7679036458333334 0.582275390625 0.018880208333333332 0.01318359375
0 0.7522786458333334 0.335693359375 0.0390625 0.02294921875
0 0.599609375 0.52587890625 0.017578125 0.01123046875
0 0.80859375 0.4248046875 0.0234375 0.01318359375
0 0.7496744791666666 0.45361328125 0.033854166666666664 0.015625
0 0.3404947916666667 0.535888671875 0.021484375 0.0087890625
0 0.833984375 0.472900390625 0.033854166666666664 0.01416015625
0 0.1826171875 0.5361328125 0.042317708333333336 0.02587890625
0 0.3157552083333333 0.588623046875 0.016927083333333332 0.0146484375
0 0.349609375 0.30078125 0.014973958333333334 0.00927734375
0 0.4977213541666667 0.593017578125 0.026041666666666668 0.0126953125
0 0.5452473958333334 0.585693359375 0.020182291666666668 0.01806640625
0 0.2571614583333333 0.278564453125 0.012369791666666666 0.01123046875
0 0.3597005208333333 0.390625 0.01953125 0.0126953125
0 0.3170572916666667 0.387451171875 0.036458333333333336 0.02490234375
0 0.2897135416666667 0.59423828125 0.016927083333333332 0.009765625
0 0.9674479166666666 0.35302734375 0.024739583333333332 0.02099609375
0 0.09244791666666667 0.496826171875 0.016276041666666668 0.01123046875
0 0.6458333333333334 0.28076171875 0.022786458333333332 0.01611328125
0 0.3763020833333333 0.602294921875 0.016927083333333332 0.0107421875
0 0.3772786458333333 0.296875 0.016927083333333332 0.01220703125
0 0.17643229166666666 0.586669921875 0.020833333333333332 0.01611328125
0 0.6813151041666666 0.601318359375 0.02734375 0.01171875
0 0.08072916666666667 0.611083984375 0.015625 0.01025390625
0 0.9163411458333334 0.3193359375 0.025390625 0.015625
0 0.5348307291666666 0.42041015625 0.014322916666666666 0.0107421875
0 0.7438151041666666 0.525634765625 0.014973958333333334 0.01025390625
0 0.5234375 0.38037109375 0.014322916666666666 0.0078125
0 0.9938151041666666 0.464111328125 0.012369791666666666 0.01025390625
0 0.1474609375 0.4208984375 0.028645833333333332 0.0244140625
0 0.1318359375 0.52783203125 0.0234375 0.0224609375
0 0.06901041666666667 0.597412109375 0.016927083333333332 0.0126953125
0 0.4147135416666667 0.387451171875 0.016927083333333332 0.0107421875
0 0.7086588541666666 0.334228515625 0.039713541666666664 0.03564453125
0 0.15885416666666666 0.361572265625 0.035807291666666664 0.01806640625
0 0.07552083333333333 0.2958984375 0.025390625 0.01513671875
0 0.697265625 0.44140625 0.015625 0.00830078125
0 0.9352213541666666 0.547119140625 0.048828125 0.02734375
0 0.9303385416666666 0.621337890625 0.020833333333333332 0.01708984375
0 0.9873046875 0.36572265625 0.025390625 0.01953125
0 0.7643229166666666 0.480224609375 0.015625 0.00830078125
0 0.6305338541666666 0.28955078125 0.011067708333333334 0.0126953125
0 0.5022786458333334 0.2958984375 0.009114583333333334 0.0078125
0 0.22916666666666666 0.545166015625 0.01171875 0.0078125
0 0.2529296875 0.519775390625 0.011067708333333334 0.0078125
0 0.099609375 0.619384765625 0.018880208333333332 0.0146484375
0 0.0537109375 0.51318359375 0.013671875 0.01123046875