0 0.5794270833333334 0.757080078125 0.044270833333333336 0.03662109375
0 0.4488932291666667 0.13232421875 0.029296875 0.0234375
0 0.7076822916666666 0.41552734375 0.037109375 0.02587890625
0 0.6796875 0.706787109375 0.028645833333333332 0.025390625
0 0.6002604166666666 0.06396484375 0.034505208333333336 0.02783203125
0 0.4847005208333333 0.133544921875 0.028645833333333332 0.02978515625
0 0.3359375 0.70458984375 0.057942708333333336 0.0361328125
0 0.2620442708333333 0.535400390625 0.041666666666666664 0.029296875
0 0.587890625 0.245361328125 0.033203125 0.02392578125
0 0.7018229166666666 0.636474609375 0.013020833333333334 0.0166015625
0 0.3414713541666667 0.668701171875 0.035807291666666664 0.02685546875
0 0.6204427083333334 0.163330078125 0.030598958333333332 0.0205078125
0 0.7229817708333334 0.24755859375 0.024739583333333332 0.02392578125
0 0.5852864583333334 0.60498046875 0.034505208333333336 0.0244140625
0 0.2626953125 0.195068359375 0.037760416666666664 0.03125
0 0.5283203125 0.506591796875 0.018880208333333332 0.02197265625
0 0.5794270833333334 0.6669921875 0.021484375 0.01513671875
0 0.623046875 0.24755859375 0.029947916666666668 0.02783203125
0 0.5035807291666666 0.541748046875 0.031901041666666664 0.02392578125
0 0.22981770833333334 0.587646484375 0.033854166666666664 0.0205078125
0 0.2900390625 0.55810546875 0.041666666666666664 0.02880859375
0 0.3255208333333333 0.618896484375 0.037760416666666664 0.03857421875
0 0.3626302083333333 0.552734375 0.016927083333333332 0.0126953125
0 0.375 0.5283203125 0.020833333333333332 0.0126953125
0 0.4212239583333333 0.658447265625 0.024088541666666668 0.015625
0 0.5338541666666666 0.677001953125 0.014322916666666666 0.00927734375
0 0.5712890625 0.681884765625 0.024739583333333332 0.021484375
0 0.6624348958333334 0.663818359375 0.021484375 0.0234375
0 0.7112630208333334 0.72412109375 0.03125 0.01708984375
0 0.6155598958333334 0.756103515625 0.047526041666666664 0.03759765625
0 0.5458984375 0.765625 0.03515625 0.02392578125
0 0.3824869791666667 0.70068359375 0.05078125 0.033203125
0 0.2864583333333333 0.65380859375 0.013020833333333334 0.0087890625
0 0.4150390625 0.074951171875 0.033203125 0.03076171875
0 0.6770833333333334 0.14306640625 0.028645833333333332 0.03125
0 0.5696614583333334 0.534423828125 0.035807291666666664 0.02392578125
0 0.3079427083333333 0.3955078125 0.011067708333333334 0.0087890625
0 0.2610677083333333 0.2705078125 0.025390625 0.02392578125
0 0.3561197916666667 0.19970703125 0.016927083333333332 0.01123046875
0 0.3024088541666667 0.34619140625 0.01953125 0.017578125
0 0.44921875 0.384521484375 0.016927083333333332 0.0107421875
0 0.5846354166666666 0.467041015625 0.017578125 0.02197265625
0 0.5091145833333334 0.757080078125 0.026041666666666668 0.01708984375
0 0.23697916666666666 0.7666015625 0.009765625 0.0087890625
0 0.2819010416666667 0.802734375 0.012369791666666666 0.01171875
0 0.3157552083333333 0.67041015625 0.013671875 0.02197265625
0 0.701171875 0.66845703125 0.016276041666666668 0.01123046875
0 0.708984375 0.690673828125 0.017578125 0.0146484375
0 0.6266276041666666 0.665771484375 0.013020833333333334 0.009765625
0 0.6725260416666666 0.6787109375 0.01171875 0.0078125
0 0.6888020833333334 0.660400390625 0.015625 0.009765625
0 0.7125651041666666 0.65576171875 0.009765625 0.00927734375
0 0.7252604166666666 0.654052734375 0.008463541666666666 0.0078125
0 0.630859375 0.703125 0.014973958333333334 0.01025390625
0 0.6227213541666666 0.62109375 0.015625 0.01904296875
0 0.5592447916666666 0.591796875 0.016927083333333332 0.01123046875
0 0.4684244791666667 0.588623046875 0.015625 0.01123046875
0 0.533203125 0.54931640625 0.020833333333333332 0.01708984375
0 0.5517578125 0.518310546875 0.01171875 0.01025390625
0 0.5771484375 0.47412109375 0.009114583333333334 0.01025390625
0 0.5595703125 0.10009765625 0.016927083333333332 0.01220703125
0 0.5361328125 0.177734375 0.016276041666666668 0.01318359375
0 0.7223307291666666 0.174072265625 0.016927083333333332 0.01123046875
0 0.5325520833333334 0.2373046875 0.014973958333333334 0.00927734375
0 0.724609375 0.342041015625 0.014322916666666666 0.0126953125
0 0.728515625 0.328857421875 0.016927083333333332 0.0126953125
0 0.5615234375 0.3818359375 0.013020833333333334 0.01416015625
0 0.3548177083333333 0.03955078125 0.018880208333333332 0.0107421875
0 0.3600260416666667 0.122314453125 0.015625 0.01513671875
0 0.3671875 0.283203125 0.018880208333333332 0.0126953125
0 0.3232421875 0.37939453125 0.014322916666666666 0.01416015625
0 0.38671875 0.39111328125 0.012369791666666666 0.01318359375
0 0.41796875 0.393310546875 0.013020833333333334 0.00927734375
0 0.4010416666666667 0.57861328125 0.01171875 0.0087890625
0 0.3414713541666667 0.721435546875 0.01171875 0.009765625
0 0.4222005208333333 0.726318359375 0.011067708333333334 0.0078125
0 0.7158203125 0.76708984375 0.014322916666666666 0.01123046875
0 0.7200520833333334 0.787353515625 0.014322916666666666 0.01123046875
0 0.7180989583333334 0.803955078125 0.013020833333333334 0.0068359375
0 0.4065755208333333 0.454345703125 0.014322916666666666 0.009765625
0 0.271484375 0.11865234375 0.011067708333333334 0.0087890625
0 0.6637369791666666 0.180419921875 0.020182291666666668 0.01025390625
0 0.7200520833333334 0.438720703125 0.010416666666666666 0.009765625
0 0.7112630208333334 0.751708984375 0.014322916666666666 0.00830078125
0 0.5296223958333334 0.708984375 0.01171875 0.01171875
0 0.4973958333333333 0.5146484375 0.013671875 0.009765625
0 0.3408203125 0.211669921875 0.015625 0.01513671875
0 0.3030598958333333 0.236083984375 0.022135416666666668 0.013671875
0 0.3629557291666667 0.3466796875 0.01171875 0.0107421875
0 0.2607421875 0.437255859375 0.011067708333333334 0.0087890625