0 0.047526041666666664 0.5732421875 0.055338541666666664 0.03076171875
0 0.044921875 0.468994140625 0.07356770833333333 0.046875
0 0.3430989583333333 0.71337890625 0.029296875 0.0224609375
0 0.4742838541666667 0.627685546875 0.035807291666666664 0.0224609375
0 0.8597005208333334 0.61083984375 0.037109375 0.02490234375
0 0.24576822916666666 0.63818359375 0.03515625 0.021484375
0 0.016927083333333332 0.739501953125 0.026692708333333332 0.0146484375
0 0.1806640625 0.744140625 0.045572916666666664 0.03271484375
0 0.058268229166666664 0.713623046875 0.022786458333333332 0.01611328125
0 0.8697916666666666 0.72119140625 0.035807291666666664 0.01708984375
0 0.4840494791666667 0.591064453125 0.022786458333333332 0.0205078125
0 0.029947916666666668 0.519287109375 0.037109375 0.021484375
0 0.7783203125 0.687255859375 0.02734375 0.0185546875
0 0.4977213541666667 0.70166015625 0.018880208333333332 0.01220703125
0 0.6787109375 0.628662109375 0.021484375 0.013671875
0 0.6279296875 0.512451171875 0.029296875 0.01416015625
0 0.8821614583333334 0.65673828125 0.029296875 0.0185546875
0 0.12630208333333334 0.5166015625 0.022135416666666668 0.0126953125
0 0.4680989583333333 0.67333984375 0.022786458333333332 0.02001953125
0 0.14973958333333334 0.607666015625 0.017578125 0.017578125
0 0.6884765625 0.731201171875 0.030598958333333332 0.017578125
0 0.8815104166666666 0.699951171875 0.031901041666666664 0.02001953125
0 0.7841796875 0.635498046875 0.028645833333333332 0.01416015625
0 0.5319010416666666 0.669921875 0.031901041666666664 0.02294921875
0 0.6614583333333334 0.4345703125 0.024088541666666668 0.0146484375
0 0.4541015625 0.70361328125 0.0234375 0.01513671875
0 0.2750651041666667 0.7216796875 0.022135416666666668 0.01318359375
0 0.9615885416666666 0.703369140625 0.020833333333333332 0.01513671875
0 0.6341145833333334 0.607421875 0.029947916666666668 0.0205078125
0 0.3138020833333333 0.5263671875 0.024088541666666668 0.01318359375
0 0.029622395833333332 0.718505859375 0.022786458333333332 0.01708984375
0 0.16829427083333334 0.56005859375 0.016927083333333332 0.01123046875
0 0.7132161458333334 0.691162109375 0.032552083333333336 0.0224609375
0 0.8942057291666666 0.73486328125 0.018880208333333332 0.01708984375
0 0.7978515625 0.73876953125 0.026041666666666668 0.013671875
0 0.7164713541666666 0.761474609375 0.018229166666666668 0.013671875
0 0.5481770833333334 0.727783203125 0.018229166666666668 0.01416015625
0 0.5065104166666666 0.7294921875 0.014322916666666666 0.009765625
0 0.22200520833333334 0.6708984375 0.018229166666666668 0.01611328125
0 0.5657552083333334 0.4775390625 0.020182291666666668 0.01123046875
0 0.17805989583333334 0.61669921875 0.018229166666666668 0.0185546875
0 0.6754557291666666 0.76806640625 0.015625 0.0107421875
0 0.22298177083333334 0.585205078125 0.017578125 0.009765625
0 0.7555338541666666 0.59033203125 0.024088541666666668 0.01611328125
0 0.7646484375 0.728515625 0.0234375 0.01318359375
0 0.9264322916666666 0.740966796875 0.026692708333333332 0.0166015625
0 0.6731770833333334 0.590087890625 0.016276041666666668 0.01025390625
0 0.9134114583333334 0.61376953125 0.022786458333333332 0.01123046875
0 0.2138671875 0.411376953125 0.016927083333333332 0.01123046875
0 0.9322916666666666 0.40478515625 0.0234375 0.01123046875
0 0.658203125 0.744384765625 0.029296875 0.01611328125
0 0.3860677083333333 0.7333984375 0.022786458333333332 0.0107421875
0 0.5078125 0.345458984375 0.053385416666666664 0.0361328125
0 0.4635416666666667 0.28173828125 0.020833333333333332 0.0126953125
0 0.7154947916666666 0.33251953125 0.020182291666666668 0.0166015625
0 0.8649088541666666 0.31591796875 0.024088541666666668 0.01416015625
0 0.9498697916666666 0.731689453125 0.016276041666666668 0.01953125
0 0.8072916666666666 0.5693359375 0.031901041666666664 0.0205078125
0 0.681640625 0.67333984375 0.021484375 0.0126953125
0 0.7467447916666666 0.736328125 0.014973958333333334 0.0185546875
0 0.19075520833333334 0.506591796875 0.016927083333333332 0.01953125
0 0.263671875 0.71484375 0.014973958333333334 0.01513671875
0 0.2809244791666667 0.73876953125 0.016276041666666668 0.0185546875
0 0.0026041666666666665 0.72705078125 0.005208333333333333 0.0107421875
0 0.1279296875 0.359375 0.02734375 0.0234375
0 0.3069661458333333 0.4140625 0.013671875 0.01416015625
0 0.5234375 0.4482421875 0.016927083333333332 0.01220703125
0 0.6988932291666666 0.25390625 0.024739583333333332 0.01318359375
0 0.78515625 0.397705078125 0.021484375 0.0166015625
0 0.9837239583333334 0.37255859375 0.026692708333333332 0.021484375
0 0.7776692708333334 0.257568359375 0.033203125 0.0283203125
0 0.7275390625 0.24658203125 0.029947916666666668 0.015625