0 0.48991402116402116 0.43712797619047616 0.05456349206349209 0.04092261904761907
0 0.6254960317460317 0.25483630952380953 0.040674603174603106 0.03546626984126988
0 0.3958333333333333 0.4541170634920635 0.041666666666666664 0.048115079365079305
0 0.24537037037037035 0.49007936507936506 0.05820105820105822 0.03373015873015872
0 0.5471230158730158 0.24466765873015872 0.040674603174603106 0.03199404761904767
0 0.3773148148148148 0.7671130952380952 0.03571428571428573 0.029761904761904656
0 0.2526455026455026 0.8306051587301587 0.04034391534391535 0.03571428571428581
0 0.25165343915343913 0.3649553571428571 0.013227513227513255 0.01215277777777779
0 0.43832671957671954 0.40761408730158727 0.01554232804232806 0.016121031746031744
0 0.37880291005291 0.9107142857142857 0.016865079365079378 0.012400793650793718
0 0.2351190476190476 0.5716765873015873 0.03769841269841271 0.04761904761904767
0 0.35912698412698413 0.5737847222222222 0.02579365079365085 0.02256944444444442
0 0.6325628306878306 0.1931473214285714 0.013280423280423262 0.016024305555555562
0 0.25059854497354495 0.3137549603174603 0.023673941798941778 0.01082589285714286
0 0.20382936507936508 0.4801587301587301 0.01790013227513228 0.014506448412698436
0 0.266765873015873 0.5680704365079365 0.034067460317460295 0.02750000000000008
0 0.2803373015873016 0.6403943452380952 0.01790013227513228 0.015374503968254016
0 0.25565145502645503 0.7055704365079365 0.015300925925925949 0.008010912698412698
0 0.25204365079365076 0.8894047619047618 0.011547619047619065 0.01234126984126993
0 0.4755026455026455 0.5014880952380952 0.011547619047618992 0.009960317460317558
0 0.5837698412698412 0.3545709325396825 0.012126322751322713 0.009744543650793691
0 0.5032605820105819 0.7023883928571428 0.01235449735449734 0.009707341269841185
0 0.4249404761904762 0.19733878968253965 0.01249338624338625 0.010002480158730176