0 0.6175130208333334 0.65869140625 0.016927083333333332 0.01220703125
0 0.5322265625 0.4677734375 0.013671875 0.0166015625
0 0.66015625 0.079345703125 0.031901041666666664 0.029296875
0 0.7236328125 0.47509765625 0.027994791666666668 0.01806640625
0 0.3121744791666667 0.223876953125 0.022786458333333332 0.02294921875
0 0.2522786458333333 0.174560546875 0.018880208333333332 0.017578125
0 0.7320963541666666 0.411376953125 0.018229166666666668 0.01171875
0 0.2874348958333333 0.606201171875 0.020182291666666668 0.01904296875
0 0.5413411458333334 0.2880859375 0.014322916666666666 0.01611328125
0 0.7171223958333334 0.4033203125 0.017578125 0.0126953125
0 0.6458333333333334 0.427734375 0.014973958333333334 0.0146484375
0 0.6708984375 0.395263671875 0.016927083333333332 0.015625
0 0.4072265625 0.251220703125 0.020833333333333332 0.015625
0 0.5579427083333334 0.2158203125 0.022135416666666668 0.01025390625
0 0.3395182291666667 0.165283203125 0.013671875 0.0166015625
0 0.4755859375 0.19677734375 0.018880208333333332 0.01123046875
0 0.2835286458333333 0.05419921875 0.014973958333333334 0.013671875
0 0.3121744791666667 0.037109375 0.014973958333333334 0.009765625
0 0.7265625 0.509765625 0.024739583333333332 0.01904296875