0 0.4244378306878307 0.7251984126984127 0.02876984126984124 0.02777777777777768
0 0.25297619047619047 0.7736855158730158 0.050925925925925895 0.04191468253968256
0 0.4614748677248677 0.20746527777777776 0.04332010582010589 0.046378968253968256
0 0.658234126984127 0.8241567460317459 0.05720899470899473 0.03621031746031744
0 0.6448412698412698 0.28174603174603174 0.024470899470899532 0.02083333333333337
0 0.5200066137566137 0.7310267857142857 0.04199735449735457 0.02951388888888884
0 0.21213624338624337 0.2105654761904762 0.01620370370370372 0.018849206349206338
0 0.5654761904761905 0.1966765873015873 0.02777777777777783 0.022817460317460292
0 0.22718253968253965 0.3881448412698412 0.025132275132275117 0.019345238095238138
0 0.21709656084656084 0.8136160714285714 0.02281746031746031 0.017113095238095344
0 0.2903571428571428 0.1981299603174603 0.050297619047619056 0.035161210317460334
0 0.44295634920634913 0.38950892857142855 0.019510582010582016 0.016121031746031744
0 0.669973544973545 0.224578373015873 0.01984126984126977 0.016121031746031744
0 0.4029431216931217 0.685515873015873 0.020171957671957674 0.016369047619047672
0 0.3751653439153439 0.19357638888888887 0.028108465608465583 0.02554563492063494
0 0.41071428571428564 0.5197172619047619 0.02777777777777783 0.020585317460317443
0 0.29712301587301587 0.634796626984127 0.021494708994708994 0.02157738095238093
0 0.6489748677248677 0.3560267857142857 0.01554232804232806 0.014136904761904767
0 0.2068452380952381 0.48598710317460314 0.025462962962962948 0.01810515873015872
0 0.21180555555555555 0.865079365079365 0.01620370370370372 0.01388888888888884
0 0.26273148148148145 0.578125 0.018187830687830697 0.01835317460317465
0 0.20585317460317457 0.7651289682539683 0.02281746031746031 0.016369047619047672
0 0.660218253968254 0.8813888888888889 0.04265873015873023 0.02243799603174601
0 0.6888227513227513 0.8823164682539683 0.01322751322751318 0.010664682539682557
0 0.6266534391534392 0.29538690476190477 0.011904761904761862 0.012400793650793607
0 0.27579365079365076 0.9135664682539683 0.011904761904761937 0.011656746031746046
0 0.5781051587301588 0.33759176587301587 0.02072089947089954 0.011125992063492074
0 0.6783035714285713 0.38739583333333333 0.04874338624338629 0.04150297619047616
0 0.4982771164021164 0.5074900793650794 0.014130291005291026 0.011125992063492074
0 0.7058531746031745 0.6053323412698411 0.014834656084656098 0.011125992063492074
0 0.6677050264550264 0.8547073412698412 0.04403439153439148 0.032318948412698445
0 0.6528703703703703 0.8377529761904762 0.0214285714285715 0.00900793650793652
0 0.4816765873015873 0.966235119047619 0.01577711640211647 0.009890873015873103
0 0.3452149470899471 0.674298115079365 0.015069444444444505 0.01094990079365088
0 0.23430224867724866 0.5939409722222222 0.018839285714285687 0.01094990079365088
0 0.20510251322751324 0.5749553571428571 0.0094179894179894 0.008301091269841354
0 0.3858366402116402 0.5230332341269841 0.009656084656084621 0.007594246031745966
0 0.23465608465608465 0.4487673611111111 0.009656084656084621 0.009184027777777826
0 0.2285350529100529 0.3369717261904762 0.014834656084656098 0.013067956349206322
0 0.20416335978835976 0.35807787698412696 0.011302910052910065 0.010773809523809574
0 0.5314351851851852 0.8372718253968254 0.015314153439153433 0.010337301587301617
0 0.4194675925925926 0.9198040674603174 0.011097883597883662 0.009987599206349174
0 0.2006712962962963 0.7832415674603175 0.011835317460317482 0.010126488095238084
0 0.5999074074074073 0.6630853174603174 0.013032407407407446 0.009774305555555474
0 0.44183201058201055 0.5901314484126984 0.01583664021164018 0.011877480158730247
0 0.23009920634920636 0.5412624007936507 0.01161706349206352 0.008090277777777821
0 0.41027777777777774 0.4986359126984127 0.014656084656084664 0.00829613095238102
0 0.5379100529100529 0.24548115079365074 0.016041666666666732 0.010163690476190479
0 0.7024603174603173 0.3411011904761904 0.00995701058201052 0.012237103174603137
0 0.5719246031746031 0.4520709325396825 0.011061507936507878 0.008504464285714275
0 0.6666468253968255 0.5353497023809524 0.01410383597883591 0.00954117063492066