0 0.3548177083333333 0.60888671875 0.053385416666666664 0.0380859375
0 0.3147786458333333 0.512451171875 0.027994791666666668 0.025390625
0 0.2763671875 0.79833984375 0.028645833333333332 0.0224609375
0 0.5543619791666666 0.625732421875 0.032552083333333336 0.02978515625
0 0.41015625 0.562744140625 0.048828125 0.025390625
0 0.5179036458333334 0.439453125 0.048177083333333336 0.03369140625
0 0.5485026041666666 0.68505859375 0.032552083333333336 0.02685546875
0 0.4501953125 0.553955078125 0.0390625 0.03369140625
0 0.5224609375 0.545654296875 0.013020833333333334 0.01953125
0 0.2825520833333333 0.59912109375 0.022135416666666668 0.0224609375
0 0.6145833333333334 0.669921875 0.060546875 0.0478515625
0 0.5511067708333334 0.154541015625 0.038411458333333336 0.0322265625
0 0.3850911458333333 0.3525390625 0.037109375 0.0302734375
0 0.6129557291666666 0.535888671875 0.054036458333333336 0.0458984375
0 0.4765625 0.41943359375 0.027994791666666668 0.0263671875
0 0.61328125 0.786865234375 0.030598958333333332 0.029296875
0 0.2679036458333333 0.67578125 0.027994791666666668 0.0185546875
0 0.4768880208333333 0.620361328125 0.031901041666666664 0.02880859375
0 0.3336588541666667 0.346435546875 0.035807291666666664 0.02783203125
0 0.4195963541666667 0.372314453125 0.031901041666666664 0.0244140625
0 0.4534505208333333 0.648193359375 0.024739583333333332 0.02685546875
0 0.6181640625 0.2587890625 0.040364583333333336 0.03173828125
0 0.3759765625 0.52685546875 0.03515625 0.029296875
0 0.3811848958333333 0.66845703125 0.014973958333333334 0.01416015625
0 0.4130859375 0.114013671875 0.024088541666666668 0.0166015625
0 0.3645833333333333 0.437255859375 0.024739583333333332 0.01806640625
0 0.349609375 0.51611328125 0.016927083333333332 0.017578125
0 0.4446614583333333 0.109619140625 0.033203125 0.03076171875
0 0.4254557291666667 0.65283203125 0.017578125 0.01611328125
0 0.404296875 0.701904296875 0.030598958333333332 0.02685546875
0 0.4957682291666667 0.312744140625 0.036458333333333336 0.02783203125
0 0.3948567708333333 0.649658203125 0.022135416666666668 0.021484375
0 0.3483072916666667 0.41650390625 0.033854166666666664 0.03369140625
0 0.3753255208333333 0.0576171875 0.0234375 0.0244140625
0 0.6555989583333334 0.41796875 0.028645833333333332 0.02490234375
0 0.5465494791666666 0.592529296875 0.029947916666666668 0.02294921875
0 0.609375 0.373779296875 0.036458333333333336 0.02294921875
0 0.3372395833333333 0.708740234375 0.042317708333333336 0.03955078125
0 0.3196614583333333 0.1689453125 0.029296875 0.03173828125
0 0.4742838541666667 0.389404296875 0.027994791666666668 0.0283203125
0 0.3043619791666667 0.423828125 0.033203125 0.0244140625
0 0.5804036458333334 0.390625 0.026041666666666668 0.02587890625
0 0.5735677083333334 0.453369140625 0.034505208333333336 0.03125
0 0.6025390625 0.403564453125 0.012369791666666666 0.0126953125
0 0.2897135416666667 0.386962890625 0.03125 0.0302734375
0 0.6715494791666666 0.1103515625 0.013671875 0.01123046875
0 0.2581380208333333 0.06005859375 0.01953125 0.01708984375
0 0.4264322916666667 0.426025390625 0.034505208333333336 0.037109375
0 0.2685546875 0.184814453125 0.040364583333333336 0.01708984375
0 0.6227213541666666 0.39306640625 0.014973958333333334 0.01513671875
0 0.478515625 0.44873046875 0.013671875 0.017578125
0 0.6129557291666666 0.231201171875 0.024088541666666668 0.02001953125
0 0.4309895833333333 0.513427734375 0.013671875 0.01025390625
0 0.6220703125 0.755859375 0.022786458333333332 0.013671875
0 0.6569010416666666 0.36962890625 0.015625 0.013671875
0 0.5748697916666666 0.744140625 0.015625 0.01953125
0 0.2669270833333333 0.47998046875 0.029947916666666668 0.025390625
0 0.2685546875 0.775146484375 0.010416666666666666 0.01123046875
0 0.2874348958333333 0.652587890625 0.016927083333333332 0.01171875
0 0.3834635416666667 0.286376953125 0.018880208333333332 0.01708984375
0 0.2561848958333333 0.230224609375 0.011067708333333334 0.017578125
0 0.3372395833333333 0.210693359375 0.017578125 0.01513671875
0 0.5696614583333334 0.130859375 0.021484375 0.01318359375
0 0.4104817708333333 0.666015625 0.013020833333333334 0.01318359375
0 0.603515625 0.119140625 0.018880208333333332 0.0146484375
0 0.3463541666666667 0.31396484375 0.01171875 0.01171875
0 0.388671875 0.626953125 0.013020833333333334 0.01416015625
0 0.4348958333333333 0.2626953125 0.012369791666666666 0.0126953125
0 0.5992838541666666 0.7353515625 0.01171875 0.01025390625
0 0.3020833333333333 0.118896484375 0.022135416666666668 0.0205078125
0 0.2568359375 0.431396484375 0.013671875 0.01416015625
0 0.6204427083333334 0.0810546875 0.012369791666666666 0.013671875
0 0.6572265625 0.283447265625 0.036458333333333336 0.03125
0 0.5735677083333334 0.79931640625 0.01171875 0.01171875
0 0.5654296875 0.780029296875 0.018229166666666668 0.01123046875
0 0.5911458333333334 0.79931640625 0.011067708333333334 0.01025390625
0 0.3196614583333333 0.693115234375 0.018229166666666668 0.01123046875
0 0.5764973958333334 0.65234375 0.01953125 0.0166015625
0 0.6725260416666666 0.678955078125 0.014322916666666666 0.0107421875
0 0.4993489583333333 0.640869140625 0.011067708333333334 0.01025390625
0 0.537109375 0.577392578125 0.021484375 0.0126953125
0 0.6513671875 0.5537109375 0.040364583333333336 0.0302734375
0 0.6783854166666666 0.52197265625 0.016927083333333332 0.0146484375
0 0.6067708333333334 0.507080078125 0.018229166666666668 0.01123046875
0 0.5358072916666666 0.4599609375 0.026692708333333332 0.0146484375
0 0.4501953125 0.488525390625 0.039713541666666664 0.0224609375
0 0.4498697916666667 0.47021484375 0.033203125 0.0146484375
0 0.3662109375 0.505615234375 0.018229166666666668 0.013671875
0 0.41015625 0.533935546875 0.014973958333333334 0.0126953125
0 0.3372395833333333 0.484619140625 0.013020833333333334 0.01318359375
0 0.2659505208333333 0.52392578125 0.014322916666666666 0.00927734375
0 0.3151041666666667 0.453125 0.018229166666666668 0.009765625
0 0.5592447916666666 0.112548828125 0.024088541666666668 0.01318359375
0 0.6536458333333334 0.23974609375 0.015625 0.0107421875
0 0.6809895833333334 0.215087890625 0.020182291666666668 0.01416015625
0 0.5208333333333334 0.229248046875 0.01171875 0.0087890625
0 0.6383463541666666 0.2001953125 0.014973958333333334 0.01513671875
0 0.5104166666666666 0.404541015625 0.007161458333333333 0.0107421875
0 0.5953776041666666 0.64599609375 0.016927083333333332 0.00927734375
0 0.2604166666666667 0.71435546875 0.009114583333333334 0.0078125
0 0.4186197916666667 0.452880859375 0.011067708333333334 0.0107421875
0 0.4475911458333333 0.075439453125 0.016276041666666668 0.01123046875
0 0.4615885416666667 0.069580078125 0.011067708333333334 0.00927734375
0 0.4036458333333333 0.264404296875 0.016927083333333332 0.0107421875
0 0.3209635416666667 0.58544921875 0.033854166666666664 0.0322265625
0 0.3199869791666667 0.667724609375 0.025390625 0.0146484375
0 0.2991536458333333 0.600830078125 0.009114583333333334 0.009765625
0 0.3815104166666667 0.7744140625 0.01171875 0.01171875