0 0.5045572916666666 0.205322265625 0.041015625 0.02880859375
0 0.7425130208333334 0.22802734375 0.018880208333333332 0.01416015625
0 0.7060546875 0.221435546875 0.018229166666666668 0.017578125
0 0.6487630208333334 0.212646484375 0.022135416666666668 0.01171875
0 0.6328125 0.185791015625 0.016276041666666668 0.00927734375
0 0.6119791666666666 0.179443359375 0.018880208333333332 0.01220703125
0 0.73828125 0.275390625 0.022135416666666668 0.013671875
0 0.7737630208333334 0.322021484375 0.037760416666666664 0.01708984375
0 0.7532552083333334 0.311279296875 0.020182291666666668 0.015625
0 0.6236979166666666 0.34716796875 0.045572916666666664 0.03173828125
0 0.5973307291666666 0.322998046875 0.025390625 0.025390625
0 0.7600911458333334 0.37158203125 0.032552083333333336 0.03173828125
0 0.7314453125 0.352294921875 0.016276041666666668 0.01318359375
0 0.4466145833333333 0.32080078125 0.034505208333333336 0.0341796875
0 0.421875 0.31591796875 0.026692708333333332 0.02099609375
0 0.3079427083333333 0.34521484375 0.029296875 0.0087890625
0 0.296875 0.331298828125 0.015625 0.0146484375
0 0.400390625 0.290283203125 0.015625 0.0185546875
0 0.3421223958333333 0.207275390625 0.01953125 0.0126953125
0 0.4970703125 0.37060546875 0.021484375 0.0166015625
0 0.4609375 0.343505859375 0.022135416666666668 0.013671875
0 0.6826171875 0.41943359375 0.026041666666666668 0.02099609375
0 0.6038411458333334 0.468017578125 0.041666666666666664 0.03759765625
0 0.3759765625 0.418701171875 0.03515625 0.01611328125
0 0.6650390625 0.5205078125 0.033203125 0.02099609375
0 0.7213541666666666 0.544677734375 0.022135416666666668 0.01904296875
0 0.6832682291666666 0.5654296875 0.032552083333333336 0.0263671875
0 0.6461588541666666 0.551513671875 0.046223958333333336 0.01953125
0 0.7506510416666666 0.575927734375 0.022135416666666668 0.01806640625
0 0.806640625 0.662841796875 0.013020833333333334 0.0107421875
0 0.8115234375 0.64892578125 0.016276041666666668 0.01025390625
0 0.7718098958333334 0.644775390625 0.026692708333333332 0.03466796875
0 0.7526041666666666 0.61376953125 0.029296875 0.03125
0 0.7122395833333334 0.614501953125 0.016927083333333332 0.01416015625
0 0.6559244791666666 0.681396484375 0.038411458333333336 0.0322265625
0 0.6559244791666666 0.65185546875 0.018880208333333332 0.02294921875
0 0.69140625 0.6787109375 0.026041666666666668 0.01416015625
0 0.5338541666666666 0.6171875 0.037760416666666664 0.03076171875
0 0.4095052083333333 0.541259765625 0.025390625 0.0283203125
0 0.4173177083333333 0.5751953125 0.024739583333333332 0.0302734375
0 0.380859375 0.546630859375 0.028645833333333332 0.02197265625
0 0.4453125 0.420654296875 0.018880208333333332 0.01611328125
0 0.3369140625 0.492431640625 0.016927083333333332 0.01171875
0 0.443359375 0.66845703125 0.034505208333333336 0.033203125
0 0.4293619791666667 0.64306640625 0.021484375 0.01904296875
0 0.8264973958333334 0.82275390625 0.0234375 0.0224609375
0 0.8212890625 0.80419921875 0.03125 0.01806640625
0 0.8297526041666666 0.882568359375 0.025390625 0.01171875
0 0.7822265625 0.875732421875 0.0390625 0.03271484375
0 0.7682291666666666 0.89111328125 0.041015625 0.03125
0 0.7135416666666666 0.906005859375 0.032552083333333336 0.01611328125
0 0.6181640625 0.877197265625 0.01953125 0.017578125
0 0.5787760416666666 0.87841796875 0.01171875 0.013671875
0 0.5501302083333334 0.897216796875 0.029296875 0.0263671875
0 0.4606119791666667 0.92529296875 0.01953125 0.0166015625
0 0.4244791666666667 0.89599609375 0.021484375 0.01806640625
0 0.3310546875 0.91259765625 0.025390625 0.01806640625
0 0.3736979166666667 0.880615234375 0.025390625 0.01904296875
0 0.3440755208333333 0.869140625 0.022135416666666668 0.01416015625
0 0.4498697916666667 0.825927734375 0.03125 0.02099609375
0 0.3981119791666667 0.76806640625 0.020182291666666668 0.02392578125
0 0.3675130208333333 0.772216796875 0.024739583333333332 0.0302734375
0 0.4391276041666667 0.758544921875 0.037760416666666664 0.0234375
0 0.5579427083333334 0.543701171875 0.022135416666666668 0.0146484375
0 0.5279947916666666 0.5478515625 0.015625 0.01708984375
0 0.388671875 0.212158203125 0.01953125 0.01025390625
0 0.7493489583333334 0.436767578125 0.013020833333333334 0.01025390625
0 0.7366536458333334 0.429443359375 0.014322916666666666 0.01416015625
0 0.6669921875 0.361328125 0.013020833333333334 0.01171875
0 0.7054036458333334 0.378173828125 0.018229166666666668 0.01123046875
0 0.6669921875 0.3193359375 0.013020833333333334 0.01318359375
0 0.7102864583333334 0.327880859375 0.025390625 0.0146484375
0 0.6712239583333334 0.275146484375 0.014322916666666666 0.01123046875
0 0.6149088541666666 0.284423828125 0.04296875 0.02490234375
0 0.75390625 0.26171875 0.016927083333333332 0.013671875
0 0.7428385416666666 0.2626953125 0.015625 0.0068359375
0 0.6741536458333334 0.263427734375 0.013020833333333334 0.009765625
0 0.6953125 0.29052734375 0.008463541666666666 0.009765625
0 0.6350911458333334 0.319091796875 0.01171875 0.00927734375
0 0.5550130208333334 0.2451171875 0.015625 0.01123046875
0 0.5712890625 0.2470703125 0.014973958333333334 0.0107421875
0 0.4134114583333333 0.23681640625 0.014322916666666666 0.0087890625
0 0.4137369791666667 0.225341796875 0.009114583333333334 0.0078125
0 0.2854817708333333 0.217041015625 0.012369791666666666 0.00927734375
0 0.3056640625 0.306396484375 0.013020833333333334 0.0107421875
0 0.3837890625 0.335693359375 0.013020833333333334 0.01025390625
0 0.4231770833333333 0.3369140625 0.011067708333333334 0.00927734375
0 0.3131510416666667 0.431640625 0.01953125 0.01708984375
0 0.3997395833333333 0.44091796875 0.017578125 0.01123046875
0 0.431640625 0.417724609375 0.012369791666666666 0.009765625
0 0.5100911458333334 0.40625 0.012369791666666666 0.0087890625
0 0.5530598958333334 0.4326171875 0.013020833333333334 0.00927734375
0 0.3557942708333333 0.48974609375 0.041015625 0.0341796875
0 0.4895833333333333 0.538330078125 0.013020833333333334 0.01318359375
0 0.5126953125 0.55126953125 0.011067708333333334 0.0078125
0 0.5139973958333334 0.5693359375 0.013671875 0.0078125
0 0.4944661458333333 0.5595703125 0.014322916666666666 0.0107421875
0 0.4306640625 0.5498046875 0.022786458333333332 0.01025390625
0 0.4889322916666667 0.66796875 0.01171875 0.01123046875
0 0.4957682291666667 0.685302734375 0.016276041666666668 0.00927734375
0 0.515625 0.6796875 0.017578125 0.01220703125
0 0.5556640625 0.6416015625 0.011067708333333334 0.01123046875
0 0.4072265625 0.70068359375 0.017578125 0.009765625
0 0.3079427083333333 0.68505859375 0.013020833333333334 0.01318359375
0 0.3388671875 0.737060546875 0.014973958333333334 0.013671875
0 0.4134114583333333 0.74658203125 0.013020833333333334 0.013671875
0 0.4671223958333333 0.74609375 0.016276041666666668 0.0087890625
0 0.5237630208333334 0.722900390625 0.024088541666666668 0.0146484375
0 0.5559895833333334 0.701171875 0.018880208333333332 0.01123046875
0 0.5836588541666666 0.69580078125 0.01171875 0.01123046875
0 0.6236979166666666 0.66845703125 0.014322916666666666 0.01171875
0 0.6223958333333334 0.688720703125 0.010416666666666666 0.0078125
0 0.677734375 0.718994140625 0.025390625 0.013671875
0 0.6962890625 0.74169921875 0.010416666666666666 0.01220703125
0 0.7454427083333334 0.717041015625 0.009114583333333334 0.00634765625
0 0.7874348958333334 0.801025390625 0.012369791666666666 0.0107421875
0 0.7340494791666666 0.804931640625 0.013020833333333334 0.01171875
0 0.673828125 0.771728515625 0.017578125 0.0078125
0 0.6656901041666666 0.793701171875 0.020182291666666668 0.01123046875
0 0.6256510416666666 0.767333984375 0.013671875 0.0087890625
0 0.6337890625 0.777099609375 0.018880208333333332 0.0078125
0 0.5712890625 0.792724609375 0.01953125 0.015625
0 0.4921875 0.767578125 0.014322916666666666 0.01171875
0 0.4602864583333333 0.80322265625 0.025390625 0.01025390625
0 0.6315104166666666 0.830322265625 0.011067708333333334 0.01220703125
0 0.693359375 0.785400390625 0.039713541666666664 0.04052734375
0 0.375 0.80224609375 0.018880208333333332 0.017578125
0 0.3271484375 0.82177734375 0.0234375 0.0205078125
0 0.3551432291666667 0.8564453125 0.016276041666666668 0.00927734375
0 0.408203125 0.912109375 0.020182291666666668 0.00927734375
0 0.3981119791666667 0.958740234375 0.017578125 0.01025390625
0 0.6100260416666666 0.919921875 0.016276041666666668 0.0166015625
0 0.7220052083333334 0.857177734375 0.014322916666666666 0.01123046875
0 0.8147786458333334 0.84521484375 0.016927083333333332 0.013671875
0 0.6689453125 0.599853515625 0.015625 0.0126953125
0 0.7786458333333334 0.614990234375 0.01171875 0.00927734375
0 0.7972005208333334 0.57470703125 0.01171875 0.01171875
0 0.7789713541666666 0.569091796875 0.010416666666666666 0.0087890625
0 0.6956380208333334 0.503173828125 0.021484375 0.01416015625
0 0.6497395833333334 0.483642578125 0.01171875 0.00927734375
0 0.7073567708333334 0.474365234375 0.013020833333333334 0.0126953125
0 0.697265625 0.462158203125 0.018880208333333332 0.01171875
0 0.5686848958333334 0.501220703125 0.009114583333333334 0.0126953125
0 0.5777994791666666 0.51513671875 0.016927083333333332 0.01220703125
0 0.60546875 0.515869140625 0.016276041666666668 0.00830078125
0 0.53125 0.513671875 0.013020833333333334 0.0107421875
0 0.419921875 0.5029296875 0.009765625 0.00732421875
0 0.7692057291666666 0.396728515625 0.014973958333333334 0.01123046875
0 0.5944010416666666 0.345703125 0.013671875 0.013671875
0 0.5986328125 0.232666015625 0.013671875 0.01416015625
0 0.71875 0.17333984375 0.010416666666666666 0.0107421875
0 0.5667317708333334 0.845947265625 0.028645833333333332 0.025390625
0 0.337890625 0.279541015625 0.012369791666666666 0.01171875
0 0.5657552083333334 0.466796875 0.015625 0.0126953125
0 0.734375 0.59765625 0.015625 0.013671875
0 0.7828776041666666 0.777099609375 0.017578125 0.01416015625
0 0.7412109375 0.919189453125 0.016927083333333332 0.0205078125
0 0.7880859375 0.8408203125 0.013671875 0.0107421875
0 0.7763671875 0.8369140625 0.013671875 0.01171875
0 0.3720703125 0.859619140625 0.013671875 0.0126953125
0 0.4163411458333333 0.67431640625 0.016927083333333332 0.01318359375
0 0.3880208333333333 0.624755859375 0.022786458333333332 0.0234375
0 0.3154296875 0.587158203125 0.022135416666666668 0.0146484375
0 0.3499348958333333 0.587646484375 0.01171875 0.0166015625
0 0.7294921875 0.771240234375 0.018229166666666668 0.01220703125
0 0.7897135416666666 0.89697265625 0.015625 0.01025390625
0 0.6966145833333334 0.619140625 0.009114583333333334 0.00927734375
0 0.380859375 0.464599609375 0.012369791666666666 0.02001953125
0 0.7516276041666666 0.251708984375 0.011067708333333334 0.0107421875
0 0.4967447916666667 0.19140625 0.014973958333333334 0.0107421875