0 0.5793220899470899 0.24301339285714285 0.044358465608465604 0.036510416666666656
0 0.44876653439153436 0.8677430555555554 0.029050925925925952 0.023603670634920526
0 0.7078339947089947 0.5844618055555556 0.03698743386243386 0.025830853174603208
0 0.6798148148148148 0.29325396825396827 0.028399470899470813 0.02560763888888884
0 0.6003472222222223 0.9360615079365079 0.03420304232804231 0.028035714285714386
0 0.4847387566137566 0.8665178571428571 0.02891865079365082 0.029685019841269922
0 0.33606812169312167 0.29537946428571427 0.05805224867724871 0.03595734126984129
0 0.26204034391534387 0.4645262896825397 0.04168320105820104 0.029060019841269824
0 0.5880059523809523 0.7546031746031745 0.03315476190476193 0.023869047619047512
0 0.701954365079365 0.3634722222222222 0.013240740740740739 0.0163963293650794
0 0.34131283068783075 0.33136656746031745 0.035949074074073994 0.027095734126984072
0 0.620515873015873 0.8367063492063491 0.030284391534391553 0.020535714285714324
0 0.7228273809523809 0.7523214285714286 0.024880952380952337 0.023826884920634894
0 0.5852314814814815 0.39495287698412695 0.0347453703703704 0.024201388888888897
0 0.262579365079365 0.8050446428571428 0.03786375661375659 0.03133432539682546
0 0.528422619047619 0.4933928571428571 0.01912367724867729 0.02197172619047616
0 0.5795238095238094 0.33310515873015867 0.021464947089947135 0.01537202380952385
0 0.6230158730158729 0.7524479166666665 0.03021825396825391 0.028018353174603217
0 0.5036673280423279 0.4582961309523809 0.03208333333333332 0.02390376984126985
0 0.22965608465608464 0.41235863095238096 0.03399801587301584 0.02074156746031741
0 0.29005291005291006 0.44193700396825397 0.041954365079365084 0.02889880952380952
0 0.32549603174603164 0.38116071428571424 0.03761243386243388 0.03863095238095238
0 0.36274801587301586 0.4473611111111111 0.016636904761904752 0.012621527777777808
0 0.3750462962962963 0.471780753968254 0.020975529100529133 0.0126364087301587
0 0.4213392857142857 0.3415600198412698 0.023869047619047585 0.015850694444444424
0 0.5338161375661375 0.3230952380952381 0.01446759259259256 0.0093030753968254
0 0.5714285714285714 0.31822668650793645 0.024593253968253997 0.021262400793650826
0 0.6625661375661376 0.33613343253968253 0.021699735449735396 0.023442460317460334
0 0.7113921957671957 0.27589781746031744 0.031104497354497457 0.01689484126984131
0 0.6155522486772487 0.24388392857142857 0.04773809523809517 0.037497519841269866
0 0.5457506613756613 0.2343849206349206 0.03544312169312169 0.02392361111111113
0 0.3826388888888888 0.2992361111111111 0.05063161375661377 0.033194444444444415
0 0.2864384920634921 0.34616319444444443 0.013019179894179889 0.008782242063492096
0 0.41518849206349207 0.9250595238095238 0.033273809523809504 0.03058779761904762
0 0.6770337301587301 0.8569618055555555 0.02893187830687823 0.031103670634920588
0 0.5697222222222221 0.4656845238095238 0.03557870370370372 0.024129464285714275
0 0.307906746031746 0.6045262896825396 0.011378968253968225 0.008799603174603154
0 0.2612103174603174 0.7294196428571428 0.025482804232804208 0.024055059523809597
0 0.35596560846560843 0.8003472222222222 0.017182539682539726 0.011068948412698454
0 0.3023280423280423 0.6538913690476189 0.019603174603174622 0.017512400793650684
0 0.4493650793650794 0.6155629960317459 0.017182539682539726 0.010902777777777706
0 0.5847222222222223 0.5329588293650793 0.017843915343915384 0.0218080357142858
0 0.5090806878306878 0.24295634920634918 0.02578703703703707 0.016922123015873036
0 0.23691137566137563 0.2334375 0.010072751322751353 0.008762400793650815
0 0.2819378306878307 0.19732638888888887 0.012691798941798949 0.011483134920634908
0 0.3157837301587301 0.32968253968253963 0.013902116402116397 0.022058531746031784
0 0.7010681216931217 0.3316468253968254 0.016517857142857178 0.011180555555555527
0 0.7089252645502645 0.30943700396825397 0.01772817460317455 0.01480654761904765
0 0.6265277777777777 0.3342906746031746 0.012893518518518535 0.009821428571428537
0 0.672662037037037 0.321297123015873 0.011683201058201162 0.00800843253968253
0 0.6888789682539683 0.339578373015873 0.01591600529100538 0.009821428571428537
0 0.7126521164021163 0.3442633928571428 0.009467592592592666 0.009216269841269886
0 0.7253439153439153 0.3459250992063492 0.008664021164021207 0.00770585317460315
0 0.6308597883597883 0.2969717261904762 0.014705687830687856 0.010124007936507917
0 0.6228009259259258 0.37901537698412696 0.015512566137566205 0.018886408730158677
0 0.5593419312169312 0.40817460317460313 0.01671957671957669 0.011331845238095273
0 0.4682837301587301 0.4113492063492063 0.01591600529100523 0.011331845238095273
0 0.5330522486772487 0.45070684523809523 0.020548941798941733 0.016922123015873036
0 0.5516865079365079 0.48168154761904763 0.0114814814814815 0.010275297619047663
0 0.577172619047619 0.525875496031746 0.009265873015873005 0.010124007936507917
0 0.559454365079365 0.899858630952381 0.01664682539682542 0.012266865079365141
0 0.536087962962963 0.8222048611111111 0.01606481481481481 0.013363095238095202
0 0.7224272486772486 0.8258209325396825 0.017232142857142918 0.01139136904761906
0 0.5324371693121692 0.7626240079365079 0.01518849206349208 0.009419642857142918
0 0.7247652116402117 0.6579166666666666 0.01431216931216935 0.012485119047618953
0 0.728561507936508 0.6710615079365079 0.01664682539682527 0.012485119047618953
0 0.5616435185185186 0.6181597222222222 0.012850529100529121 0.014020337301587249
0 0.35486111111111107 0.9605357142857143 0.018693783068783 0.010513392857142811
0 0.3601190476190476 0.877735615079365 0.015770502645502688 0.01489583333333333
0 0.3670899470899471 0.7167286706349205 0.018925264550264515 0.012904265873015852
0 0.32333994708994707 0.6205009920634921 0.014011243386243377 0.01437996031746036
0 0.386875 0.6088864087301588 0.012288359788359848 0.013273809523809632
0 0.41796957671957674 0.6065823412698412 0.013025793650793668 0.009402281746031749
0 0.40113095238095237 0.421500496031746 0.011798941798941845 0.008663194444444411
0 0.3415277777777777 0.2784499007936508 0.011550925925925881 0.00976934523809525
0 0.4222685185185185 0.27375 0.011306216931216953 0.007743055555555545
0 0.7158664021164022 0.23301091269841268 0.014011243386243303 0.011428571428571455
0 0.7200462962962964 0.212547123015873 0.014011243386243303 0.011428571428571399
0 0.7180787037037035 0.19614087301587302 0.013025793650793519 0.007003968253968262
0 0.40666335978835977 0.5457490079365079 0.014500661375661306 0.00976934523809514
0 0.27147817460317464 0.8812549603174602 0.011061507936507953 0.008663194444444411
0 0.6636375661375661 0.8194990079365079 0.020155423280423374 0.01013888888888892
0 0.7199239417989419 0.5613268849206349 0.01032407407407406 0.009955357142857224
0 0.71119708994709 0.24821924603174603 0.014011243386243303 0.008296130952380965
0 0.5296130952380952 0.2909474206349206 0.01147817460317461 0.011478174603174573
0 0.49734788359788357 0.48529761904761903 0.013773148148148154 0.009563492063492052
0 0.3407473544973545 0.7882961309523808 0.015813492063492102 0.014920634920635
0 0.3029993386243386 0.7640029761904762 0.022443783068783068 0.013772321428571432
0 0.3628075396825397 0.653343253968254 0.01147817460317461 0.010902777777777706
0 0.2607903439153439 0.562767857142857 0.010965608465608456 0.008799603174603154