0 0.17350260416666666 0.3388671875 0.029947916666666668 0.01904296875
0 0.6009114583333334 0.566650390625 0.054036458333333336 0.03515625
0 0.2708333333333333 0.3388671875 0.021484375 0.01416015625
0 0.2877604166666667 0.497802734375 0.052734375 0.03857421875
0 0.08365885416666667 0.437744140625 0.04296875 0.0302734375
0 0.0302734375 0.570068359375 0.037109375 0.02490234375
0 0.4713541666666667 0.44921875 0.03515625 0.02197265625
0 0.2255859375 0.6337890625 0.053385416666666664 0.04638671875
0 0.6761067708333334 0.511474609375 0.039713541666666664 0.02392578125
0 0.5309244791666666 0.429443359375 0.040364583333333336 0.02294921875
0 0.5966796875 0.530517578125 0.022786458333333332 0.0166015625
0 0.016927083333333332 0.361083984375 0.033854166666666664 0.02294921875
0 0.22819010416666666 0.36865234375 0.052734375 0.0380859375
0 0.7955729166666666 0.438720703125 0.036458333333333336 0.0234375
0 0.056315104166666664 0.650634765625 0.021484375 0.01904296875
0 0.22298177083333334 0.457763671875 0.051432291666666664 0.0302734375
0 0.4078776041666667 0.6357421875 0.018229166666666668 0.0146484375
0 0.701171875 0.619384765625 0.039713541666666664 0.0244140625
0 0.014973958333333334 0.52099609375 0.018880208333333332 0.01220703125
0 0.3525390625 0.53564453125 0.015625 0.01806640625
0 0.666015625 0.5771484375 0.028645833333333332 0.017578125
0 0.21744791666666666 0.337646484375 0.026041666666666668 0.0205078125
0 0.09016927083333333 0.695556640625 0.016276041666666668 0.01318359375
0 0.6767578125 0.416748046875 0.040364583333333336 0.03271484375
0 0.697265625 0.588623046875 0.0390625 0.02392578125
0 0.3033854166666667 0.540771484375 0.013671875 0.0107421875
0 0.009765625 0.339111328125 0.01953125 0.01806640625
0 0.23828125 0.485107421875 0.018880208333333332 0.01806640625
0 0.578125 0.347900390625 0.034505208333333336 0.02734375
0 0.2685546875 0.55126953125 0.016927083333333332 0.01318359375
0 0.306640625 0.391357421875 0.020833333333333332 0.01416015625
0 0.4423828125 0.663818359375 0.021484375 0.017578125
0 0.7119140625 0.428466796875 0.018229166666666668 0.01025390625
0 0.6695963541666666 0.356689453125 0.016927083333333332 0.02001953125
0 0.80078125 0.68408203125 0.024739583333333332 0.01171875
0 0.5485026041666666 0.55859375 0.03125 0.02587890625
0 0.1787109375 0.567138671875 0.012369791666666666 0.01123046875
0 0.3802083333333333 0.692138671875 0.017578125 0.0107421875
0 0.580078125 0.366455078125 0.017578125 0.0087890625
0 0.7942708333333334 0.403076171875 0.013671875 0.009765625
0 0.4384765625 0.686279296875 0.018229166666666668 0.009765625
0 0.7138671875 0.341552734375 0.014322916666666666 0.0107421875
0 0.3444010416666667 0.68212890625 0.020182291666666668 0.01611328125
0 0.13248697916666666 0.34912109375 0.015625 0.009765625
0 0.140625 0.689208984375 0.018229166666666668 0.0107421875
0 0.7708333333333334 0.39013671875 0.011067708333333334 0.0126953125
0 0.7350260416666666 0.4755859375 0.016927083333333332 0.0087890625
0 0.007161458333333333 0.324951171875 0.014322916666666666 0.00927734375
0 0.4716796875 0.685546875 0.021484375 0.0087890625
0 0.044270833333333336 0.4521484375 0.015625 0.0107421875
0 0.8203125 0.595947265625 0.01953125 0.017578125
0 0.7317708333333334 0.520263671875 0.013020833333333334 0.0087890625
0 0.6455078125 0.486328125 0.020182291666666668 0.00830078125
0 0.6901041666666666 0.635498046875 0.012369791666666666 0.009765625
0 0.6057942708333334 0.4638671875 0.013020833333333334 0.01513671875
0 0.541015625 0.403076171875 0.012369791666666666 0.00927734375
0 0.40625 0.36376953125 0.015625 0.0126953125
0 0.298828125 0.380126953125 0.01953125 0.0146484375
0 0.3391927083333333 0.341552734375 0.011067708333333334 0.00830078125
0 0.2177734375 0.352783203125 0.011067708333333334 0.01171875
0 0.1953125 0.385986328125 0.020182291666666668 0.02490234375
0 0.20833333333333334 0.332275390625 0.0078125 0.01123046875
0 0.0478515625 0.585205078125 0.013671875 0.01123046875
0 0.1875 0.631591796875 0.013020833333333334 0.009765625
0 0.1962890625 0.650634765625 0.013671875 0.01513671875
0 0.3043619791666667 0.611083984375 0.014322916666666666 0.01513671875
0 0.279296875 0.577392578125 0.013671875 0.01171875
0 0.2548828125 0.559326171875 0.016276041666666668 0.0126953125
0 0.3528645833333333 0.58544921875 0.01171875 0.00830078125
0 0.5361328125 0.555908203125 0.01171875 0.013671875
0 0.5367838541666666 0.473388671875 0.014322916666666666 0.01025390625
0 0.6279296875 0.408203125 0.014973958333333334 0.01318359375
0 0.7164713541666666 0.67041015625 0.014322916666666666 0.0126953125