0 0.904265873015873 0.37549603174603174 0.06051587301587288 0.04613095238095233
0 0.683366402116402 0.28794642857142855 0.040674603174603106 0.04067460317460314
0 0.5922619047619048 0.3526785714285714 0.056216931216931165 0.05109126984126988
0 0.701223544973545 0.5042162698412698 0.016865079365079378 0.01835317460317465
0 0.7083333333333334 0.6344246031746031 0.0443121693121693 0.03373015873015883
0 0.3587962962962963 0.0716765873015873 0.06878306878306883 0.0669642857142857
0 0.492228835978836 0.042534722222222224 0.06646825396825395 0.055803571428571425
0 0.3030753968253968 0.45374503968253965 0.05456349206349209 0.04489087301587302
0 0.4991732804232804 0.5716765873015873 0.04199735449735457 0.0401785714285714
0 0.8293650793650794 0.5534474206349206 0.04298941798941799 0.04786706349206349
0 0.28984788359788355 0.8343253968253967 0.020171957671957674 0.016865079365079305
0 0.7217261904761904 0.11160714285714285 0.07572751322751319 0.052083333333333315
0 0.40327380952380953 0.1786954365079365 0.04530423280423287 0.04141865079365081
0 0.12136243386243385 0.484375 0.0595238095238095 0.054067460317460236
0 0.15492724867724864 0.22891865079365079 0.04001322751322752 0.04017857142857145
0 0.4912367724867725 0.4868551587301587 0.018187830687830697 0.014880952380952328
0 0.8563161375661376 0.3663194444444444 0.02876984126984124 0.021329365079365115
0 0.3229166666666667 0.5710565476190476 0.029431216931216902 0.02703373015873023
0 0.8394510582010581 0.6116071428571428 0.024801587301587286 0.019345238095238138
0 0.48677248677248675 0.3506944444444444 0.021164021164021236 0.015873015873015817
0 0.46577380952380953 0.822296626984127 0.024801587301587286 0.021081349206349298
0 0.14434523809523808 0.7372271825396824 0.015542328042328024 0.015625
0 0.13128306878306878 0.33891369047619047 0.025793650793650813 0.013640873015873023
0 0.9006283068783069 0.7573164682539683 0.051256613756613646 0.042906746031746046
0 0.7409060846560847 0.06919642857142856 0.020171957671957525 0.014880952380952384
0 0.5162037037037036 0.1345486111111111 0.03835978835978837 0.03249007936507936
0 0.7838955026455027 0.22110615079365079 0.019510582010582016 0.015625
0 0.6999007936507936 0.010416666666666666 0.0479497354497355 0.020833333333333332
0 0.5011574074074073 0.8306051587301587 0.016865079365079378 0.014384920634920695
0 0.5681216931216931 0.7836061507936507 0.0145502645502645 0.014136904761904656
0 0.75760582010582 0.734375 0.0145502645502645 0.012896825396825351
0 0.4515542328042328 0.8043154761904762 0.01752645502645504 0.01140873015873023
0 0.23197751322751323 0.587673611111111 0.030753968253968218 0.02256944444444442
0 0.17328042328042326 0.011036706349206348 0.04365079365079364 0.022073412698412696
0 0.1906415343915344 0.8402777777777777 0.05456349206349209 0.03373015873015883
0 0.25512566137566134 0.9296875 0.01752645502645504 0.012648809523809534
0 0.46296296296296297 0.34424603174603174 0.023148148148148213 0.01835317460317465
0 0.7250330687830687 0.5913938492063492 0.010251322751322789 0.014136904761904656
0 0.39666005291005285 0.5824652777777778 0.018849206349206355 0.017609126984126977
0 0.8756613756613757 0.564236111111111 0.015873015873015817 0.01388888888888884
0 0.45238095238095233 0.6693948412698413 0.023148148148148213 0.021825396825396748
0 0.927414021164021 0.6954365079365079 0.024801587301587286 0.02083333333333326
0 0.8748346560846559 0.28794642857142855 0.01884920634920621 0.013392857142857095
0 0.36326058201058203 0.154265873015873 0.02876984126984124 0.023313492063492036
0 0.5289351851851851 0.6656746031746031 0.014219576719576743 0.014384920634920695
0 0.16253306878306875 0.9166666666666666 0.019510582010582016 0.016369047619047672
0 0.06663359788359788 0.05319940476190476 0.018849206349206338 0.01860119047619048
0 0.7002314814814814 0.7544642857142857 0.012896825396825426 0.012896825396825351
0 0.6357473544973545 0.32167658730158727 0.021494708994708994 0.011408730158730118
0 0.4515542328042328 0.8446180555555555 0.014880952380952403 0.014136904761904656
0 0.17840608465608465 0.2622767857142857 0.018187830687830697 0.01661706349206349
0 0.2169312169312169 0.6192956349206349 0.020502645502645505 0.011904761904761862
0 0.26901455026455023 0.6217757936507936 0.02281746031746031 0.014384920634920695
0 0.8645833333333334 0.24305555555555555 0.01554232804232806 0.01339285714285715
0 0.3776455026455026 0.6109871031746031 0.015211640211640157 0.010664682539682557
0 0.8647486772486772 0.13268849206349206 0.01984126984126977 0.015376984126984128
0 0.6549272486772486 0.32589285714285715 0.018187830687830697 0.014880952380952328
0 0.06994047619047618 0.25049603174603174 0.02876984126984128 0.031746031746031744
0 0.39616402116402116 0.24677579365079363 0.015211640211640157 0.01339285714285715
0 0.43452380952380953 0.6010664682539683 0.01322751322751318 0.015625
0 0.9508928571428571 0.1814236111111111 0.018187830687830697 0.015128968253968256
0 0.1888227513227513 0.5481150793650793 0.02182539682539682 0.016865079365079305
0 0.3126653439153439 0.8382936507936507 0.013558201058201083 0.014880952380952328
0 0.529265873015873 0.16604662698412698 0.02414021164021163 0.020585317460317443
0 0.7716600529100529 0.6029265873015872 0.014219576719576743 0.015873015873015817
0 0.6471560846560847 0.9215029761904762 0.017857142857142794 0.012648809523809534
0 0.2486772486772487 0.6741071428571428 0.012566137566137595 0.015376984126984183
0 0.9391534391534391 0.14347718253968253 0.015211640211640306 0.013144841269841279
0 0.6532738095238094 0.18464781746031744 0.018187830687830697 0.014136904761904767
0 0.17807539682539683 0.562375992063492 0.018187830687830697 0.012648809523809534
0 0.9422949735449735 0.30183531746031744 0.01554232804232806 0.01388888888888884
0 0.447255291005291 0.08990575396825397 0.016865079365079378 0.011656746031746018
0 0.4874338624338624 0.4663938492063492 0.01388888888888884 0.011160714285714302
0 0.5273247354497355 0.041567460317460315 0.018716931216931226 0.018645833333333334
0 0.5198677248677248 0.06437996031746031 0.0254464285714285 0.01381944444444444
0 0.9515542328042327 0.36061507936507936 0.050598544973545025 0.05089037698412702
0 0.5501355820105819 0.1713144841269841 0.018716931216931226 0.0201810515873016
0 0.13263558201058198 0.46272569444444445 0.02369047619047619 0.014258432539682508
0 0.21145502645502645 0.602562003968254 0.027493386243386226 0.018864087301587285
0 0.12210648148148147 0.7978968253968253 0.016669973544973533 0.016889880952380976
0 0.8565013227513227 0.682296626984127 0.018425925925925846 0.014697420634920633
0 0.7923015873015872 0.6661755952380952 0.012867063492063421 0.011845238095238075
0 0.7593981481481481 0.665625 0.018425925925925846 0.015136408730158646
0 0.6565972222222222 0.64796875 0.021058201058200925 0.013598710317460405
0 0.43709656084656084 0.6604712301587301 0.021349206349206302 0.015793650793650693
0 0.5048048941798942 0.5471750992063492 0.019887566137566075 0.014697420634920633