0 0.6666666666666666 0.34521484375 0.02734375 0.02099609375
0 0.5074869791666666 0.685302734375 0.033854166666666664 0.02197265625
0 0.6468098958333334 0.587890625 0.022135416666666668 0.0166015625
0 0.7405598958333334 0.474365234375 0.03125 0.02001953125
0 0.3720703125 0.523193359375 0.041015625 0.0283203125
0 0.552734375 0.40771484375 0.044921875 0.0322265625
0 0.8824869791666666 0.56640625 0.025390625 0.02392578125
0 0.380859375 0.697509765625 0.055338541666666664 0.03564453125
0 0.8391927083333334 0.632568359375 0.031901041666666664 0.02099609375
0 0.666015625 0.454345703125 0.024088541666666668 0.0166015625
0 0.6025390625 0.6259765625 0.020182291666666668 0.0146484375
0 0.4967447916666667 0.547607421875 0.036458333333333336 0.01708984375
0 0.73828125 0.619873046875 0.028645833333333332 0.01904296875
0 0.3004557291666667 0.6708984375 0.06640625 0.04052734375
0 0.8193359375 0.53955078125 0.04296875 0.0302734375
0 0.6741536458333334 0.545166015625 0.020182291666666668 0.0166015625
0 0.03515625 0.435791015625 0.042317708333333336 0.02783203125
0 0.017903645833333332 0.560791015625 0.035807291666666664 0.02001953125
0 0.021484375 0.547607421875 0.027994791666666668 0.015625
0 0.14973958333333334 0.61767578125 0.029947916666666668 0.01416015625
0 0.140625 0.597900390625 0.014322916666666666 0.01171875
0 0.14973958333333334 0.693359375 0.017578125 0.01220703125
0 0.11067708333333333 0.69580078125 0.022135416666666668 0.01904296875
0 0.1943359375 0.71142578125 0.032552083333333336 0.01220703125
0 0.4612630208333333 0.7060546875 0.036458333333333336 0.0302734375
0 0.4404296875 0.36669921875 0.03515625 0.0224609375
0 0.4853515625 0.400146484375 0.018229166666666668 0.0126953125
0 0.4755859375 0.37060546875 0.014973958333333334 0.0107421875
0 0.4602864583333333 0.452880859375 0.014322916666666666 0.009765625
0 0.4573567708333333 0.50341796875 0.017578125 0.01611328125
0 0.4446614583333333 0.447265625 0.011067708333333334 0.00732421875
0 0.09375 0.54150390625 0.08203125 0.04248046875
0 0.052083333333333336 0.52734375 0.031901041666666664 0.01513671875
0 0.09440104166666667 0.46875 0.018229166666666668 0.01220703125
0 0.208984375 0.447021484375 0.024088541666666668 0.02490234375
0 0.14908854166666666 0.41943359375 0.016927083333333332 0.01416015625
0 0.5944010416666666 0.680419921875 0.01953125 0.02001953125
0 0.7138671875 0.56298828125 0.016927083333333332 0.01513671875
0 0.7333984375 0.505615234375 0.013671875 0.0146484375
0 0.7314453125 0.5322265625 0.012369791666666666 0.01318359375
0 0.7447916666666666 0.53173828125 0.013671875 0.01513671875
0 0.7819010416666666 0.638671875 0.018880208333333332 0.013671875
0 0.830078125 0.673095703125 0.016276041666666668 0.0107421875
0 0.837890625 0.57666015625 0.020182291666666668 0.015625
0 0.8193359375 0.49462890625 0.020833333333333332 0.01220703125
0 0.8264973958333334 0.504638671875 0.016927083333333332 0.0078125
0 0.8662109375 0.494873046875 0.018229166666666668 0.01318359375
0 0.8912760416666666 0.3779296875 0.022786458333333332 0.0166015625
0 0.8658854166666666 0.66552734375 0.024739583333333332 0.0185546875
0 0.9055989583333334 0.56005859375 0.014322916666666666 0.01171875
0 0.8655598958333334 0.646240234375 0.020833333333333332 0.01123046875
0 0.638671875 0.60498046875 0.021484375 0.01953125
0 0.6399739583333334 0.66064453125 0.016276041666666668 0.0126953125
0 0.6764322916666666 0.384765625 0.016276041666666668 0.01416015625
0 0.6780598958333334 0.394775390625 0.013671875 0.01171875
0 0.6393229166666666 0.33984375 0.021484375 0.0224609375
0 0.3776041666666667 0.5595703125 0.016927083333333332 0.0146484375
0 0.4847005208333333 0.657470703125 0.014973958333333334 0.0107421875
0 0.5442708333333334 0.642822265625 0.015625 0.01318359375
0 0.0361328125 0.69970703125 0.016276041666666668 0.01318359375
0 0.004231770833333333 0.68701171875 0.008463541666666666 0.021484375
0 0.5485026041666666 0.527587890625 0.015625 0.0185546875
0 0.5634765625 0.55126953125 0.017578125 0.01416015625
0 0.6204427083333334 0.4736328125 0.01953125 0.01123046875
0 0.16048177083333334 0.71044921875 0.016927083333333332 0.01025390625
0 0.4990234375 0.67431640625 0.020182291666666668 0.015625
0 0.65625 0.625732421875 0.009114583333333334 0.01123046875
0 0.6175130208333334 0.677734375 0.015625 0.01513671875
0 0.625 0.694580078125 0.014322916666666666 0.009765625
0 0.4137369791666667 0.593994140625 0.013020833333333334 0.0087890625
0 0.0107421875 0.423828125 0.021484375 0.021484375
0 0.0234375 0.367431640625 0.015625 0.01318359375
0 0.0966796875 0.367919921875 0.021484375 0.0087890625
0 0.23502604166666666 0.65673828125 0.018229166666666668 0.00830078125
0 0.31640625 0.3896484375 0.0234375 0.0166015625
0 0.5423177083333334 0.325927734375 0.015625 0.01171875
0 0.8138020833333334 0.39794921875 0.029947916666666668 0.0185546875