0 0.11979166666666667 0.405517578125 0.046875 0.02734375
0 0.034830729166666664 0.35888671875 0.045572916666666664 0.02392578125
0 0.5862630208333334 0.575927734375 0.026041666666666668 0.0166015625
0 0.4990234375 0.431640625 0.037760416666666664 0.0224609375
0 0.5550130208333334 0.48291015625 0.020182291666666668 0.0166015625
0 0.4319661458333333 0.545654296875 0.041666666666666664 0.0283203125
0 0.8649088541666666 0.466552734375 0.018229166666666668 0.01416015625
0 0.6481119791666666 0.595458984375 0.027994791666666668 0.02587890625
0 0.814453125 0.446533203125 0.018880208333333332 0.01513671875
0 0.4290364583333333 0.671875 0.016276041666666668 0.01220703125
0 0.2652994791666667 0.49462890625 0.021484375 0.01611328125
0 0.1533203125 0.366455078125 0.025390625 0.0146484375
0 0.7083333333333334 0.434814453125 0.037760416666666664 0.02685546875
0 0.44140625 0.3564453125 0.043619791666666664 0.0244140625
0 0.6826171875 0.621337890625 0.026041666666666668 0.01416015625
0 0.8763020833333334 0.55078125 0.018229166666666668 0.01171875
0 0.6136067708333334 0.606689453125 0.025390625 0.0146484375
0 0.197265625 0.63720703125 0.021484375 0.01318359375
0 0.4104817708333333 0.606201171875 0.016927083333333332 0.01123046875
0 0.16145833333333334 0.635986328125 0.014322916666666666 0.01416015625
0 0.4755859375 0.44140625 0.015625 0.01220703125
0 0.7350260416666666 0.623779296875 0.05859375 0.052734375
0 0.7604166666666666 0.482421875 0.018229166666666668 0.01318359375
0 0.8772786458333334 0.4189453125 0.014973958333333334 0.009765625
0 0.666015625 0.51220703125 0.013671875 0.01318359375
0 0.6396484375 0.459716796875 0.016276041666666668 0.01171875
0 0.6041666666666666 0.426025390625 0.013020833333333334 0.0107421875
0 0.6455078125 0.36669921875 0.01171875 0.01123046875
0 0.6285807291666666 0.365478515625 0.009114583333333334 0.0078125
0 0.5546875 0.50390625 0.016927083333333332 0.01220703125
0 0.5485026041666666 0.529296875 0.012369791666666666 0.01220703125
0 0.5439453125 0.69091796875 0.050130208333333336 0.02880859375
0 0.4661458333333333 0.671630859375 0.026041666666666668 0.013671875
0 0.4007161458333333 0.586181640625 0.01171875 0.01171875
0 0.373046875 0.69873046875 0.01171875 0.01416015625
0 0.2542317708333333 0.62890625 0.010416666666666666 0.01025390625
0 0.21126302083333334 0.595947265625 0.022786458333333332 0.00634765625
0 0.2610677083333333 0.72265625 0.026692708333333332 0.01416015625
0 0.087890625 0.435302734375 0.024739583333333332 0.01220703125
0 0.20247395833333334 0.51953125 0.022786458333333332 0.0078125
0 0.146484375 0.425537109375 0.016276041666666668 0.0146484375
0 0.3984375 0.41650390625 0.013671875 0.01318359375
0 0.5084635416666666 0.445556640625 0.016276041666666668 0.01220703125
0 0.54296875 0.390869140625 0.013671875 0.01123046875
0 0.6604817708333334 0.596923828125 0.010416666666666666 0.01220703125
0 0.6298828125 0.66064453125 0.052734375 0.037109375
0 0.6126302083333334 0.59033203125 0.013020833333333334 0.009765625
0 0.6809895833333334 0.67431640625 0.013671875 0.0107421875
0 0.07421875 0.532958984375 0.030598958333333332 0.01806640625
0 0.3701171875 0.494873046875 0.015625 0.01318359375
0 0.4892578125 0.345703125 0.016927083333333332 0.01171875
0 0.2854817708333333 0.55322265625 0.017578125 0.01220703125
0 0.3782552083333333 0.67724609375 0.016276041666666668 0.0126953125
0 0.1181640625 0.69140625 0.022135416666666668 0.0146484375
0 0.2854817708333333 0.45849609375 0.014973958333333334 0.01123046875
0 0.6432291666666666 0.41455078125 0.017578125 0.01708984375