0 0.013346354166666666 0.344482421875 0.026692708333333332 0.02880859375
0 0.012044270833333334 0.538330078125 0.024088541666666668 0.01318359375
0 0.6363932291666666 0.343505859375 0.038411458333333336 0.02734375
0 0.5130208333333334 0.511474609375 0.026041666666666668 0.015625
0 0.20442708333333334 0.499755859375 0.024739583333333332 0.0185546875
0 0.6637369791666666 0.478271484375 0.026041666666666668 0.01318359375
0 0.3717447916666667 0.552978515625 0.017578125 0.015625
0 0.333984375 0.64697265625 0.024739583333333332 0.01611328125
0 0.5638020833333334 0.49267578125 0.060546875 0.03564453125
0 0.2353515625 0.5625 0.055338541666666664 0.03857421875
0 0.4833984375 0.66650390625 0.057291666666666664 0.03076171875
0 0.87890625 0.471923828125 0.024088541666666668 0.02294921875
0 0.2099609375 0.650634765625 0.014973958333333334 0.009765625
0 0.6155598958333334 0.61279296875 0.020182291666666668 0.01123046875
0 0.09440104166666667 0.297119140625 0.025390625 0.0166015625
0 0.21158854166666666 0.309326171875 0.012369791666666666 0.009765625
0 0.2740885416666667 0.4609375 0.017578125 0.013671875
0 0.2607421875 0.386962890625 0.05859375 0.0380859375
0 0.318359375 0.33203125 0.017578125 0.01123046875
0 0.19661458333333334 0.362060546875 0.01171875 0.0078125
0 0.16341145833333334 0.408447265625 0.01171875 0.00830078125
0 0.064453125 0.43896484375 0.013020833333333334 0.0087890625
0 0.12467447916666667 0.506591796875 0.009114583333333334 0.00927734375
0 0.123046875 0.56298828125 0.020182291666666668 0.01318359375
0 0.05859375 0.5703125 0.01171875 0.0078125
0 0.0048828125 0.48193359375 0.009765625 0.005859375
0 0.2594401041666667 0.626708984375 0.011067708333333334 0.00927734375
0 0.2177734375 0.63232421875 0.009765625 0.00830078125
0 0.6318359375 0.605712890625 0.018229166666666668 0.01171875
0 0.8411458333333334 0.56103515625 0.016927083333333332 0.01416015625
0 0.9254557291666666 0.5400390625 0.049479166666666664 0.03857421875
0 0.9967447916666666 0.310302734375 0.006510416666666667 0.00830078125
0 0.970703125 0.30419921875 0.012369791666666666 0.00927734375
0 0.5944010416666666 0.56884765625 0.028645833333333332 0.017578125
0 0.4072265625 0.331298828125 0.025390625 0.0185546875
0 0.654296875 0.37158203125 0.012369791666666666 0.01025390625
0 0.6640625 0.33251953125 0.012369791666666666 0.0087890625
0 0.716796875 0.421630859375 0.010416666666666666 0.00927734375
0 0.6923828125 0.3720703125 0.015625 0.009765625
0 0.748046875 0.5126953125 0.012369791666666666 0.0068359375
0 0.7408854166666666 0.502197265625 0.018229166666666668 0.0078125
0 0.7353515625 0.6533203125 0.009765625 0.0078125
0 0.061848958333333336 0.49658203125 0.013020833333333334 0.01025390625
0 0.11783854166666667 0.497314453125 0.011067708333333334 0.00732421875
0 0.17513020833333334 0.390380859375 0.013671875 0.00732421875
0 0.4417317708333333 0.56298828125 0.013671875 0.01025390625
0 0.4759114583333333 0.372802734375 0.01171875 0.00927734375
0 0.4303385416666667 0.698486328125 0.011067708333333334 0.009765625
0 0.4075520833333333 0.657470703125 0.009114583333333334 0.00830078125