0 0.363037109375 0.365234375 0.0234375 0.030598958333333332
0 0.651611328125 0.8385416666666666 0.0263671875 0.029296875
0 0.8896484375 0.6640625 0.02978515625 0.032552083333333336
0 0.58544921875 0.7942708333333334 0.0234375 0.027994791666666668
0 0.651611328125 0.7262369791666666 0.02685546875 0.02734375
0 0.41015625 0.7574869791666666 0.0244140625 0.037109375
0 0.596435546875 0.7203776041666666 0.01806640625 0.022786458333333332
0 0.798095703125 0.3697916666666667 0.01904296875 0.020182291666666668
0 0.6474609375 0.4029947916666667 0.02197265625 0.025390625
0 0.7421875 0.8583984375 0.029296875 0.028645833333333332
0 0.399658203125 0.5491536458333334 0.0341796875 0.040364583333333336
0 0.492919921875 0.4254557291666667 0.0146484375 0.016276041666666668
0 0.94921875 0.6471354166666666 0.0166015625 0.021484375
0 0.5537109375 0.642578125 0.01513671875 0.020182291666666668
0 0.5517578125 0.4827473958333333 0.013671875 0.016927083333333332
0 0.678466796875 0.5582682291666666 0.01513671875 0.01953125
0 0.093505859375 0.4248046875 0.01416015625 0.024739583333333332
0 0.54296875 0.3450520833333333 0.02587890625 0.0390625
0 0.42138671875 0.3525390625 0.01513671875 0.022135416666666668
0 0.03076171875 0.884765625 0.02099609375 0.01953125
0 0.764892578125 0.4192708333333333 0.0205078125 0.016927083333333332
0 0.800537109375 0.38671875 0.01904296875 0.021484375
0 0.236328125 0.7317708333333334 0.0458984375 0.044270833333333336
0 0.865966796875 0.3193359375 0.01806640625 0.022786458333333332
0 0.73681640625 0.8277994791666666 0.03662109375 0.0390625
0 0.753173828125 0.5686848958333334 0.04833984375 0.047526041666666664
0 0.091064453125 0.3125 0.0390625 0.048177083333333336
0 0.84033203125 0.7734375 0.0576171875 0.06380208333333333
0 0.897705078125 0.4716796875 0.0498046875 0.0546875
0 0.685546875 0.3541666666666667 0.03857421875 0.050130208333333336
0 0.030517578125 0.544921875 0.02587890625 0.02734375
0 0.781494140625 0.8818359375 0.03369140625 0.027994791666666668
0 0.724853515625 0.4563802083333333 0.0205078125 0.01953125
0 0.783203125 0.7975260416666666 0.01416015625 0.013671875
0 0.81884765625 0.4173177083333333 0.04296875 0.044921875
0 0.833984375 0.4869791666666667 0.04931640625 0.07096354166666667
0 0.43115234375 0.298828125 0.01611328125 0.01953125
0 0.561767578125 0.7210286458333334 0.02001953125 0.026041666666666668
0 0.71728515625 0.7682291666666666 0.0380859375 0.037760416666666664
0 0.81591796875 0.3743489583333333 0.0146484375 0.021484375
0 0.847412109375 0.3492838541666667 0.01904296875 0.027994791666666668
0 0.744873046875 0.3522135416666667 0.01123046875 0.017578125
0 0.744873046875 0.435546875 0.02099609375 0.011067708333333334
0 0.8935546875 0.306640625 0.015625 0.014973958333333334
0 0.85595703125 0.54296875 0.02099609375 0.024739583333333332
0 0.8818359375 0.5107421875 0.021484375 0.020182291666666668
0 0.860107421875 0.5139973958333334 0.021484375 0.016276041666666668
0 0.933349609375 0.8544921875 0.01904296875 0.020833333333333332
0 0.86767578125 0.876953125 0.0185546875 0.018880208333333332
0 0.827392578125 0.8557942708333334 0.01611328125 0.016276041666666668
0 0.71240234375 0.8889973958333334 0.01806640625 0.017578125
0 0.662353515625 0.8125 0.009765625 0.0078125
0 0.625244140625 0.8623046875 0.01318359375 0.017578125
0 0.685302734375 0.7275390625 0.01318359375 0.018880208333333332
0 0.65625 0.7506510416666666 0.013671875 0.014973958333333334
0 0.63525390625 0.7496744791666666 0.0234375 0.0234375
0 0.694580078125 0.6585286458333334 0.00830078125 0.012369791666666666
0 0.668212890625 0.6487630208333334 0.0087890625 0.010416666666666666
0 0.617919921875 0.642578125 0.02099609375 0.018229166666666668
0 0.232177734375 0.7701822916666666 0.021484375 0.018229166666666668
0 0.2744140625 0.912109375 0.033203125 0.016276041666666668
0 0.092529296875 0.8811848958333334 0.01318359375 0.016927083333333332
0 0.080322265625 0.8772786458333334 0.01123046875 0.017578125
0 0.051513671875 0.8736979166666666 0.015625 0.021484375
0 0.084228515625 0.7265625 0.01611328125 0.018229166666666668
0 0.10009765625 0.6920572916666666 0.01123046875 0.018880208333333332
0 0.0654296875 0.6988932291666666 0.01025390625 0.016276041666666668
0 0.02294921875 0.5865885416666666 0.015625 0.025390625
0 0.06689453125 0.3310546875 0.01513671875 0.015625
0 0.055908203125 0.3391927083333333 0.01171875 0.016927083333333332
0 0.105712890625 0.3356119791666667 0.0107421875 0.018229166666666668
0 0.436279296875 0.4462890625 0.013671875 0.020833333333333332
0 0.531982421875 0.423828125 0.01513671875 0.018229166666666668
0 0.57373046875 0.3727213541666667 0.0107421875 0.014973958333333334
0 0.3974609375 0.3151041666666667 0.01220703125 0.026692708333333332
0 0.45849609375 0.3017578125 0.01806640625 0.022786458333333332
0 0.451904296875 0.3203125 0.013671875 0.016927083333333332
0 0.494384765625 0.2887369791666667 0.0107421875 0.013020833333333334
0 0.550537109375 0.2965494791666667 0.01611328125 0.022135416666666668
0 0.580322265625 0.3193359375 0.0166015625 0.016927083333333332
0 0.554443359375 0.3248697916666667 0.0087890625 0.01171875
0 0.59228515625 0.2981770833333333 0.01123046875 0.020833333333333332
0 0.62158203125 0.3020833333333333 0.00927734375 0.010416666666666666
0 0.611328125 0.3401692708333333 0.00537109375 0.007161458333333333
0 0.6357421875 0.3248697916666667 0.01318359375 0.024088541666666668
0 0.73779296875 0.3854166666666667 0.01318359375 0.01171875
0 0.69189453125 0.4169921875 0.015625 0.016927083333333332
0 0.8349609375 0.8310546875 0.0087890625 0.021484375
0 0.0341796875 0.5237630208333334 0.00927734375 0.0078125
0 0.150634765625 0.287109375 0.01025390625 0.009765625
0 0.271240234375 0.3756510416666667 0.01025390625 0.016927083333333332
0 0.297119140625 0.3828125 0.01171875 0.015625
0 0.368896484375 0.5035807291666666 0.015625 0.018880208333333332
0 0.356201171875 0.5309244791666666 0.013671875 0.018880208333333332
0 0.438232421875 0.3118489583333333 0.01416015625 0.020182291666666668
0 0.4755859375 0.3766276041666667 0.0078125 0.012369791666666666
0 0.676513671875 0.4733072916666667 0.0078125 0.01171875
0 0.6455078125 0.5139973958333334 0.02392578125 0.020182291666666668
0 0.74755859375 0.3014322916666667 0.01904296875 0.024739583333333332
0 0.940673828125 0.3968098958333333 0.009765625 0.016276041666666668
0 0.727294921875 0.5514322916666666 0.01171875 0.018880208333333332
0 0.7138671875 0.5647786458333334 0.01025390625 0.011067708333333334
0 0.888671875 0.7581380208333334 0.02099609375 0.02734375
0 0.911865234375 0.779296875 0.017578125 0.024739583333333332
0 0.919677734375 0.8102213541666666 0.01806640625 0.0234375
0 0.73583984375 0.3268229166666667 0.02490234375 0.020182291666666668
0 0.789794921875 0.3030598958333333 0.01708984375 0.02734375
0 0.442626953125 0.462890625 0.0146484375 0.021484375
0 0.370361328125 0.4352213541666667 0.00732421875 0.013020833333333334
0 0.208740234375 0.7141927083333334 0.0126953125 0.022135416666666668
0 0.045654296875 0.8919270833333334 0.01416015625 0.013671875
0 0.2685546875 0.87109375 0.0146484375 0.016276041666666668
0 0.426025390625 0.7584635416666666 0.01611328125 0.021484375
0 0.50146484375 0.7454427083333334 0.0087890625 0.010416666666666666
0 0.6103515625 0.8206380208333334 0.01806640625 0.022786458333333332
0 0.8720703125 0.8401692708333334 0.017578125 0.021484375
0 0.771728515625 0.5081380208333334 0.0185546875 0.024088541666666668
0 0.8125 0.498046875 0.01806640625 0.021484375
0 0.8076171875 0.4729817708333333 0.01171875 0.026692708333333332
0 0.859619140625 0.4847005208333333 0.01220703125 0.026692708333333332
0 0.876708984375 0.5748697916666666 0.0166015625 0.018880208333333332
0 0.64404296875 0.4677734375 0.01416015625 0.021484375
0 0.4111328125 0.3092447916666667 0.017578125 0.022786458333333332
0 0.212890625 0.4361979166666667 0.01708984375 0.01953125
0 0.243408203125 0.3453776041666667 0.02001953125 0.020833333333333332
0 0.268798828125 0.78125 0.01220703125 0.016276041666666668
0 0.35302734375 0.8160807291666666 0.01025390625 0.01171875
0 0.2841796875 0.8160807291666666 0.01220703125 0.01171875
0 0.3193359375 0.859375 0.01416015625 0.016276041666666668
0 0.695068359375 0.7360026041666666 0.009765625 0.010416666666666666
0 0.854248046875 0.7962239583333334 0.0146484375 0.01171875
0 0.7060546875 0.5992838541666666 0.00927734375 0.022135416666666668
0 0.78564453125 0.470703125 0.01171875 0.016927083333333332
0 0.88330078125 0.36328125 0.01904296875 0.026041666666666668
0 0.951904296875 0.5397135416666666 0.01171875 0.022786458333333332
0 0.92822265625 0.5084635416666666 0.01416015625 0.017578125
0 0.676025390625 0.6077473958333334 0.01416015625 0.029296875
0 0.410400390625 0.6370442708333334 0.0234375 0.017578125
0 0.50341796875 0.5927734375 0.009765625 0.013020833333333334
0 0.564697265625 0.5725911458333334 0.0107421875 0.011067708333333334
0 0.42578125 0.6647135416666666 0.0166015625 0.017578125
0 0.787841796875 0.5830078125 0.01953125 0.022786458333333332
0 0.744873046875 0.5416666666666666 0.013671875 0.020182291666666668
0 0.4326171875 0.8821614583333334 0.01416015625 0.018880208333333332
0 0.6474609375 0.7932942708333334 0.01171875 0.026692708333333332