0 0.5186838624338624 0.42782738095238093 0.034060846560846514 0.034226190476190466
0 0.4880952380952381 0.30617559523809523 0.03108465608465612 0.03298611111111116
0 0.6291335978835978 0.21614583333333331 0.020171957671957674 0.013144841269841279
0 0.36689814814814814 0.613095238095238 0.039351851851851784 0.028769841269841168
0 0.6693121693121693 0.6106150793650793 0.03505291005291008 0.029761904761904656
0 0.5684523809523809 0.6128472222222222 0.027116402116402167 0.022817460317460236
0 0.2488425925925926 0.4255952380952381 0.02347883597883597 0.022321428571428603
0 0.2977843915343915 0.2041170634920635 0.01554232804232806 0.011408730158730174
0 0.39252645502645506 0.07601686507936507 0.021825396825396897 0.017113095238095233
0 0.5747354497354497 0.5354662698412698 0.03174603174603178 0.02678571428571419
0 0.5882936507936508 0.1304563492063492 0.02579365079365085 0.019841269841269826
0 0.523313492063492 0.3173363095238095 0.011574074074074106 0.013144841269841279
0 0.6904761904761904 0.1987847222222222 0.01256613756613767 0.01215277777777779
0 0.6858465608465608 0.09709821428571427 0.011243386243386352 0.01215277777777779
0 0.5562169312169312 0.36061507936507936 0.01388888888888884 0.012400793650793607
0 0.35810515873015875 0.5265376984126984 0.0318055555555555 0.029265873015873023
0 0.46081349206349204 0.0849454365079365 0.013558201058201083 0.01066468253968253
0 0.6344246031746031 0.738095238095238 0.018849206349206355 0.016865079365079305
0 0.3778108465608465 0.033854166666666664 0.014219576719576743 0.012152777777777776
0 0.5347222222222222 0.13206845238095238 0.016534391534391474 0.013640873015873023
0 0.33614417989417983 0.6805555555555555 0.013558201058201083 0.016369047619047672
0 0.5795304232804233 0.8461061507936507 0.024801587301587286 0.014632936507936511
0 0.3611111111111111 0.6830357142857143 0.0145502645502645 0.014384920634920695
0 0.3095238095238095 0.08407738095238095 0.015211640211640232 0.010416666666666657
0 0.6397156084656085 0.46589781746031744 0.012896825396825426 0.011656746031746046
0 0.4884259259259259 0.1468253968253968 0.017195767195767136 0.012896825396825407
0 0.32490079365079366 0.5054563492063492 0.014880952380952403 0.011904761904761862
0 0.5342261904761905 0.2507440476190476 0.010912698412698449 0.012400793650793607
0 0.3087665343915344 0.23562748015873014 0.016464947089947096 0.011979166666666652
0 0.27522156084656085 0.1303000992063492 0.02899801587301587 0.011795634920634901
0 0.4720568783068783 0.048377976190476187 0.017691798941798915 0.008663194444444439
0 0.4754960317460317 0.06819196428571428 0.019659391534391595 0.010689484126984117
0 0.673558201058201 0.28990575396825397 0.013270502645502743 0.011426091269841288
0 0.6921097883597883 0.29377480158730157 0.011550925925925881 0.013268849206349187
0 0.5979960317460317 0.387953869047619 0.018429232804232736 0.015850694444444424
0 0.7224603174603174 0.3229861111111111 0.009338624338624276 0.007187500000000013
0 0.4958928571428571 0.5458060515873016 0.01032076719576717 0.006450892857142954
0 0.5501984126984126 0.6554662698412699 0.015234788359788384 0.01640376984126979
0 0.6405059523809523 0.761438492063492 0.016464947089947096 0.012715773809523823
0 0.6981316137566137 0.9063913690476191 0.019166666666666703 0.012901785714285685
0 0.6018022486772486 0.875890376984127 0.015727513227513274 0.008293650793650853
0 0.4929431216931217 0.9330233134920634 0.02113425925925923 0.02340525793650783
0 0.513339947089947 0.9617733134920634 0.021623677248677236 0.011242559523809481
0 0.2715376984126984 0.666892361111111 0.016216931216931203 0.011979166666666652
0 0.2780489417989418 0.7256845238095238 0.013022486772486777 0.008663194444444411
0 0.3123280423280423 0.710203373015873 0.012288359788359774 0.010873015873015923
0 0.2660085978835979 0.6231200396825397 0.013022486772486777 0.008846726190476106
0 0.2859126984126984 0.2938665674603174 0.010076058201058169 0.013085317460317492
0 0.3494345238095238 0.2497271825396825 0.012288359788359848 0.011059027777777786
0 0.5742824074074074 0.43366071428571423 0.013270502645502594 0.011059027777777786
0 0.6066732804232804 0.908266369047619 0.009285714285714342 0.00673115079365072
0 0.2847519841269841 0.22341765873015873 0.02037698412698415 0.014077380952380925
0 0.5389351851851851 0.09149801587301587 0.0171593915343915 0.010858134920634921