0 0.5828373015873015 0.7471478174603174 0.053240740740740776 0.0558035714285714
0 0.5459656084656085 0.4141865079365079 0.04298941798941799 0.034226190476190466
0 0.7356150793650794 0.5280257936507936 0.04199735449735442 0.03472222222222232
0 0.4341931216931217 0.7616567460317459 0.02116402116402109 0.02083333333333326
0 0.3401124338624339 0.36098710317460314 0.02281746031746031 0.024553571428571397
0 0.3837632275132275 0.5168650793650793 0.02215608465608465 0.025793650793650702
0 0.705026455026455 0.8024553571428571 0.02645502645502636 0.022073412698412787
0 0.5041335978835978 0.2829861111111111 0.02876984126984124 0.03819444444444442
0 0.26355820105820105 0.7931547619047619 0.0443121693121693 0.045634920634920695
0 0.44659391534391535 0.9249751984126984 0.01620370370370372 0.017609126984126977
0 0.6177248677248677 0.3284970238095238 0.0330687830687831 0.031001984126984072
0 0.5661375661375662 0.4742063492063492 0.03902116402116403 0.027281746031746046
0 0.5502017195767196 0.6664756944444444 0.045095899470899425 0.026897321428571486
0 0.6696428571428571 0.45473710317460314 0.017857142857142943 0.01215277777777779
0 0.7658730158730158 0.9098462301587301 0.03240740740740744 0.035962301587301626
0 0.7529761904761904 0.7359871031746031 0.011243386243386352 0.015625
0 0.693121693121693 0.7482638888888888 0.022486772486772406 0.016369047619047672
0 0.6884920634920634 0.9816468253968254 0.030423280423280314 0.02331349206349209
0 0.31299603174603174 0.5437748015873015 0.01752645502645504 0.018105158730158832
0 0.4029431216931217 0.4210069444444444 0.011574074074074106 0.012648809523809534
0 0.3404431216931217 0.3177083333333333 0.012235449735449766 0.013392857142857095
0 0.45403439153439146 0.22482638888888887 0.02513227513227519 0.021081349206349187
0 0.49371693121693117 0.5739087301587301 0.023809523809523874 0.016369047619047672
0 0.7486772486772487 0.7142857142857142 0.017195767195767136 0.011904761904761862
0 0.7037037037037037 0.7724454365079365 0.013888888888888987 0.017609126984126977
0 0.3091931216931217 0.8368055555555555 0.011243386243386277 0.011904761904761862
0 0.3189484126984127 0.5710565476190476 0.018849206349206355 0.015625
0 0.43584656084656087 0.7318948412698413 0.017195767195767136 0.014384920634920695
0 0.412037037037037 0.47792658730158727 0.0145502645502645 0.013392857142857095
0 0.35036375661375657 0.5434027777777778 0.011574074074074106 0.009920634920634885
0 0.3662367724867725 0.9433283730158729 0.012896825396825426 0.011656746031746046
0 0.4856150793650793 0.5042162698412698 0.01620370370370372 0.011904761904761862
0 0.6084656084656085 0.8714037698412698 0.01322751322751318 0.01116071428571419
0 0.7538029100529101 0.5048363095238095 0.013558201058200936 0.009672619047619069
0 0.5570436507936508 0.6168154761904762 0.01752645502645504 0.015376984126984183
0 0.7440476190476191 0.22668650793650794 0.0145502645502645 0.009920634920634941
0 0.30241402116402116 0.3974454365079365 0.014880952380952403 0.010664682539682557
0 0.4679232804232804 0.4626736111111111 0.01984126984126977 0.012648809523809534
0 0.765707671957672 0.6254960317460317 0.020171957671957525 0.01736111111111116
0 0.613095238095238 0.5806051587301587 0.012566137566137522 0.012896825396825351
0 0.7101521164021164 0.6362847222222222 0.0109126984126983 0.010168650793650702
0 0.7331349206349206 0.48908730158730157 0.03174603174603163 0.025793650793650813
0 0.5264550264550264 0.5296378968253967 0.009259259259259226 0.009176587301587213
0 0.30671296296296297 0.35912698412698413 0.012235449735449766 0.013392857142857095
0 0.5982142857142857 0.5574156746031745 0.015873015873015817 0.020585317460317443
0 0.6691468253968255 0.8160962301587301 0.01554232804232806 0.017113095238095344
0 0.28290343915343913 0.8312251984126984 0.013558201058201083 0.012152777777777679
0 0.7321428571428571 0.693328373015873 0.01256613756613767 0.011656746031746046
0 0.29563492063492064 0.43985615079365076 0.019179894179894186 0.024553571428571397
0 0.35813492063492064 0.8643353174603174 0.011243386243386203 0.013392857142857206
0 0.3778108465608465 0.9804067460317459 0.014880952380952403 0.01388888888888884
0 0.4229497354497354 0.21428571428571427 0.033730158730158756 0.015376984126984128
0 0.7237103174603173 0.3092757936507936 0.013558201058200936 0.010912698412698374
0 0.619047619047619 0.597594246031746 0.01388888888888884 0.011656746031746046
0 0.36226851851851855 0.32601686507936506 0.014219576719576743 0.009176587301587324
0 0.3630952380952381 0.8195684523809523 0.016534391534391474 0.014136904761904656
0 0.7838955026455027 0.8717757936507936 0.012896825396825426 0.013392857142857206
0 0.7313161375661376 0.4243551587301587 0.0109126984126983 0.009424603174603141
0 0.4819775132275132 0.4005456349206349 0.025462962962962948 0.02331349206349209
0 0.44047619047619047 0.894345238095238 0.02579365079365085 0.012896825396825351
0 0.35978835978835977 0.6536458333333333 0.0145502645502645 0.009176587301587213
0 0.3265542328042328 0.7263144841269841 0.008928571428571397 0.01116071428571419
0 0.7053571428571428 0.9117063492063492 0.017195767195767136 0.014384920634920695
0 0.4846230158730158 0.6283482142857143 0.012235449735449766 0.010168650793650702
0 0.6693121693121693 0.8504464285714285 0.011243386243386352 0.012896825396825351
0 0.6337632275132274 0.45473710317460314 0.012896825396825426 0.010664682539682557
0 0.7297916666666665 0.8334945436507937 0.02586640211640212 0.021649305555555554
0 0.4095568783068783 0.535218253968254 0.010912698412698449 0.008432539682539764
0 0.6086309523809523 0.820188492063492 0.014219576719576743 0.009920634920634885
0 0.5295965608465608 0.24925595238095236 0.012896825396825426 0.012896825396825407
0 0.6349206349206349 0.5921378968253967 0.009920634920634885 0.009176587301587213
0 0.2781084656084656 0.6604662698412698 0.013227513227513255 0.012896825396825351
0 0.5773809523809523 0.3733878968253968 0.01388888888888884 0.009176587301587324
0 0.322255291005291 0.6178075396825397 0.012235449735449766 0.008432539682539764
0 0.4305555555555555 0.9689980158730158 0.017195767195767136 0.01388888888888884
0 0.7551256613756614 0.4325396825396825 0.008928571428571471 0.007440476190476164
0 0.6965939153439153 0.5054563492063492 0.0109126984126983 0.01041666666666674
0 0.3181216931216931 0.5892857142857143 0.009920634920634885 0.01041666666666674
0 0.3646660052910053 0.18700396825396826 0.010720899470899456 0.007810019841269833
0 0.7285681216931216 0.2117013888888889 0.010720899470899603 0.011716269841269833
0 0.47631944444444446 0.32312251984126983 0.015314153439153433 0.012175099206349183
0 0.741739417989418 0.28854910714285714 0.01868386243386233 0.010567956349206375
0 0.7530753968253968 0.631889880952381 0.01255952380952389 0.010337301587301617
0 0.517364417989418 0.6757688492063492 0.04166005291005289 0.036986607142857064
0 0.5651488095238095 0.8085565476190476 0.01286375661375668 0.010798611111111134
0 0.7241269841269841 0.8409474206349206 0.018991402116402156 0.012175099206349183
0 0.7781911375661376 0.9357142857142857 0.02419973544973549 0.014243551587301617
0 0.7829398148148149 0.9142336309523809 0.01470238095238082 0.0126364087301587
0 0.675271164021164 0.9655803571428571 0.01010912698412684 0.010567956349206264
0 0.7769675925925926 0.946282242063492 0.013783068783068822 0.009188988095238049
0 0.3455224867724867 0.8662202380952381 0.01837962962962969 0.022284226190476097
0 0.26878968253968255 0.8087847222222222 0.013171296296296283 0.011716269841269833
0 0.4372652116402116 0.6039756944444444 0.0174603174603174 0.014243551587301617
0 0.5037334656084655 0.4577480158730159 0.014398148148148179 0.008960813492063457
0 0.5354365079365079 0.45751984126984124 0.017767857142857075 0.011257440476190483
0 0.3075396825396825 0.4466071428571428 0.02205357142857145 0.015163690476190483
0 0.7575165343915343 0.38021329365079365 0.018991402116402156 0.01286458333333329
0 0.7184623015873015 0.37205853174603176 0.01010912698412684 0.010337301587301617
0 0.7500099206349207 0.3997395833333333 0.01255952380952389 0.011026785714285725
0 0.6370568783068783 0.748516865079365 0.012969576719576695 0.009583333333333277
0 0.7728604497354498 0.7149007936507936 0.012205687830687909 0.008439980158730265
0 0.6372486772486772 0.4173536706349206 0.014113756613756578 0.009298115079365066
0 0.6399173280423279 0.43738095238095237 0.009917328042327997 0.009871031746031766
0 0.6526025132275132 0.5027554563492063 0.012017195767195806 0.008439980158730265
0 0.48742394179894183 0.5342981150793651 0.015069444444444505 0.007437996031746108
0 0.32587301587301587 0.4128472222222222 0.010489417989418012 0.008583829365079398
0 0.3936375661375661 0.948829365079365 0.014818121693121652 0.007217261904761907
0 0.5141071428571429 0.9188814484126984 0.011739417989417985 0.010535714285714315
0 0.6503373015873015 0.5200347222222222 0.013683862433862437 0.014201388888888777
0 0.6244477513227512 0.3460763888888889 0.01927248677248672 0.009238591269841279
0 0.5987731481481481 0.2831001984126984 0.013673941798941769 0.01125992063492065