0 0.7086588541666666 0.666015625 0.036458333333333336 0.025390625
0 0.6139322916666666 0.45556640625 0.04296875 0.03271484375
0 0.5804036458333334 0.567626953125 0.050130208333333336 0.0322265625
0 0.3245442708333333 0.455810546875 0.045572916666666664 0.02880859375
0 0.7415364583333334 0.382080078125 0.020833333333333332 0.0146484375
0 0.9664713541666666 0.691650390625 0.025390625 0.0146484375
0 0.3782552083333333 0.49755859375 0.033203125 0.02685546875
0 0.5524088541666666 0.48876953125 0.037760416666666664 0.021484375
0 0.9918619791666666 0.59716796875 0.016276041666666668 0.04296875
0 0.1552734375 0.38623046875 0.016927083333333332 0.01123046875
0 0.3001302083333333 0.64013671875 0.0390625 0.0322265625
0 0.7164713541666666 0.52978515625 0.06770833333333333 0.03369140625
0 0.4156901041666667 0.52490234375 0.034505208333333336 0.02099609375
0 0.943359375 0.4140625 0.047526041666666664 0.03076171875
0 0.5439453125 0.64013671875 0.024739583333333332 0.0244140625
0 0.4264322916666667 0.386474609375 0.037109375 0.02294921875
0 0.8079427083333334 0.6064453125 0.040364583333333336 0.0283203125
0 0.8125 0.686767578125 0.03125 0.01953125
0 0.24739583333333334 0.385986328125 0.031901041666666664 0.02294921875
0 0.21744791666666666 0.364990234375 0.034505208333333336 0.0234375
0 0.6904296875 0.45458984375 0.033854166666666664 0.02392578125
0 0.419921875 0.621826171875 0.03125 0.0185546875
0 0.833984375 0.667724609375 0.021484375 0.01123046875
0 0.4957682291666667 0.422607421875 0.050130208333333336 0.03125
0 0.9290364583333334 0.37353515625 0.0390625 0.025390625
0 0.7057291666666666 0.431884765625 0.045572916666666664 0.03173828125
0 0.5221354166666666 0.59765625 0.037109375 0.0283203125
0 0.8997395833333334 0.4150390625 0.02734375 0.02294921875
0 0.5364583333333334 0.393798828125 0.048828125 0.02685546875
0 0.9000651041666666 0.5888671875 0.037109375 0.03466796875
0 0.8277994791666666 0.641845703125 0.044270833333333336 0.0283203125
0 0.5813802083333334 0.374267578125 0.035807291666666664 0.025390625
0 0.5634765625 0.596923828125 0.040364583333333336 0.029296875
0 0.5657552083333334 0.415771484375 0.03515625 0.02294921875
0 0.7610677083333334 0.3671875 0.03125 0.0166015625
0 0.5582682291666666 0.621826171875 0.024088541666666668 0.01123046875
0 0.8317057291666666 0.403564453125 0.029296875 0.0166015625
0 0.4313151041666667 0.50146484375 0.031901041666666664 0.01025390625
0 0.3805338541666667 0.617919921875 0.029296875 0.03369140625
0 0.8356119791666666 0.591064453125 0.01953125 0.0107421875
0 0.5983072916666666 0.653564453125 0.048828125 0.0224609375
0 0.841796875 0.443115234375 0.047526041666666664 0.02490234375
0 0.4462890625 0.45556640625 0.017578125 0.01025390625
0 0.2652994791666667 0.35986328125 0.033854166666666664 0.01708984375
0 0.6751302083333334 0.6669921875 0.011067708333333334 0.00830078125
0 0.8759765625 0.428955078125 0.017578125 0.00927734375
0 0.6539713541666666 0.57763671875 0.015625 0.009765625
0 0.6656901041666666 0.481201171875 0.017578125 0.0087890625
0 0.3968098958333333 0.420166015625 0.011067708333333334 0.00732421875
0 0.4456380208333333 0.52978515625 0.01953125 0.01025390625
0 0.890625 0.451904296875 0.026041666666666668 0.0234375
0 0.4807942708333333 0.680908203125 0.013020833333333334 0.00732421875
0 0.23177083333333334 0.640380859375 0.014973958333333334 0.0107421875
0 0.16959635416666666 0.57177734375 0.026692708333333332 0.021484375
0 0.16634114583333334 0.544189453125 0.016927083333333332 0.013671875
0 0.11555989583333333 0.441650390625 0.011067708333333334 0.0087890625
0 0.1611328125 0.6025390625 0.018880208333333332 0.0107421875
0 0.3518880208333333 0.54931640625 0.018229166666666668 0.017578125
0 0.4889322916666667 0.57666015625 0.014973958333333334 0.00927734375
0 0.4303385416666667 0.48486328125 0.031901041666666664 0.02783203125
0 0.3782552083333333 0.43798828125 0.014322916666666666 0.0107421875
0 0.4384765625 0.367919921875 0.031901041666666664 0.0283203125
0 0.4524739583333333 0.377197265625 0.013671875 0.00830078125
0 0.708984375 0.628173828125 0.013671875 0.01171875
0 0.712890625 0.704345703125 0.01171875 0.01171875
0 0.6181640625 0.624267578125 0.014973958333333334 0.01220703125
0 0.9388020833333334 0.650390625 0.022135416666666668 0.0107421875
0 0.9651692708333334 0.595458984375 0.015625 0.0146484375
0 0.7513020833333334 0.548095703125 0.024739583333333332 0.02197265625
0 0.7272135416666666 0.503662109375 0.037760416666666664 0.02587890625
0 0.7386067708333334 0.488037109375 0.01953125 0.0107421875
0 0.7916666666666666 0.468017578125 0.015625 0.0087890625
0 0.8961588541666666 0.476806640625 0.0390625 0.03857421875
0 0.9807942708333334 0.38427734375 0.024739583333333332 0.0166015625
0 0.9443359375 0.396240234375 0.020833333333333332 0.01318359375
0 0.8961588541666666 0.63671875 0.021484375 0.01171875
0 0.6907552083333334 0.6416015625 0.013671875 0.0107421875
0 0.8603515625 0.431884765625 0.016927083333333332 0.009765625
0 0.4026692708333333 0.36962890625 0.016276041666666668 0.00830078125
0 0.341796875 0.489013671875 0.014973958333333334 0.01171875
0 0.5817057291666666 0.539794921875 0.014322916666666666 0.00927734375
0 0.6363932291666666 0.47216796875 0.036458333333333336 0.02099609375
0 0.7734375 0.6162109375 0.014322916666666666 0.00830078125
0 0.8134765625 0.5263671875 0.014322916666666666 0.009765625
0 0.8668619791666666 0.52783203125 0.014973958333333334 0.009765625
0 0.7750651041666666 0.6669921875 0.018229166666666668 0.01123046875
0 0.8089192708333334 0.394287109375 0.025390625 0.013671875
0 0.8772786458333334 0.544189453125 0.018880208333333332 0.0107421875
0 0.5123697916666666 0.369873046875 0.01953125 0.013671875
0 0.529296875 0.4267578125 0.01171875 0.01123046875
0 0.8720703125 0.5087890625 0.009765625 0.00830078125
0 0.8782552083333334 0.499755859375 0.012369791666666666 0.0078125
0 0.9264322916666666 0.64697265625 0.020833333333333332 0.00927734375
0 0.8902994791666666 0.362060546875 0.016276041666666668 0.009765625
0 0.4475911458333333 0.623046875 0.009114583333333334 0.00537109375
0 0.12923177083333334 0.46533203125 0.010416666666666666 0.00830078125
0 0.32421875 0.374267578125 0.013671875 0.0078125
0 0.9072265625 0.546142578125 0.018229166666666668 0.005859375