0 0.2757161458333333 0.36669921875 0.043619791666666664 0.02490234375
0 0.5475260416666666 0.54345703125 0.017578125 0.015625
0 0.0380859375 0.663818359375 0.027994791666666668 0.01806640625
0 0.015299479166666666 0.595458984375 0.030598958333333332 0.03662109375
0 0.016927083333333332 0.5087890625 0.033854166666666664 0.017578125
0 0.5084635416666666 0.52734375 0.037760416666666664 0.02392578125
0 0.3763020833333333 0.591064453125 0.0234375 0.01318359375
0 0.0986328125 0.674072265625 0.026692708333333332 0.0146484375
0 0.18587239583333334 0.62353515625 0.016276041666666668 0.01171875
0 0.2685546875 0.3349609375 0.024088541666666668 0.02001953125
0 0.5491536458333334 0.570556640625 0.02734375 0.01416015625
0 0.17936197916666666 0.342041015625 0.024739583333333332 0.01611328125
0 0.5670572916666666 0.497802734375 0.024088541666666668 0.01513671875
0 0.5885416666666666 0.638427734375 0.0234375 0.01513671875
0 0.2522786458333333 0.464599609375 0.014973958333333334 0.02197265625
0 0.23111979166666666 0.376953125 0.022786458333333332 0.01806640625
0 0.8343098958333334 0.34716796875 0.024739583333333332 0.02099609375
0 0.2887369791666667 0.44970703125 0.022786458333333332 0.01416015625
0 0.3834635416666667 0.559326171875 0.024088541666666668 0.02197265625
0 0.8076171875 0.5732421875 0.053385416666666664 0.041015625
0 0.6057942708333334 0.62548828125 0.03125 0.0146484375
0 0.16861979166666666 0.66845703125 0.024088541666666668 0.01708984375
0 0.3356119791666667 0.35205078125 0.022135416666666668 0.01513671875
0 0.6373697916666666 0.607666015625 0.014973958333333334 0.01025390625
0 0.3743489583333333 0.4462890625 0.017578125 0.017578125
0 0.09928385416666667 0.621826171875 0.026041666666666668 0.01513671875
0 0.4827473958333333 0.457275390625 0.016927083333333332 0.0087890625
0 0.4143880208333333 0.406494140625 0.013671875 0.01123046875
0 0.5719401041666666 0.583251953125 0.016927083333333332 0.009765625
0 0.314453125 0.329833984375 0.015625 0.009765625
0 0.7884114583333334 0.630615234375 0.017578125 0.00830078125
0 0.11002604166666667 0.3603515625 0.014322916666666666 0.00927734375
0 0.876953125 0.51416015625 0.013020833333333334 0.01318359375
0 0.5100911458333334 0.466552734375 0.011067708333333334 0.00830078125
0 0.0400390625 0.621337890625 0.029947916666666668 0.009765625
0 0.3509114583333333 0.41650390625 0.010416666666666666 0.0087890625
0 0.37890625 0.325439453125 0.014322916666666666 0.01416015625
0 0.07356770833333333 0.423828125 0.024088541666666668 0.01708984375
0 0.8561197916666666 0.42919921875 0.020182291666666668 0.01123046875
0 0.4765625 0.330322265625 0.013020833333333334 0.00732421875
0 0.5227864583333334 0.647216796875 0.012369791666666666 0.01318359375
0 0.6087239583333334 0.603271484375 0.014322916666666666 0.00830078125
0 0.5465494791666666 0.38330078125 0.013671875 0.00927734375
0 0.4710286458333333 0.542724609375 0.012369791666666666 0.0107421875
0 0.7561848958333334 0.620361328125 0.021484375 0.01171875
0 0.8772786458333334 0.598876953125 0.015625 0.01318359375
0 0.8642578125 0.556396484375 0.018880208333333332 0.00927734375
0 0.8824869791666666 0.4580078125 0.013020833333333334 0.00830078125
0 0.8821614583333334 0.556396484375 0.017578125 0.00927734375
0 0.5888671875 0.429443359375 0.016276041666666668 0.01123046875
0 0.4814453125 0.413818359375 0.010416666666666666 0.01171875
0 0.4143880208333333 0.467529296875 0.015625 0.01318359375
0 0.4407552083333333 0.48828125 0.020833333333333332 0.01611328125
0 0.3961588541666667 0.45361328125 0.012369791666666666 0.0087890625
0 0.3893229166666667 0.376953125 0.014322916666666666 0.0107421875
0 0.3219401041666667 0.376953125 0.018229166666666668 0.015625
0 0.2981770833333333 0.39208984375 0.012369791666666666 0.00830078125
0 0.24088541666666666 0.393798828125 0.017578125 0.0087890625
0 0.15950520833333334 0.557373046875 0.0234375 0.01416015625
0 0.01171875 0.60498046875 0.018880208333333332 0.0126953125
0 0.11295572916666667 0.611328125 0.022786458333333332 0.0166015625
0 0.3463541666666667 0.56982421875 0.015625 0.01025390625
0 0.4990234375 0.599609375 0.013671875 0.01123046875
0 0.583984375 0.536376953125 0.013671875 0.013671875
0 0.501953125 0.408935546875 0.013671875 0.013671875
0 0.15625 0.4765625 0.013671875 0.009765625
0 0.07649739583333333 0.565185546875 0.056640625 0.0419921875
0 0.18684895833333334 0.53173828125 0.018229166666666668 0.0166015625
0 0.08235677083333333 0.63037109375 0.014973958333333334 0.00830078125
0 0.023763020833333332 0.679931640625 0.013020833333333334 0.01416015625
0 0.045572916666666664 0.62841796875 0.01953125 0.009765625
0 0.408203125 0.6474609375 0.013671875 0.01123046875
0 0.3274739583333333 0.3369140625 0.013020833333333334 0.0087890625
0 0.4508463541666667 0.328125 0.013671875 0.01123046875
0 0.0361328125 0.410888671875 0.022135416666666668 0.0224609375
0 0.2978515625 0.376708984375 0.018229166666666668 0.009765625
0 0.4332682291666667 0.360595703125 0.011067708333333334 0.0078125