0 0.3190104166666667 0.549072265625 0.048828125 0.03662109375
0 0.60546875 0.954833984375 0.054036458333333336 0.05029296875
0 0.3450520833333333 0.81640625 0.01953125 0.01513671875
0 0.4817708333333333 0.3779296875 0.02734375 0.021484375
0 0.6044921875 0.890869140625 0.013020833333333334 0.01953125
0 0.2919921875 0.4697265625 0.020833333333333332 0.015625
0 0.6774088541666666 0.5947265625 0.022135416666666668 0.017578125
0 0.4742838541666667 0.25927734375 0.033203125 0.02783203125
0 0.7477213541666666 0.7265625 0.020182291666666668 0.0234375
0 0.3837890625 0.477294921875 0.018880208333333332 0.01708984375
0 0.6728515625 0.45751953125 0.020833333333333332 0.0263671875
0 0.2828776041666667 0.89453125 0.017578125 0.01025390625
0 0.3919270833333333 0.822265625 0.016927083333333332 0.0166015625
0 0.482421875 0.488525390625 0.043619791666666664 0.037109375
0 0.6149088541666666 0.220458984375 0.014322916666666666 0.01171875
0 0.384765625 0.360107421875 0.02734375 0.017578125
0 0.4921875 0.280517578125 0.02734375 0.03125
0 0.5094401041666666 0.73974609375 0.036458333333333336 0.0361328125
0 0.5065104166666666 0.2451171875 0.013020833333333334 0.00927734375
0 0.4453125 0.4208984375 0.013020833333333334 0.01025390625
0 0.4479166666666667 0.61328125 0.013020833333333334 0.01318359375
0 0.7317708333333334 0.499267578125 0.016927083333333332 0.01904296875
0 0.6962890625 0.521728515625 0.01953125 0.01123046875
0 0.7493489583333334 0.460205078125 0.011067708333333334 0.00927734375
0 0.6468098958333334 0.398681640625 0.013671875 0.01123046875
0 0.7014973958333334 0.3125 0.021484375 0.00732421875
0 0.7216796875 0.29150390625 0.0234375 0.01171875
0 0.6878255208333334 0.255126953125 0.012369791666666666 0.00927734375
0 0.3317057291666667 0.3583984375 0.013671875 0.01220703125
0 0.5110677083333334 0.451904296875 0.012369791666666666 0.013671875
0 0.5166015625 0.478759765625 0.013020833333333334 0.0087890625
0 0.5771484375 0.846923828125 0.0234375 0.00732421875
0 0.6715494791666666 0.890625 0.014973958333333334 0.01123046875
0 0.7119140625 0.927734375 0.015625 0.01025390625
0 0.6975911458333334 0.9638671875 0.015625 0.015625
0 0.7604166666666666 0.8583984375 0.013671875 0.01123046875
0 0.4495442708333333 0.9521484375 0.016276041666666668 0.0068359375
0 0.4586588541666667 0.96435546875 0.013020833333333334 0.00634765625
0 0.4899088541666667 0.977783203125 0.016276041666666668 0.00732421875
0 0.3802083333333333 0.977783203125 0.011067708333333334 0.0087890625
0 0.2734375 0.987060546875 0.016276041666666668 0.01025390625
0 0.7594401041666666 0.77197265625 0.015625 0.00927734375