0 0.322265625 0.668212890625 0.033203125 0.03271484375
0 0.5579427083333334 0.46435546875 0.020833333333333332 0.01318359375
0 0.7184244791666666 0.846435546875 0.024088541666666668 0.02099609375
0 0.6276041666666666 0.870361328125 0.048828125 0.03662109375
0 0.51171875 0.863525390625 0.0234375 0.02783203125
0 0.5364583333333334 0.49365234375 0.031901041666666664 0.0283203125
0 0.6214192708333334 0.5927734375 0.017578125 0.017578125
0 0.7320963541666666 0.801025390625 0.01953125 0.02001953125
0 0.6490885416666666 0.905517578125 0.01953125 0.0185546875
0 0.6647135416666666 0.735595703125 0.015625 0.01220703125
0 0.2799479166666667 0.673583984375 0.026692708333333332 0.01806640625
0 0.7190755208333334 0.891357421875 0.024088541666666668 0.02099609375
0 0.4635416666666667 0.921630859375 0.041666666666666664 0.0380859375
0 0.5940755208333334 0.463134765625 0.018880208333333332 0.0205078125
0 0.2893880208333333 0.740478515625 0.021484375 0.0185546875
0 0.4970703125 0.44970703125 0.020182291666666668 0.01806640625
0 0.6845703125 0.43359375 0.020182291666666668 0.017578125
0 0.4527994791666667 0.685791015625 0.029296875 0.01123046875
0 0.3359375 0.70166015625 0.024088541666666668 0.01708984375
0 0.2962239583333333 0.249267578125 0.027994791666666668 0.0185546875
0 0.4329427083333333 0.658447265625 0.018880208333333332 0.01708984375
0 0.5791015625 0.58740234375 0.029296875 0.01806640625
0 0.59765625 0.269287109375 0.0546875 0.0400390625
0 0.6673177083333334 0.420654296875 0.01953125 0.0234375
0 0.724609375 0.74853515625 0.022786458333333332 0.01806640625
0 0.24186197916666666 0.894287109375 0.016276041666666668 0.02001953125
0 0.302734375 0.623291015625 0.020182291666666668 0.0166015625
0 0.6435546875 0.39697265625 0.013671875 0.01123046875
0 0.4283854166666667 0.59423828125 0.0234375 0.01318359375
0 0.6624348958333334 0.800537109375 0.020182291666666668 0.01953125
0 0.4430338541666667 0.512939453125 0.01171875 0.0126953125
0 0.3753255208333333 0.564208984375 0.014973958333333334 0.01025390625
0 0.6110026041666666 0.446044921875 0.013020833333333334 0.0126953125
0 0.2731119791666667 0.63916015625 0.013020833333333334 0.01171875
0 0.6741536458333334 0.28369140625 0.011067708333333334 0.01318359375
0 0.3138020833333333 0.79248046875 0.012369791666666666 0.0107421875
0 0.5188802083333334 0.21728515625 0.017578125 0.009765625
0 0.4554036458333333 0.492431640625 0.011067708333333334 0.00830078125
0 0.6617838541666666 0.844970703125 0.013020833333333334 0.0224609375
0 0.388671875 0.61181640625 0.01171875 0.0078125
0 0.2672526041666667 0.5908203125 0.018880208333333332 0.0107421875
0 0.3984375 0.81982421875 0.022786458333333332 0.01806640625
0 0.6751302083333334 0.89306640625 0.016927083333333332 0.01708984375
0 0.4055989583333333 0.23291015625 0.014973958333333334 0.01513671875
0 0.2737630208333333 0.517578125 0.009765625 0.009765625
0 0.6962890625 0.48291015625 0.017578125 0.00927734375
0 0.6376953125 0.41845703125 0.011067708333333334 0.0107421875
0 0.2652994791666667 0.941650390625 0.01171875 0.009765625
0 0.3444010416666667 0.465087890625 0.012369791666666666 0.01025390625
0 0.5569661458333334 0.521728515625 0.014322916666666666 0.00927734375
0 0.6604817708333334 0.307861328125 0.015625 0.01611328125
0 0.6318359375 0.217041015625 0.017578125 0.01171875
0 0.5751953125 0.226806640625 0.012369791666666666 0.01416015625
0 0.4440104166666667 0.213134765625 0.011067708333333334 0.009765625
0 0.5751953125 0.21337890625 0.012369791666666666 0.01318359375
0 0.4059244791666667 0.433349609375 0.014973958333333334 0.01220703125
0 0.3850911458333333 0.513916015625 0.015625 0.0078125
0 0.4567057291666667 0.564208984375 0.017578125 0.01171875
0 0.484375 0.54443359375 0.021484375 0.015625
0 0.4381510416666667 0.577880859375 0.01171875 0.00927734375
0 0.3359375 0.5830078125 0.014322916666666666 0.0107421875
0 0.3359375 0.633544921875 0.020833333333333332 0.013671875
0 0.3561197916666667 0.6513671875 0.011067708333333334 0.00927734375
0 0.3583984375 0.6943359375 0.01171875 0.01318359375
0 0.5764973958333334 0.75537109375 0.018880208333333332 0.017578125
0 0.6399739583333334 0.8662109375 0.016927083333333332 0.01416015625
0 0.5947265625 0.88525390625 0.013671875 0.009765625
0 0.6484375 0.790283203125 0.022135416666666668 0.01708984375
0 0.5930989583333334 0.615234375 0.013671875 0.01171875
0 0.6328125 0.500732421875 0.014973958333333334 0.01025390625
0 0.5485026041666666 0.43701171875 0.018229166666666668 0.01025390625
0 0.3785807291666667 0.49853515625 0.018229166666666668 0.01025390625
0 0.46875 0.7578125 0.013020833333333334 0.01025390625
0 0.5869140625 0.817626953125 0.055989583333333336 0.04248046875
0 0.298828125 0.899169921875 0.013671875 0.0166015625
0 0.5423177083333334 0.73486328125 0.022135416666666668 0.013671875
0 0.673828125 0.813232421875 0.011067708333333334 0.01123046875
0 0.7399088541666666 0.857177734375 0.018880208333333332 0.009765625
0 0.6712239583333334 0.8408203125 0.013020833333333334 0.0146484375
0 0.6966145833333334 0.56884765625 0.014973958333333334 0.01025390625
0 0.2825520833333333 0.62939453125 0.01171875 0.009765625
0 0.2708333333333333 0.536865234375 0.014973958333333334 0.01025390625
0 0.6783854166666666 0.95849609375 0.025390625 0.0166015625
0 0.275390625 0.907958984375 0.010416666666666666 0.009765625
0 0.3811848958333333 0.847900390625 0.029947916666666668 0.0166015625
0 0.3356119791666667 0.651611328125 0.013020833333333334 0.013671875
0 0.3141276041666667 0.550048828125 0.010416666666666666 0.00830078125