0 0.4987574404761905 0.335978835978836 0.02003224206349208 0.022007275132275073
0 0.3974156746031746 0.5361574074074074 0.02496031746031746 0.03324735449735453
0 0.9060615079365079 0.7576719576719575 0.011507936507936467 0.02774801587301597
0 0.46429315476190475 0.5095138888888888 0.018978174603174636 0.021117724867724934
0 0.4471850198412698 0.381683201058201 0.016314484126984108 0.025251322751322764
0 0.4278720238095238 0.6399801587301587 0.01809027777777783 0.03204695767195768
0 0.6360714285714285 0.3846626984126984 0.02062003968253978 0.024537037037037024
0 0.5937673611111112 0.6568220899470899 0.017780257936507837 0.018554894179894237
0 0.39504216269841264 0.379537037037037 0.012738095238095215 0.008697089947089953
0 0.30888144841269843 0.5346891534391535 0.017857142857142905 0.026709656084656103
0 0.6256498015873015 0.5250958994708995 0.012790178571428612 0.021554232804232853
0 0.45149801587301586 0.3373974867724867 0.01986607142857144 0.020684523809523753
0 0.5672271825396825 0.4846759259259259 0.01788442460317463 0.019894179894179853
0 0.5664856150793651 0.668501984126984 0.013189484126984174 0.015281084656084687
0 0.5127380952380952 0.6745436507936508 0.02704861111111101 0.028151455026454997
0 0.8486607142857143 0.5336177248677249 0.019947916666666732 0.01881613756613761
0 0.8544022817460316 0.3056084656084656 0.023050595238095273 0.020119047619047592
0 0.23982638888888888 0.371765873015873 0.010538194444444426 0.023925264550264558
0 0.26151785714285714 0.41082341269841266 0.007842261904761894 0.018220899470899443
0 0.34950148809523807 0.37355489417989424 0.009322916666666625 0.01693452380952376
0 0.7234027777777778 0.29642857142857143 0.017891865079365132 0.02619708994708995
0 0.7166617063492063 0.31930555555555556 0.01617559523809531 0.02609457671957675
0 0.6058779761904762 0.3086838624338624 0.010783730158730132 0.011388888888888893
0 0.62953125 0.2925 0.008578869047618953 0.011726190476190501
0 0.27046378968253965 0.35787037037037034 0.0061284722222222365 0.01040013227513222
0 0.3115178571428571 0.5070535714285714 0.011274801587301542 0.015423280423280486
0 0.20624751984126985 0.5614781746031746 0.009067460317460307 0.012328042328042374
0 0.281984126984127 0.6335416666666666 0.012991071428571477 0.01722552910052914
0 0.4111483134920635 0.7250595238095238 0.010538194444444482 0.013921957671957585
0 0.37720238095238096 0.6611541005291005 0.010783730158730132 0.012324735449735483
0 0.37450644841269837 0.6160383597883597 0.012745535714285716 0.027390873015872952
0 0.33823412698412697 0.6211111111111111 0.009312996031746068 0.006789021164021136
0 0.3407589285714286 0.5514914021164021 0.01651785714285714 0.011431878306878307
0 0.43480158730158724 0.5923478835978836 0.007842261904761894 0.013333333333333345
0 0.42475198412698406 0.5817261904761905 0.011274801587301542 0.01366732804232799
0 0.5534275793650794 0.7706415343915344 0.011765873015872952 0.015572089947090065
0 0.5501190476190476 0.7423644179894179 0.010049603174603128 0.01199404761904758
0 0.5281746031746031 0.6915608465608466 0.006991567460317372 0.00877314814814826
0 0.5860416666666667 0.7241071428571427 0.014499007936507935 0.02101190476190477
0 0.5785987103174602 0.6944080687830687 0.009709821428571352 0.019649470899470778
0 0.6303794642857142 0.6665310846560845 0.008154761904761942 0.014302248677248683
0 0.6057837301587301 0.7008862433862433 0.027313988095237995 0.029821428571428516
0 0.628891369047619 0.7113359788359789 0.01009672619047608 0.016865079365079378
0 0.7821651785714285 0.7273809523809524 0.016312003968254052 0.02965277777777775
0 0.7825545634920635 0.7039054232804233 0.015275297619047556 0.019368386243386364
0 0.867735615079365 0.7592328042328043 0.010873015873015923 0.01738756613756613
0 0.791703869047619 0.37548611111111113 0.007073412698412662 0.012589285714285747
0 0.756061507936508 0.3050958994708995 0.021664186507936556 0.021292989417989405
0 0.6626835317460317 0.416954365079365 0.011205357142857197 0.009133597883597874
0 0.5976934523809524 0.4652744708994709 0.012698412698412653 0.012890211640211646
0 0.6112896825396824 0.49187830687830686 0.007919146825396739 0.006696428571428529
0 0.3828497023809524 0.46115079365079364 0.009533730158730158 0.013789682539682602
0 0.3647371031746031 0.4850694444444444 0.008578869047619064 0.019973544973544904
0 0.5648958333333333 0.6524404761904762 0.004531250000000098 0.00938161375661369
0 0.5368278769841269 0.5067559523809524 0.015778769841269913 0.028660714285714334
0 0.6552306547619047 0.5569345238095238 0.012371031746031713 0.012896825396825426