0 0.5914713541666666 0.30810546875 0.022135416666666668 0.017578125
0 0.5823567708333334 0.193603515625 0.021484375 0.0263671875
0 0.6168619791666666 0.512939453125 0.03515625 0.02783203125
0 0.3938802083333333 0.5029296875 0.0234375 0.0185546875
0 0.5387369791666666 0.325927734375 0.03515625 0.04345703125
0 0.6575520833333334 0.615966796875 0.01953125 0.0224609375
0 0.2750651041666667 0.53271484375 0.043619791666666664 0.03125
0 0.4254557291666667 0.52294921875 0.024088541666666668 0.02978515625
0 0.6380208333333334 0.65625 0.048177083333333336 0.03466796875
0 0.6552734375 0.790771484375 0.05078125 0.0498046875
0 0.6995442708333334 0.366455078125 0.033854166666666664 0.03076171875
0 0.3577473958333333 0.6923828125 0.024088541666666668 0.0224609375
0 0.4814453125 0.6923828125 0.021484375 0.029296875
0 0.69921875 0.642822265625 0.031901041666666664 0.02001953125
0 0.6627604166666666 0.64697265625 0.028645833333333332 0.03125
0 0.65234375 0.447509765625 0.055989583333333336 0.03369140625
0 0.23665364583333334 0.228271484375 0.018880208333333332 0.01318359375
0 0.4020182291666667 0.318359375 0.013020833333333334 0.01171875
0 0.7096354166666666 0.907958984375 0.01953125 0.013671875
0 0.7180989583333334 0.96728515625 0.016927083333333332 0.0107421875
0 0.6904296875 0.33056640625 0.013020833333333334 0.01171875
0 0.5533854166666666 0.278564453125 0.013671875 0.01611328125
0 0.4173177083333333 0.6650390625 0.012369791666666666 0.01171875
0 0.24739583333333334 0.34423828125 0.018229166666666668 0.013671875
0 0.4713541666666667 0.21826171875 0.017578125 0.01318359375
0 0.232421875 0.27880859375 0.016927083333333332 0.01513671875
0 0.25 0.306396484375 0.024088541666666668 0.00634765625
0 0.2545572916666667 0.31396484375 0.013020833333333334 0.01025390625
0 0.23046875 0.33642578125 0.009765625 0.0048828125
0 0.5693359375 0.534423828125 0.015625 0.0126953125
0 0.61328125 0.6728515625 0.018880208333333332 0.02099609375
0 0.4069010416666667 0.973388671875 0.009114583333333334 0.01123046875
0 0.2955729166666667 0.988037109375 0.0390625 0.01220703125
0 0.3043619791666667 0.973876953125 0.011067708333333334 0.0107421875
0 0.22721354166666666 0.97216796875 0.018229166666666668 0.01416015625
0 0.248046875 0.952880859375 0.016927083333333332 0.01220703125
0 0.3509114583333333 0.932861328125 0.009765625 0.0078125
0 0.4443359375 0.96484375 0.007161458333333333 0.01123046875
0 0.5149739583333334 0.935302734375 0.0078125 0.009765625
0 0.5100911458333334 0.9248046875 0.017578125 0.0078125
0 0.3050130208333333 0.783935546875 0.017578125 0.01171875
0 0.2610677083333333 0.782958984375 0.014322916666666666 0.0126953125
0 0.2594401041666667 0.6708984375 0.01953125 0.02001953125
0 0.4029947916666667 0.722412109375 0.021484375 0.01171875
0 0.5078125 0.67626953125 0.009114583333333334 0.00732421875
0 0.2545572916666667 0.5732421875 0.009765625 0.009765625
0 0.1923828125 0.5751953125 0.01953125 0.013671875
0 0.19596354166666666 0.553955078125 0.021484375 0.01904296875
0 0.2529296875 0.550537109375 0.027994791666666668 0.0244140625
0 0.4593098958333333 0.492919921875 0.009765625 0.01220703125
0 0.5166015625 0.3515625 0.013671875 0.013671875
0 0.4977213541666667 0.3388671875 0.021484375 0.0126953125
0 0.4095052083333333 0.375732421875 0.01953125 0.00732421875
0 0.28515625 0.21923828125 0.009765625 0.0068359375
0 0.23111979166666666 0.460205078125 0.018229166666666668 0.01220703125
0 0.4264322916666667 0.548583984375 0.021484375 0.013671875
0 0.2893880208333333 0.8515625 0.0234375 0.017578125
0 0.435546875 0.974609375 0.016276041666666668 0.01123046875
0 0.3909505208333333 0.219482421875 0.01171875 0.009765625
0 0.4111328125 0.3408203125 0.011067708333333334 0.0078125