0 0.806640625 0.34130859375 0.05078125 0.02783203125
0 0.6826171875 0.48486328125 0.041015625 0.01953125
0 0.7607421875 0.42919921875 0.039713541666666664 0.0234375
0 0.294921875 0.315673828125 0.018880208333333332 0.01513671875
0 0.6302083333333334 0.2998046875 0.020182291666666668 0.015625
0 0.9192708333333334 0.291259765625 0.024739583333333332 0.0146484375
0 0.1572265625 0.337646484375 0.024739583333333332 0.0107421875
0 0.1591796875 0.374267578125 0.014973958333333334 0.00732421875
0 0.6572265625 0.32763671875 0.041666666666666664 0.0244140625
0 0.7288411458333334 0.414794921875 0.033203125 0.0146484375
0 0.8258463541666666 0.309326171875 0.020833333333333332 0.01171875
0 0.181640625 0.439208984375 0.016927083333333332 0.01806640625
0 0.865234375 0.59814453125 0.018229166666666668 0.0185546875
0 0.7906901041666666 0.547607421875 0.022135416666666668 0.01318359375
0 0.896484375 0.473876953125 0.020182291666666668 0.01123046875
0 0.9684244791666666 0.282958984375 0.016276041666666668 0.017578125
0 0.20963541666666666 0.318359375 0.014322916666666666 0.00732421875
0 0.4052734375 0.509765625 0.024088541666666668 0.0166015625
0 0.4736328125 0.57666015625 0.025390625 0.021484375
0 0.5784505208333334 0.36865234375 0.0234375 0.0087890625
0 0.5403645833333334 0.3642578125 0.020833333333333332 0.01025390625
0 0.15397135416666666 0.391357421875 0.009114583333333334 0.005859375
0 0.1298828125 0.441650390625 0.013671875 0.0078125
0 0.14876302083333334 0.465576171875 0.021484375 0.0107421875
0 0.9378255208333334 0.4716796875 0.026692708333333332 0.017578125
0 0.4944661458333333 0.587890625 0.017578125 0.02783203125
0 0.5123697916666666 0.623046875 0.01171875 0.0087890625
0 0.4375 0.560302734375 0.016927083333333332 0.009765625
0 0.2516276041666667 0.612060546875 0.014973958333333334 0.0126953125
0 0.2659505208333333 0.61962890625 0.01171875 0.01123046875
0 0.2516276041666667 0.506103515625 0.007161458333333333 0.00537109375
0 0.1884765625 0.52392578125 0.025390625 0.017578125
0 0.1875 0.588623046875 0.013020833333333334 0.01123046875
0 0.17252604166666666 0.42578125 0.021484375 0.01220703125
0 0.15559895833333334 0.430419921875 0.014322916666666666 0.0126953125
0 0.13704427083333334 0.47998046875 0.01171875 0.01171875
0 0.13346354166666666 0.467041015625 0.009114583333333334 0.0078125
0 0.13802083333333334 0.501220703125 0.014973958333333334 0.0078125
0 0.5188802083333334 0.5546875 0.018880208333333332 0.01025390625
0 0.5794270833333334 0.59912109375 0.014322916666666666 0.01025390625
0 0.5514322916666666 0.533203125 0.014322916666666666 0.01806640625
0 0.5693359375 0.541015625 0.016927083333333332 0.01220703125
0 0.6005859375 0.543701171875 0.011067708333333334 0.0087890625
0 0.595703125 0.60400390625 0.009765625 0.0078125
0 0.5735677083333334 0.621826171875 0.007161458333333333 0.00634765625
0 0.7161458333333334 0.638916015625 0.01171875 0.00830078125
0 0.7327473958333334 0.637451171875 0.013020833333333334 0.009765625
0 0.8053385416666666 0.640380859375 0.018229166666666668 0.0126953125
0 0.9000651041666666 0.589599609375 0.014973958333333334 0.01171875
0 0.9095052083333334 0.545166015625 0.01953125 0.009765625
0 0.998046875 0.29931640625 0.00390625 0.0107421875
0 0.8310546875 0.4189453125 0.016927083333333332 0.0087890625
0 0.8330078125 0.39306640625 0.018229166666666668 0.009765625
0 0.8271484375 0.3828125 0.009114583333333334 0.009765625
0 0.818359375 0.3720703125 0.009114583333333334 0.00927734375
0 0.7913411458333334 0.422119140625 0.011067708333333334 0.0126953125
0 0.7744140625 0.399658203125 0.011067708333333334 0.0126953125
0 0.7600911458333334 0.3125 0.012369791666666666 0.01318359375
0 0.7620442708333334 0.2724609375 0.018229166666666668 0.0068359375
0 0.6673177083333334 0.448486328125 0.016927083333333332 0.0107421875
0 0.6731770833333334 0.35498046875 0.012369791666666666 0.0068359375
0 0.58203125 0.42822265625 0.018229166666666668 0.01171875
0 0.5947265625 0.44580078125 0.009114583333333334 0.0078125
0 0.5231119791666666 0.355712890625 0.016276041666666668 0.009765625
0 0.5110677083333334 0.356201171875 0.009114583333333334 0.00830078125
0 0.4912109375 0.391845703125 0.008463541666666666 0.01513671875
0 0.4765625 0.44873046875 0.014322916666666666 0.02392578125
0 0.43359375 0.44287109375 0.013020833333333334 0.01025390625
0 0.4332682291666667 0.48583984375 0.021484375 0.0185546875
0 0.4296875 0.399169921875 0.01171875 0.01318359375
0 0.3997395833333333 0.369140625 0.013671875 0.0146484375
0 0.396484375 0.423828125 0.013020833333333334 0.0126953125
0 0.3046875 0.432373046875 0.024739583333333332 0.01220703125
0 0.2900390625 0.392578125 0.01171875 0.00732421875
0 0.2571614583333333 0.40380859375 0.01171875 0.00634765625
0 0.3011067708333333 0.4638671875 0.007161458333333333 0.01171875
0 0.3343098958333333 0.47119140625 0.014973958333333334 0.01025390625
0 0.6243489583333334 0.34814453125 0.018880208333333332 0.0087890625
0 0.9150390625 0.605224609375 0.011067708333333334 0.0087890625
0 0.751953125 0.63818359375 0.01171875 0.00537109375
0 0.716796875 0.5419921875 0.009765625 0.00927734375
0 0.5592447916666666 0.55078125 0.008463541666666666 0.00634765625
0 0.5859375 0.46923828125 0.015625 0.0107421875
0 0.2548828125 0.468017578125 0.015625 0.01171875
0 0.19075520833333334 0.459716796875 0.007161458333333333 0.00439453125
0 0.3649088541666667 0.521728515625 0.014322916666666666 0.00927734375
0 0.4632161458333333 0.451171875 0.012369791666666666 0.00830078125
0 0.689453125 0.5341796875 0.01171875 0.01025390625
0 0.74609375 0.353271484375 0.018229166666666668 0.013671875
0 0.7861328125 0.27880859375 0.011067708333333334 0.00830078125
0 0.6302083333333334 0.331787109375 0.013671875 0.0107421875
0 0.21516927083333334 0.426025390625 0.015625 0.0107421875