0 0.35791015625 0.6204427083333334 0.02587890625 0.03125
0 0.521484375 0.3079427083333333 0.03125 0.03515625
0 0.242919921875 0.3899739583333333 0.01611328125 0.022786458333333332
0 0.885986328125 0.7109375 0.0224609375 0.030598958333333332
0 0.830322265625 0.4358723958333333 0.02587890625 0.032552083333333336
0 0.806884765625 0.423828125 0.0166015625 0.01953125
0 0.1572265625 0.7151692708333334 0.01513671875 0.022135416666666668
0 0.221435546875 0.7945963541666666 0.0205078125 0.025390625
0 0.2353515625 0.4947916666666667 0.01611328125 0.022786458333333332
0 0.83642578125 0.5055338541666666 0.03173828125 0.0390625
0 0.88232421875 0.4638671875 0.025390625 0.016927083333333332
0 0.638671875 0.4609375 0.017578125 0.01953125
0 0.848876953125 0.5615234375 0.02197265625 0.024088541666666668
0 0.299560546875 0.3460286458333333 0.0126953125 0.018229166666666668
0 0.306884765625 0.634765625 0.01806640625 0.017578125
0 0.760498046875 0.4261067708333333 0.05517578125 0.039713541666666664
0 0.647216796875 0.7825520833333334 0.04052734375 0.05078125
0 0.59228515625 0.7711588541666666 0.03857421875 0.05078125
0 0.494140625 0.6559244791666666 0.01220703125 0.016276041666666668
0 0.116455078125 0.6126302083333334 0.0166015625 0.020182291666666668
0 0.735107421875 0.7913411458333334 0.03369140625 0.034505208333333336
0 0.45947265625 0.7805989583333334 0.02587890625 0.047526041666666664
0 0.842041015625 0.6103515625 0.01318359375 0.014973958333333334
0 0.830078125 0.2893880208333333 0.02490234375 0.02734375
0 0.387451171875 0.5361328125 0.0146484375 0.015625
0 0.8798828125 0.6416015625 0.04248046875 0.033854166666666664
0 0.83984375 0.3844401041666667 0.01708984375 0.01953125
0 0.67431640625 0.2877604166666667 0.01708984375 0.020833333333333332
0 0.408203125 0.6686197916666666 0.01904296875 0.020833333333333332
0 0.7060546875 0.3111979166666667 0.01708984375 0.022786458333333332
0 0.666748046875 0.3111979166666667 0.01220703125 0.018229166666666668
0 0.605224609375 0.3600260416666667 0.01513671875 0.015625
0 0.589599609375 0.4173177083333333 0.0166015625 0.018880208333333332
0 0.6748046875 0.3987630208333333 0.01513671875 0.014322916666666666
0 0.666259765625 0.37109375 0.0224609375 0.026041666666666668
0 0.7548828125 0.7125651041666666 0.0146484375 0.021484375
0 0.7998046875 0.6722005208333334 0.0146484375 0.024088541666666668
0 0.8525390625 0.6676432291666666 0.01513671875 0.012369791666666666
0 0.882080078125 0.6611328125 0.01220703125 0.011067708333333334
0 0.84228515625 0.7796223958333334 0.017578125 0.016276041666666668
0 0.894287109375 0.7789713541666666 0.01953125 0.020833333333333332
0 0.80908203125 0.7916666666666666 0.01220703125 0.021484375
0 0.7880859375 0.7998046875 0.01318359375 0.021484375
0 0.774658203125 0.7623697916666666 0.013671875 0.022135416666666668
0 0.7119140625 0.7711588541666666 0.01904296875 0.01953125
0 0.68896484375 0.7766927083333334 0.01220703125 0.022135416666666668
0 0.7001953125 0.8092447916666666 0.0234375 0.026041666666666668
0 0.654296875 0.8121744791666666 0.00927734375 0.013020833333333334
0 0.643798828125 0.8160807291666666 0.01318359375 0.020833333333333332
0 0.6025390625 0.7998046875 0.013671875 0.018229166666666668
0 0.5927734375 0.8102213541666666 0.0146484375 0.016927083333333332
0 0.636474609375 0.7369791666666666 0.0126953125 0.0234375
0 0.61572265625 0.6975911458333334 0.01318359375 0.018229166666666668
0 0.630615234375 0.6787109375 0.013671875 0.016276041666666668
0 0.65087890625 0.6591796875 0.01318359375 0.022786458333333332
0 0.660400390625 0.6686197916666666 0.0126953125 0.018880208333333332
0 0.53759765625 0.7392578125 0.01025390625 0.013671875
0 0.481201171875 0.68359375 0.0087890625 0.014322916666666666
0 0.46826171875 0.6803385416666666 0.009765625 0.016276041666666668
0 0.44580078125 0.7249348958333334 0.01123046875 0.020833333333333332
0 0.420654296875 0.7112630208333334 0.01220703125 0.016276041666666668
0 0.427978515625 0.783203125 0.013671875 0.018229166666666668
0 0.431884765625 0.748046875 0.0087890625 0.016927083333333332
0 0.470458984375 0.8190104166666666 0.021484375 0.020833333333333332
0 0.171630859375 0.8037109375 0.015625 0.021484375
0 0.20947265625 0.8134765625 0.009765625 0.014973958333333334
0 0.22900390625 0.7408854166666666 0.01171875 0.014973958333333334
0 0.095703125 0.7314453125 0.01220703125 0.016276041666666668
0 0.088134765625 0.7945963541666666 0.01025390625 0.013020833333333334
0 0.0341796875 0.7467447916666666 0.01416015625 0.013020833333333334
0 0.084716796875 0.703125 0.01171875 0.022786458333333332
0 0.169189453125 0.6614583333333334 0.0087890625 0.014322916666666666
0 0.208251953125 0.6819661458333334 0.01513671875 0.011067708333333334
0 0.137451171875 0.5638020833333334 0.01025390625 0.018880208333333332
0 0.106201171875 0.4886067708333333 0.0107421875 0.013020833333333334
0 0.210693359375 0.5706380208333334 0.01611328125 0.012369791666666666
0 0.19287109375 0.6487630208333334 0.01220703125 0.016927083333333332
0 0.32373046875 0.6888020833333334 0.009765625 0.018880208333333332
0 0.269287109375 0.4879557291666667 0.009765625 0.013020833333333334
0 0.33740234375 0.5725911458333334 0.01904296875 0.020182291666666668
0 0.335693359375 0.5416666666666666 0.00830078125 0.015625
0 0.3759765625 0.5657552083333334 0.0126953125 0.018880208333333332
0 0.355224609375 0.5 0.009765625 0.013020833333333334
0 0.087890625 0.5924479166666666 0.0087890625 0.013020833333333334
0 0.23046875 0.7252604166666666 0.0107421875 0.011067708333333334
0 0.059814453125 0.404296875 0.01513671875 0.014973958333333334
0 0.0498046875 0.4635416666666667 0.00927734375 0.008463541666666666
0 0.145751953125 0.2796223958333333 0.01416015625 0.014973958333333334
0 0.19482421875 0.5784505208333334 0.00927734375 0.016276041666666668
0 0.2451171875 0.3782552083333333 0.015625 0.020833333333333332
0 0.3369140625 0.2639973958333333 0.0166015625 0.017578125
0 0.543701171875 0.2692057291666667 0.0087890625 0.012369791666666666
0 0.74609375 0.3193359375 0.03759765625 0.045572916666666664
0 0.707763671875 0.2526041666666667 0.015625 0.020833333333333332
0 0.734130859375 0.2516276041666667 0.0185546875 0.016927083333333332
0 0.72900390625 0.2926432291666667 0.0126953125 0.017578125
0 0.7236328125 0.3121744791666667 0.0146484375 0.022786458333333332
0 0.763671875 0.265625 0.01318359375 0.014973958333333334
0 0.76611328125 0.2825520833333333 0.015625 0.017578125
0 0.90625 0.4449869791666667 0.01708984375 0.028645833333333332
0 0.912109375 0.5524088541666666 0.0185546875 0.0234375
0 0.86865234375 0.5475260416666666 0.009765625 0.013020833333333334
0 0.830810546875 0.5670572916666666 0.015625 0.01953125
0 0.88134765625 0.7900390625 0.0146484375 0.01953125
0 0.7451171875 0.806640625 0.01318359375 0.016927083333333332
0 0.6748046875 0.7985026041666666 0.0166015625 0.021484375
0 0.674072265625 0.7819010416666666 0.01171875 0.016927083333333332
0 0.357177734375 0.5152994791666666 0.0078125 0.013671875
0 0.326904296875 0.66015625 0.0146484375 0.017578125
0 0.770263671875 0.5224609375 0.01318359375 0.015625
0 0.607666015625 0.4762369791666667 0.01708984375 0.015625
0 0.73974609375 0.4873046875 0.02001953125 0.016276041666666668
0 0.666748046875 0.26171875 0.01123046875 0.01171875
0 0.654296875 0.3046875 0.01416015625 0.015625
0 0.807861328125 0.2998046875 0.01708984375 0.021484375
0 0.794921875 0.2581380208333333 0.01611328125 0.018880208333333332
0 0.75439453125 0.2740885416666667 0.01123046875 0.014322916666666666
0 0.9326171875 0.6604817708333334 0.01611328125 0.01953125
0 0.846923828125 0.6910807291666666 0.013671875 0.020182291666666668
0 0.90185546875 0.7373046875 0.00830078125 0.014973958333333334
0 0.90576171875 0.71484375 0.01220703125 0.01953125
0 0.90087890625 0.7509765625 0.01220703125 0.01953125
0 0.707763671875 0.7451171875 0.0146484375 0.013671875
0 0.4833984375 0.7972005208333334 0.017578125 0.017578125