0 0.159912109375 0.7268880208333334 0.04296875 0.048828125
0 0.45654296875 0.7076822916666666 0.037109375 0.049479166666666664
0 0.248779296875 0.4720052083333333 0.0419921875 0.047526041666666664
0 0.549072265625 0.703125 0.0419921875 0.048177083333333336
0 0.12109375 0.7242838541666666 0.04052734375 0.051432291666666664
0 0.747314453125 0.7200520833333334 0.04052734375 0.042317708333333336
0 0.609619140625 0.3206380208333333 0.0439453125 0.04296875
0 0.792724609375 0.4143880208333333 0.04541015625 0.044921875
0 0.19189453125 0.521484375 0.03369140625 0.051432291666666664
0 0.3603515625 0.703125 0.03955078125 0.046875
0 0.358642578125 0.5774739583333334 0.0419921875 0.043619791666666664
0 0.50830078125 0.583984375 0.02880859375 0.040364583333333336
0 0.270263671875 0.5680338541666666 0.04296875 0.039713541666666664
0 0.450927734375 0.6429036458333334 0.0400390625 0.0390625
0 0.1005859375 0.3072916666666667 0.0546875 0.061197916666666664
0 0.682373046875 0.3154296875 0.06103515625 0.056640625
0 0.253173828125 0.4202473958333333 0.0380859375 0.054036458333333336
0 0.57373046875 0.6510416666666666 0.02587890625 0.0234375
0 0.48779296875 0.7340494791666666 0.033203125 0.039713541666666664
0 0.146484375 0.6350911458333334 0.04833984375 0.060546875
0 0.62646484375 0.6370442708333334 0.0439453125 0.048828125
0 0.65966796875 0.6988932291666666 0.033203125 0.035807291666666664
0 0.405029296875 0.6803385416666666 0.02734375 0.034505208333333336
0 0.556884765625 0.4518229166666667 0.0361328125 0.044270833333333336
0 0.086181640625 0.4788411458333333 0.03466796875 0.0390625
0 0.248291015625 0.7412109375 0.02978515625 0.029947916666666668
0 0.177490234375 0.4466145833333333 0.03857421875 0.045572916666666664
0 0.679443359375 0.568359375 0.03466796875 0.033203125
0 0.786865234375 0.3180338541666667 0.02587890625 0.033203125
0 0.386962890625 0.630859375 0.03173828125 0.033854166666666664
0 0.415283203125 0.4547526041666667 0.025390625 0.033854166666666664
0 0.307373046875 0.5113932291666666 0.05078125 0.054036458333333336
0 0.59765625 0.4313151041666667 0.02783203125 0.041666666666666664
0 0.25439453125 0.287109375 0.03173828125 0.035807291666666664
0 0.158203125 0.3326822916666667 0.04296875 0.057291666666666664
0 0.67236328125 0.5221354166666666 0.02490234375 0.031901041666666664
0 0.236328125 0.6513671875 0.0224609375 0.03125
0 0.407470703125 0.2903645833333333 0.02880859375 0.037760416666666664
0 0.60888671875 0.5774739583333334 0.02685546875 0.037109375
0 0.1484375 0.515625 0.03369140625 0.039713541666666664
0 0.760009765625 0.443359375 0.0322265625 0.033854166666666664
0 0.794921875 0.6305338541666666 0.033203125 0.041015625
0 0.53955078125 0.3089192708333333 0.017578125 0.016927083333333332
0 0.644287109375 0.4495442708333333 0.0244140625 0.024739583333333332
0 0.078857421875 0.515625 0.0341796875 0.033203125
0 0.73779296875 0.5944010416666666 0.03173828125 0.026041666666666668
0 0.1220703125 0.3922526041666667 0.03515625 0.052083333333333336
0 0.246826171875 0.3489583333333333 0.03564453125 0.054036458333333336
0 0.34326171875 0.6305338541666666 0.025390625 0.044921875
0 0.36083984375 0.30078125 0.0224609375 0.03515625
0 0.465576171875 0.3131510416666667 0.01611328125 0.021484375
0 0.517578125 0.3678385416666667 0.013671875 0.014322916666666666
0 0.7822265625 0.4993489583333333 0.02099609375 0.015625
0 0.740234375 0.4866536458333333 0.0146484375 0.016927083333333332
0 0.439697265625 0.4560546875 0.021484375 0.022135416666666668
0 0.23681640625 0.51171875 0.03271484375 0.03515625
0 0.114013671875 0.3548177083333333 0.0185546875 0.022135416666666668
0 0.11572265625 0.4381510416666667 0.01708984375 0.020182291666666668
0 0.078857421875 0.5520833333333334 0.04638671875 0.045572916666666664
0 0.11767578125 0.4827473958333333 0.0205078125 0.020182291666666668
0 0.7265625 0.6373697916666666 0.0166015625 0.033203125
0 0.42333984375 0.6188151041666666 0.01416015625 0.018880208333333332
0 0.5439453125 0.6516927083333334 0.02880859375 0.03125
0 0.72998046875 0.3365885416666667 0.01318359375 0.020182291666666668
0 0.08544921875 0.6399739583333334 0.01611328125 0.016276041666666668
0 0.49755859375 0.6181640625 0.01611328125 0.014322916666666666
0 0.798095703125 0.287109375 0.02734375 0.030598958333333332
0 0.723388671875 0.4700520833333333 0.02001953125 0.021484375
0 0.742919921875 0.3134765625 0.0166015625 0.024739583333333332
0 0.212158203125 0.3287760416666667 0.0166015625 0.015625
0 0.455810546875 0.2750651041666667 0.017578125 0.020182291666666668
0 0.775390625 0.5240885416666666 0.01513671875 0.018880208333333332
0 0.72998046875 0.4104817708333333 0.01220703125 0.013020833333333334
0 0.47705078125 0.3424479166666667 0.0126953125 0.014973958333333334
0 0.083251953125 0.2610677083333333 0.01708984375 0.016276041666666668
0 0.51904296875 0.3141276041666667 0.01220703125 0.015625
0 0.05322265625 0.6988932291666666 0.03125 0.042317708333333336
0 0.328125 0.3697916666666667 0.01171875 0.010416666666666666
0 0.179443359375 0.6708984375 0.01025390625 0.009765625
0 0.472900390625 0.5895182291666666 0.01513671875 0.022786458333333332
0 0.705078125 0.666015625 0.0087890625 0.013020833333333334
0 0.700439453125 0.6510416666666666 0.0078125 0.011067708333333334
0 0.710693359375 0.6389973958333334 0.013671875 0.021484375
0 0.64501953125 0.73046875 0.01318359375 0.017578125
0 0.619384765625 0.7220052083333334 0.01025390625 0.013020833333333334
0 0.73876953125 0.625 0.03955078125 0.055989583333333336
0 0.788330078125 0.4436848958333333 0.009765625 0.018229166666666668
0 0.791748046875 0.541015625 0.0087890625 0.010416666666666666
0 0.775634765625 0.3753255208333333 0.0556640625 0.055338541666666664
0 0.70556640625 0.4055989583333333 0.009765625 0.01171875
0 0.69140625 0.427734375 0.0380859375 0.068359375
0 0.76025390625 0.3170572916666667 0.0078125 0.01171875
0 0.672119140625 0.2880859375 0.0263671875 0.027994791666666668
0 0.813232421875 0.3033854166666667 0.0205078125 0.020182291666666668
0 0.53076171875 0.3551432291666667 0.01025390625 0.013020833333333334
0 0.626953125 0.4134114583333333 0.00927734375 0.016276041666666668
0 0.490234375 0.2802734375 0.009765625 0.014322916666666666
0 0.345458984375 0.3629557291666667 0.01416015625 0.015625
0 0.392822265625 0.3583984375 0.01123046875 0.016276041666666668
0 0.405029296875 0.3313802083333333 0.01220703125 0.018880208333333332
0 0.371826171875 0.3528645833333333 0.03564453125 0.06640625
0 0.412109375 0.3785807291666667 0.01220703125 0.016276041666666668
0 0.387451171875 0.4850260416666667 0.03271484375 0.039713541666666664
0 0.368408203125 0.4677734375 0.0234375 0.041015625
0 0.376220703125 0.4407552083333333 0.01708984375 0.020833333333333332
0 0.4091796875 0.4918619791666667 0.0234375 0.017578125
0 0.416259765625 0.470703125 0.01220703125 0.014322916666666666
0 0.425537109375 0.4309895833333333 0.0166015625 0.015625
0 0.439697265625 0.2763671875 0.01220703125 0.013671875
0 0.187255859375 0.3063151041666667 0.01171875 0.014322916666666666
0 0.156005859375 0.3011067708333333 0.00732421875 0.012369791666666666
0 0.199951171875 0.4208984375 0.01513671875 0.018229166666666668
0 0.14453125 0.4055989583333333 0.01513671875 0.021484375
0 0.159912109375 0.388671875 0.04345703125 0.046875
0 0.31640625 0.4775390625 0.02001953125 0.0234375
0 0.2744140625 0.4371744791666667 0.009765625 0.014973958333333334
0 0.410400390625 0.5377604166666666 0.06005859375 0.05078125
0 0.525146484375 0.4375 0.00830078125 0.013671875
0 0.6240234375 0.3935546875 0.009765625 0.011067708333333334
0 0.55078125 0.3369140625 0.00732421875 0.014322916666666666
0 0.56884765625 0.5423177083333334 0.01123046875 0.014322916666666666
0 0.583740234375 0.5413411458333334 0.00732421875 0.01171875
0 0.520751953125 0.6341145833333334 0.009765625 0.013671875
0 0.2880859375 0.6155598958333334 0.05322265625 0.06640625
0 0.16162109375 0.546875 0.046875 0.054036458333333336
0 0.063232421875 0.59765625 0.013671875 0.016927083333333332
0 0.224609375 0.6673177083333334 0.025390625 0.022786458333333332
0 0.130615234375 0.6861979166666666 0.0244140625 0.048828125
0 0.19482421875 0.6982421875 0.01806640625 0.0234375
0 0.327392578125 0.6292317708333334 0.00927734375 0.016927083333333332
0 0.3828125 0.6643880208333334 0.021484375 0.033854166666666664
0 0.390380859375 0.6748046875 0.01513671875 0.012369791666666666
0 0.3857421875 0.7099609375 0.01513671875 0.026692708333333332
0 0.501220703125 0.6005859375 0.00927734375 0.014322916666666666
0 0.544677734375 0.6285807291666666 0.01123046875 0.021484375
0 0.554443359375 0.6363932291666666 0.01171875 0.01953125
0 0.451904296875 0.7415364583333334 0.01611328125 0.018880208333333332
0 0.498291015625 0.7073567708333334 0.02734375 0.022786458333333332
0 0.57958984375 0.74609375 0.01220703125 0.010416666666666666
0 0.62255859375 0.7408854166666666 0.01513671875 0.01953125
0 0.736572265625 0.3629557291666667 0.01025390625 0.016276041666666668
0 0.205322265625 0.4036458333333333 0.00830078125 0.009765625
0 0.04150390625 0.6643880208333334 0.015625 0.012369791666666666
0 0.212890625 0.736328125 0.01416015625 0.015625
0 0.437255859375 0.5891927083333334 0.00732421875 0.013671875
0 0.71337890625 0.59765625 0.01416015625 0.01953125
0 0.078857421875 0.4069010416666667 0.01123046875 0.014322916666666666