0 0.31640625 0.4547526041666667 0.025390625 0.048177083333333336
0 0.40380859375 0.9811197916666666 0.0263671875 0.037760416666666664
0 0.697265625 0.2913411458333333 0.0234375 0.046875
0 0.291259765625 0.06640625 0.01611328125 0.020833333333333332
0 0.49755859375 0.8115234375 0.021484375 0.028645833333333332
0 0.500732421875 0.037109375 0.02587890625 0.049479166666666664
0 0.460693359375 0.2845052083333333 0.01708984375 0.027994791666666668
0 0.474609375 0.2353515625 0.0146484375 0.024088541666666668
0 0.34130859375 0.045572916666666664 0.0126953125 0.017578125
0 0.47998046875 0.8580729166666666 0.02734375 0.032552083333333336
0 0.685791015625 0.1142578125 0.04443359375 0.07291666666666667
0 0.72607421875 0.4303385416666667 0.0224609375 0.042317708333333336
0 0.552978515625 0.4124348958333333 0.0126953125 0.032552083333333336
0 0.369873046875 0.4970703125 0.01611328125 0.022135416666666668
0 0.3681640625 0.5764973958333334 0.0341796875 0.06315104166666667
0 0.385986328125 0.21223958333333334 0.0146484375 0.018229166666666668
0 0.728515625 0.2688802083333333 0.01318359375 0.025390625
0 0.67236328125 0.2255859375 0.0361328125 0.056640625
0 0.3466796875 0.8798828125 0.0439453125 0.06705729166666667
0 0.30224609375 0.6767578125 0.03955078125 0.06640625
0 0.5576171875 0.7213541666666666 0.0458984375 0.07096354166666667
0 0.705322265625 0.6204427083333334 0.02099609375 0.0234375
0 0.61669921875 0.18489583333333334 0.04443359375 0.053385416666666664
0 0.358642578125 0.10774739583333333 0.0283203125 0.041666666666666664
0 0.65576171875 0.5094401041666666 0.0322265625 0.05859375
0 0.57421875 0.9928385416666666 0.0458984375 0.014322916666666666
0 0.326171875 0.4117838541666667 0.0419921875 0.055338541666666664
0 0.29052734375 0.455078125 0.048828125 0.0625
0 0.41162109375 0.2610677083333333 0.01416015625 0.018229166666666668
0 0.304931640625 0.2236328125 0.0595703125 0.080078125
0 0.612060546875 0.9287109375 0.03515625 0.064453125
0 0.43505859375 0.7877604166666666 0.0654296875 0.08268229166666667
0 0.52587890625 0.943359375 0.0390625 0.048828125
0 0.320556640625 0.6015625 0.064453125 0.107421875
0 0.642822265625 0.5947265625 0.0361328125 0.0546875
0 0.711181640625 0.9150390625 0.04443359375 0.07682291666666667
0 0.503662109375 0.6370442708333334 0.04833984375 0.068359375
0 0.3232421875 0.06998697916666667 0.009765625 0.015625
0 0.2734375 0.04296875 0.01025390625 0.022786458333333332
0 0.702880859375 0.673828125 0.02099609375 0.033854166666666664
0 0.31787109375 0.007486979166666667 0.0380859375 0.014973958333333334
0 0.580810546875 0.5341796875 0.0390625 0.044921875
0 0.499755859375 0.11555989583333333 0.0537109375 0.0859375
0 0.546142578125 0.5302734375 0.04833984375 0.06315104166666667
0 0.280517578125 0.5817057291666666 0.01171875 0.010416666666666666
0 0.2880859375 0.5364583333333334 0.01708984375 0.016276041666666668
0 0.27490234375 0.5481770833333334 0.0146484375 0.022786458333333332
0 0.395263671875 0.357421875 0.0439453125 0.06510416666666667
0 0.361572265625 0.18587239583333334 0.01611328125 0.01953125
0 0.39599609375 0.055989583333333336 0.01318359375 0.016276041666666668
0 0.3251953125 0.2991536458333333 0.01416015625 0.01953125
0 0.30126953125 0.3020833333333333 0.01513671875 0.020182291666666668
0 0.2783203125 0.2799479166666667 0.01416015625 0.025390625
0 0.43603515625 0.20475260416666666 0.01953125 0.018229166666666668
0 0.46875 0.2568359375 0.01806640625 0.02734375
0 0.498046875 0.21614583333333334 0.01123046875 0.020182291666666668
0 0.4892578125 0.1904296875 0.01806640625 0.03125
0 0.53369140625 0.041015625 0.013671875 0.018880208333333332
0 0.68115234375 0.0546875 0.01123046875 0.02734375
0 0.7158203125 0.189453125 0.0107421875 0.0234375
0 0.708984375 0.16927083333333334 0.01611328125 0.017578125
0 0.669677734375 0.4016927083333333 0.01220703125 0.011067708333333334
0 0.662841796875 0.2760416666666667 0.01416015625 0.024739583333333332
0 0.656494140625 0.19791666666666666 0.00927734375 0.012369791666666666
0 0.64501953125 0.17513020833333334 0.009765625 0.025390625
0 0.635498046875 0.21647135416666666 0.0087890625 0.014322916666666666
0 0.588134765625 0.4000651041666667 0.015625 0.018880208333333332
0 0.62158203125 0.4475911458333333 0.00830078125 0.0234375
0 0.65673828125 0.4563802083333333 0.0107421875 0.01953125
0 0.708984375 0.439453125 0.01513671875 0.014973958333333334
0 0.7333984375 0.5182291666666666 0.037109375 0.036458333333333336
0 0.64013671875 0.6529947916666666 0.04150390625 0.0625
0 0.576416015625 0.6513671875 0.01220703125 0.017578125
0 0.556640625 0.58984375 0.01220703125 0.013671875
0 0.581787109375 0.8512369791666666 0.041015625 0.055338541666666664
0 0.6572265625 0.9720052083333334 0.07421875 0.055989583333333336
0 0.307861328125 0.8216145833333334 0.021484375 0.0234375
0 0.36669921875 0.6328125 0.01806640625 0.013671875
0 0.379638671875 0.7037760416666666 0.01416015625 0.024739583333333332
0 0.359130859375 0.5374348958333334 0.01611328125 0.018229166666666668
0 0.308837890625 0.3271484375 0.01025390625 0.014322916666666666
0 0.316162109375 0.3522135416666667 0.0185546875 0.016927083333333332
0 0.714599609375 0.3212890625 0.0087890625 0.018880208333333332
0 0.72119140625 0.3414713541666667 0.00732421875 0.020833333333333332
0 0.702880859375 0.0146484375 0.0185546875 0.018880208333333332
0 0.4375 0.5856119791666666 0.06640625 0.15169270833333334
0 0.298828125 0.16438802083333334 0.015625 0.016927083333333332
0 0.5322265625 0.732421875 0.01171875 0.014973958333333334
0 0.3076171875 0.13802083333333334 0.015625 0.016276041666666668
0 0.335205078125 0.11263020833333333 0.015625 0.016276041666666668
0 0.52001953125 0.030924479166666668 0.013671875 0.014973958333333334
0 0.544189453125 0.07877604166666667 0.01708984375 0.021484375
0 0.295654296875 0.9609375 0.01416015625 0.020833333333333332
0 0.28369140625 0.8658854166666666 0.01904296875 0.020833333333333332
0 0.364501953125 0.6741536458333334 0.01318359375 0.014973958333333334
0 0.472900390625 0.4772135416666667 0.01220703125 0.012369791666666666
0 0.518310546875 0.3916015625 0.01171875 0.026041666666666668
0 0.435546875 0.3828125 0.044921875 0.044921875
0 0.447509765625 0.4248046875 0.04443359375 0.061848958333333336
0 0.47998046875 0.3929036458333333 0.04150390625 0.03125
0 0.28173828125 0.1435546875 0.01318359375 0.025390625
0 0.590576171875 0.2555338541666667 0.01171875 0.014322916666666666
0 0.626220703125 0.2682291666666667 0.0107421875 0.01171875
0 0.64892578125 0.3427734375 0.01025390625 0.018880208333333332
0 0.54833984375 0.8369140625 0.01904296875 0.017578125
0 0.5087890625 0.7858072916666666 0.01123046875 0.013020833333333334
0 0.393798828125 0.9342447916666666 0.0166015625 0.022786458333333332
0 0.31982421875 0.5055338541666666 0.01220703125 0.016276041666666668
0 0.341552734375 0.5305989583333334 0.0087890625 0.01953125
0 0.285888671875 0.3701171875 0.0146484375 0.016276041666666668
0 0.286376953125 0.3522135416666667 0.013671875 0.024739583333333332
0 0.379150390625 0.16764322916666666 0.01318359375 0.016276041666666668
0 0.4453125 0.2552083333333333 0.013671875 0.01953125
0 0.413330078125 0.3092447916666667 0.0087890625 0.011067708333333334
0 0.504150390625 0.2526041666666667 0.01025390625 0.016927083333333332
0 0.570068359375 0.2666015625 0.01416015625 0.0234375