0 0.3657738095238095 0.4185383597883598 0.014419642857142811 0.014960317460317452
0 0.8886755952380951 0.3470734126984127 0.02361855158730153 0.02550925925925925
0 0.8829885912698412 0.257579365079365 0.0299057539682539 0.028802910052910063
0 0.47070188492063486 0.4930059523809523 0.01826140873015869 0.019087301587301653
0 0.3945882936507936 0.4423941798941799 0.013606150793650795 0.012337962962962893
0 0.42693700396825396 0.3476686507936508 0.03272321428571434 0.045168650793650844
0 0.6180307539682539 0.29268849206349207 0.013330853174603252 0.02009589947089944
0 0.7189335317460317 0.5646759259259259 0.028844246031745957 0.026435185185185173
0 0.5981398809523809 0.6312896825396824 0.04820188492063493 0.028759920634920572
0 0.6463640873015872 0.24770171957671958 0.013308531746031749 0.017390873015873016
0 0.38010912698412697 0.455 0.012065972222222165 0.018587962962962983
0 0.533405257936508 0.37407407407407406 0.013288690476190412 0.01205687830687833
0 0.4349082341269841 0.5290509259259258 0.012993551587301533 0.021689814814814874
0 0.6955183531746031 0.6498544973544974 0.015659722222222117 0.025403439153439084
0 0.5113095238095238 0.4183829365079365 0.012309027777777759 0.020059523809523878
0 0.5687400793650793 0.604537037037037 0.010969742063491994 0.011216931216931236
0 0.9535292658730159 0.6655291005291005 0.012061011904761942 0.014553571428571388
0 0.9216468253968253 0.71823082010582 0.019546130952381002 0.023058862433862497
0 0.5148115079365079 0.6484920634920635 0.013878968253968171 0.01634259259259263
0 0.516703869047619 0.7451421957671958 0.010243055555555491 0.01459325396825406
0 0.7832217261904761 0.38506944444444446 0.013621031746031687 0.020443121693121718
0 0.3704141865079365 0.3899239417989418 0.009231150793650778 0.011593915343915295
0 0.7312847222222222 0.2426058201058201 0.010210813492063542 0.016021825396825395
0 0.6553869047619048 0.535406746031746 0.009231150793650889 0.017913359788359767
0 0.6475198412698413 0.3365046296296296 0.011393849206349227 0.01626322751322758
0 0.36694940476190474 0.5332076719576719 0.011773313492063453 0.019041005291005348
0 0.18556795634920634 0.5572156084656085 0.009910714285714273 0.011954365079365056
0 0.24600694444444443 0.5877480158730158 0.011584821428571423 0.011970899470899502
0 0.2631746031746031 0.38275462962962964 0.03112599206349209 0.04119378306878311
0 0.27873759920634916 0.4251785714285714 0.010049603174603128 0.008796296296296338
0 0.3142584325396825 0.42889550264550264 0.010188492063492038 0.013998015873015893
0 0.3471999007936508 0.42703703703703694 0.014935515873015892 0.013257275132275185
0 0.424015376984127 0.41841600529100526 0.016912202380952368 0.01278769841269837
0 0.5903720238095238 0.44233796296296296 0.01183283730158724 0.013184523809523766
0 0.5029637896825396 0.45534391534391533 0.010999503968253999 0.020972222222222243
0 0.6564508928571428 0.385896164021164 0.011999007936507988 0.02029100529100525
0 0.7058655753968254 0.3602281746031746 0.01716517857142863 0.013399470899470836
0 0.7498611111111111 0.22977513227513227 0.01416666666666666 0.018250661375661375
0 0.41515625 0.6352380952380953 0.01245535714285717 0.024398148148148113
0 0.39359126984126985 0.6744609788359788 0.013147321428571446 0.020423280423280527
0 0.4314161706349206 0.7096726190476191 0.009918154761904718 0.01211970899470908
0 0.2290079365079365 0.715925925925926 0.016076388888888904 0.027718253968253965
0 0.6685838293650793 0.4249272486772486 0.011887400793650693 0.02034060846560844
0 0.6558159722222222 0.34491732804232805 0.01144841269841268 0.013541666666666638
0 0.1996924603174603 0.5477579365079365 0.015488591269841256 0.010955687830687863
0 0.20241319444444444 0.6725231481481481 0.014652777777777792 0.01655092592592607
0 0.28447916666666667 0.7037136243386244 0.010887896825396814 0.011716269841269758
0 0.2934176587301587 0.6724305555555555 0.011289682539682544 0.011517857142857283
0 0.30948908730158725 0.5863955026455027 0.01587053571428576 0.016484788359788432
0 0.7244841269841269 0.6436673280423281 0.010572916666666599 0.01620039682539683
0 0.893172123015873 0.7266236772486772 0.010133928571428585 0.012371031746031788
0 0.8966369047619046 0.6900958994708994 0.009878472222222268 0.010806878306878431
0 0.7641964285714284 0.547037037037037 0.013115079365079385 0.015446428571428564
0 0.7724330357142857 0.4760284391534391 0.011279761904761987 0.01721230158730158
0 0.6516021825396826 0.5104530423280423 0.01923611111111101 0.01432539682539676
0 0.6697519841269841 0.48942791005291003 0.009255952380952337 0.017400793650793684
0 0.5757192460317461 0.2606117724867725 0.00963789682539673 0.012867063492063494
0 0.4289037698412698 0.26058531746031743 0.009077380952380976 0.01587632275132278
0 0.3892757936507936 0.34447420634920634 0.016098710317460352 0.022066798941798933
0 0.4540848214285714 0.3341071428571429 0.010548115079365039 0.01947089947089949
0 0.21061755952380953 0.5583664021164021 0.013239087301587293 0.014768518518518459
0 0.26591269841269843 0.5431117724867724 0.0075744047619047405 0.012546296296296333
0 0.40388640873015874 0.4885515873015873 0.022043650793650782 0.024818121693121736
0 0.7627058531746032 0.7289054232804233 0.014694940476190466 0.018941798941798815
0 0.8988864087301587 0.659021164021164 0.010287698412698498 0.015023148148148202
0 0.7467857142857143 0.6980456349206349 0.017633928571428648 0.02318783068783059
0 0.6420808531746031 0.6547751322751322 0.01347222222222233 0.020899470899470824
0 0.6559176587301586 0.5888062169312168 0.015186011904761987 0.018287037037037084
0 0.5486383928571429 0.6196693121693122 0.011755952380952284 0.01600198412698406
0 0.39947916666666666 0.585380291005291 0.011755952380952395 0.014695767195767187
0 0.4820188492063492 0.513859126984127 0.014206349206349222 0.017308201058201078
0 0.25680803571428573 0.6872685185185184 0.012981150793650809 0.017308201058201078