0 0.6731770833333334 0.869384765625 0.020833333333333332 0.0234375
0 0.4713541666666667 0.59033203125 0.052734375 0.04736328125
0 0.4095052083333333 0.447509765625 0.037109375 0.0234375
0 0.7027994791666666 0.714111328125 0.018880208333333332 0.01904296875
0 0.3463541666666667 0.602783203125 0.025390625 0.02490234375
0 0.6653645833333334 0.468505859375 0.040364583333333336 0.0361328125
0 0.6363932291666666 0.6845703125 0.033854166666666664 0.02734375
0 0.5777994791666666 0.9267578125 0.045572916666666664 0.04052734375
0 0.3932291666666667 0.9208984375 0.040364583333333336 0.03076171875
0 0.3509114583333333 0.9033203125 0.026692708333333332 0.02392578125
0 0.69140625 0.30419921875 0.031901041666666664 0.03076171875
0 0.4059244791666667 0.629150390625 0.029296875 0.02880859375
0 0.6761067708333334 0.68359375 0.031901041666666664 0.02783203125
0 0.5986328125 0.593017578125 0.034505208333333336 0.0283203125
0 0.5885416666666666 0.35107421875 0.018880208333333332 0.01953125
0 0.6953125 0.64794921875 0.029947916666666668 0.0283203125
0 0.44921875 0.509033203125 0.021484375 0.017578125
0 0.2786458333333333 0.290283203125 0.02734375 0.0224609375
0 0.4697265625 0.9052734375 0.021484375 0.01806640625
0 0.61328125 0.74755859375 0.029947916666666668 0.0263671875
0 0.404296875 0.803955078125 0.033203125 0.0283203125
0 0.3108723958333333 0.8115234375 0.02734375 0.0341796875
0 0.24446614583333334 0.853271484375 0.020182291666666668 0.0146484375
0 0.5169270833333334 0.547607421875 0.014322916666666666 0.009765625
0 0.4801432291666667 0.499267578125 0.029947916666666668 0.021484375
0 0.2591145833333333 0.79248046875 0.022786458333333332 0.0224609375
0 0.3658854166666667 0.73095703125 0.0546875 0.052734375
0 0.3935546875 0.565673828125 0.027994791666666668 0.0234375
0 0.5045572916666666 0.9033203125 0.014322916666666666 0.01513671875
0 0.5338541666666666 0.260009765625 0.034505208333333336 0.03369140625
0 0.5602213541666666 0.536376953125 0.014322916666666666 0.01416015625
0 0.3336588541666667 0.859130859375 0.042317708333333336 0.03564453125
0 0.3610026041666667 0.22412109375 0.02734375 0.0234375
0 0.3043619791666667 0.677490234375 0.045572916666666664 0.03515625
0 0.6803385416666666 0.814453125 0.020182291666666668 0.01904296875
0 0.6790364583333334 0.768310546875 0.024088541666666668 0.02099609375
0 0.2890625 0.93115234375 0.013020833333333334 0.01416015625
0 0.7389322916666666 0.93359375 0.025390625 0.02294921875
0 0.5618489583333334 0.583984375 0.029296875 0.0234375
0 0.267578125 0.63232421875 0.014322916666666666 0.01416015625
0 0.3427734375 0.572998046875 0.015625 0.01318359375
0 0.4290364583333333 0.90673828125 0.018880208333333332 0.01513671875
0 0.3089192708333333 0.781005859375 0.020182291666666668 0.015625
0 0.4658203125 0.642333984375 0.036458333333333336 0.0302734375
0 0.408203125 0.28857421875 0.0234375 0.01708984375
0 0.4534505208333333 0.484130859375 0.013020833333333334 0.013671875
0 0.5511067708333334 0.7724609375 0.016927083333333332 0.01513671875
0 0.2451171875 0.631591796875 0.016276041666666668 0.01220703125
0 0.3821614583333333 0.47265625 0.020182291666666668 0.01220703125
0 0.2630208333333333 0.718017578125 0.018880208333333332 0.01171875
0 0.6614583333333334 0.65234375 0.014973958333333334 0.015625
0 0.4420572916666667 0.775634765625 0.014322916666666666 0.01513671875
0 0.5006510416666666 0.7724609375 0.037109375 0.0380859375
0 0.3688151041666667 0.328125 0.012369791666666666 0.01513671875
0 0.5432942708333334 0.620849609375 0.024088541666666668 0.01904296875
0 0.6676432291666666 0.543212890625 0.01953125 0.01318359375
0 0.6930338541666666 0.895263671875 0.013020833333333334 0.01708984375
0 0.5188802083333334 0.598388671875 0.014322916666666666 0.01171875
0 0.3072916666666667 0.919921875 0.011067708333333334 0.0107421875
0 0.607421875 0.453369140625 0.014973958333333334 0.01123046875
0 0.3639322916666667 0.773681640625 0.022135416666666668 0.0283203125
0 0.6090494791666666 0.410888671875 0.011067708333333334 0.00927734375
0 0.4827473958333333 0.7431640625 0.0234375 0.01513671875
0 0.447265625 0.94140625 0.024088541666666668 0.01806640625
0 0.2591145833333333 0.586669921875 0.016927083333333332 0.01220703125
0 0.3450520833333333 0.474853515625 0.016927083333333332 0.01416015625
0 0.3359375 0.76904296875 0.018880208333333332 0.0185546875
0 0.5309244791666666 0.932373046875 0.015625 0.01416015625
0 0.2975260416666667 0.272705078125 0.011067708333333334 0.01318359375
0 0.3333333333333333 0.20068359375 0.017578125 0.01220703125
0 0.2548828125 0.876953125 0.014973958333333334 0.0146484375
0 0.2737630208333333 0.321044921875 0.014973958333333334 0.01318359375
0 0.2998046875 0.744873046875 0.011067708333333334 0.01220703125
0 0.4612630208333333 0.76123046875 0.017578125 0.013671875
0 0.6070963541666666 0.53662109375 0.027994791666666668 0.01806640625
0 0.6363932291666666 0.768310546875 0.020182291666666668 0.0166015625
0 0.6526692708333334 0.779541015625 0.015625 0.017578125
0 0.4501953125 0.67431640625 0.013671875 0.009765625
0 0.5638020833333334 0.447021484375 0.018229166666666668 0.01904296875
0 0.5537109375 0.6396484375 0.013020833333333334 0.0107421875
0 0.6806640625 0.9287109375 0.01953125 0.0166015625
0 0.3561197916666667 0.293212890625 0.020182291666666668 0.0244140625
0 0.2747395833333333 0.748291015625 0.010416666666666666 0.0146484375
0 0.3121744791666667 0.560791015625 0.020833333333333332 0.0126953125
0 0.29296875 0.876220703125 0.015625 0.01123046875
0 0.6526692708333334 0.939208984375 0.009765625 0.0146484375
0 0.6077473958333334 0.626708984375 0.014973958333333334 0.01025390625
0 0.37890625 0.289306640625 0.029296875 0.01953125
0 0.6640625 0.91943359375 0.016276041666666668 0.01513671875
0 0.5774739583333334 0.22412109375 0.018229166666666668 0.01171875
0 0.3046875 0.63134765625 0.011067708333333334 0.01171875
0 0.6018880208333334 0.2822265625 0.017578125 0.01416015625
0 0.5081380208333334 0.218994140625 0.013020833333333334 0.0087890625
0 0.4720052083333333 0.209716796875 0.011067708333333334 0.0087890625
0 0.2766927083333333 0.385986328125 0.024739583333333332 0.01123046875
0 0.3701171875 0.43701171875 0.013671875 0.01416015625
0 0.3795572916666667 0.40771484375 0.024088541666666668 0.01611328125
0 0.380859375 0.548583984375 0.024739583333333332 0.0166015625
0 0.4703776041666667 0.551513671875 0.018229166666666668 0.0146484375
0 0.5094401041666666 0.629638671875 0.016927083333333332 0.0107421875
0 0.4951171875 0.63134765625 0.010416666666666666 0.01025390625
0 0.6754557291666666 0.52197265625 0.024088541666666668 0.01123046875
0 0.6015625 0.52294921875 0.026041666666666668 0.01416015625
0 0.546875 0.5966796875 0.013020833333333334 0.01513671875
0 0.6555989583333334 0.755126953125 0.03515625 0.03466796875
0 0.5927734375 0.754150390625 0.017578125 0.02001953125
0 0.6569010416666666 0.79296875 0.016927083333333332 0.0146484375
0 0.6552734375 0.876953125 0.015625 0.0322265625
0 0.6025390625 0.824462890625 0.017578125 0.01171875
0 0.5491536458333334 0.940185546875 0.017578125 0.0146484375
0 0.4534505208333333 0.963623046875 0.017578125 0.01416015625
0 0.3733723958333333 0.854736328125 0.0234375 0.0166015625
0 0.4156901041666667 0.951171875 0.022135416666666668 0.01708984375
0 0.5029296875 0.848388671875 0.020833333333333332 0.0166015625
0 0.3834635416666667 0.77001953125 0.017578125 0.0224609375
0 0.2958984375 0.697265625 0.013020833333333334 0.02001953125
0 0.3561197916666667 0.712646484375 0.018229166666666668 0.0185546875
0 0.3932291666666667 0.7080078125 0.014322916666666666 0.01220703125
0 0.609375 0.555908203125 0.013020833333333334 0.01318359375
0 0.6783854166666666 0.4326171875 0.015625 0.0068359375
0 0.5677083333333334 0.31884765625 0.013671875 0.01220703125
0 0.447265625 0.5537109375 0.014973958333333334 0.0126953125
0 0.4794921875 0.709228515625 0.016276041666666668 0.01416015625
0 0.3548177083333333 0.541015625 0.009114583333333334 0.00830078125
0 0.3369140625 0.54833984375 0.011067708333333334 0.01123046875
0 0.7291666666666666 0.72216796875 0.011067708333333334 0.00732421875
0 0.4482421875 0.87841796875 0.021484375 0.01220703125