0 0.437744140625 0.7005208333333334 0.02685546875 0.033203125
0 0.620361328125 0.5530598958333334 0.0341796875 0.032552083333333336
0 0.460205078125 0.7294921875 0.02685546875 0.036458333333333336
0 0.4013671875 0.4501953125 0.017578125 0.022786458333333332
0 0.31787109375 0.3837890625 0.01806640625 0.037760416666666664
0 0.56005859375 0.4869791666666667 0.01611328125 0.020833333333333332
0 0.601806640625 0.6048177083333334 0.015625 0.024739583333333332
0 0.877197265625 0.53515625 0.01953125 0.025390625
0 0.5849609375 0.7298177083333334 0.02197265625 0.020182291666666668
0 0.79833984375 0.7021484375 0.017578125 0.022786458333333332
0 0.32373046875 0.7535807291666666 0.025390625 0.02734375
0 0.455078125 0.4440104166666667 0.017578125 0.024088541666666668
0 0.720947265625 0.2975260416666667 0.0205078125 0.024739583333333332
0 0.850341796875 0.3831380208333333 0.02392578125 0.022135416666666668
0 0.8193359375 0.7408854166666666 0.01513671875 0.025390625
0 0.2919921875 0.6728515625 0.02734375 0.025390625
0 0.8681640625 0.6725260416666666 0.01904296875 0.029947916666666668
0 0.426513671875 0.5322265625 0.03271484375 0.041015625
0 0.76953125 0.7395833333333334 0.01904296875 0.024739583333333332
0 0.858642578125 0.5169270833333334 0.01708984375 0.027994791666666668
0 0.67724609375 0.3909505208333333 0.021484375 0.015625
0 0.45947265625 0.3577473958333333 0.0234375 0.030598958333333332
0 0.808837890625 0.3160807291666667 0.01611328125 0.015625
0 0.22900390625 0.7268880208333334 0.0185546875 0.022786458333333332
0 0.626953125 0.435546875 0.02099609375 0.027994791666666668
0 0.681396484375 0.6119791666666666 0.01806640625 0.025390625
0 0.29931640625 0.3515625 0.02783203125 0.024088541666666668
0 0.689453125 0.6422526041666666 0.017578125 0.016276041666666668
0 0.37841796875 0.5960286458333334 0.0302734375 0.04296875
0 0.783935546875 0.6201171875 0.01806640625 0.024088541666666668
0 0.552490234375 0.306640625 0.017578125 0.014322916666666666
0 0.906982421875 0.4033203125 0.01904296875 0.025390625
0 0.889892578125 0.3343098958333333 0.0166015625 0.028645833333333332
0 0.72119140625 0.685546875 0.0185546875 0.018880208333333332
0 0.77197265625 0.3987630208333333 0.03125 0.03125
0 0.408203125 0.3994140625 0.01318359375 0.017578125
0 0.287109375 0.3675130208333333 0.013671875 0.016276041666666668
0 0.5791015625 0.4212239583333333 0.01171875 0.014973958333333334
0 0.889892578125 0.6920572916666666 0.02490234375 0.03125
0 0.5927734375 0.3841145833333333 0.03271484375 0.024088541666666668
0 0.84423828125 0.3564453125 0.0126953125 0.015625
0 0.717041015625 0.3541666666666667 0.01123046875 0.013671875
0 0.40234375 0.3430989583333333 0.00927734375 0.009765625
0 0.4482421875 0.2978515625 0.0068359375 0.011067708333333334
0 0.32861328125 0.3434244791666667 0.00634765625 0.012369791666666666
0 0.661865234375 0.3714192708333333 0.00390625 0.015625
0 0.761474609375 0.353515625 0.01416015625 0.0234375
0 0.824951171875 0.3688151041666667 0.0107421875 0.010416666666666666
0 0.831298828125 0.3291015625 0.00732421875 0.0078125
0 0.8330078125 0.3079427083333333 0.0068359375 0.009765625
0 0.917236328125 0.32421875 0.0126953125 0.03125
0 0.897216796875 0.3004557291666667 0.01904296875 0.026692708333333332
0 0.943359375 0.2887369791666667 0.02880859375 0.046875
0 0.919189453125 0.3610026041666667 0.01025390625 0.012369791666666666
0 0.91162109375 0.46484375 0.0107421875 0.020182291666666668
0 0.9208984375 0.5 0.01025390625 0.018229166666666668
0 0.85595703125 0.4488932291666667 0.0283203125 0.016276041666666668
0 0.855224609375 0.4768880208333333 0.033203125 0.041015625
0 0.923828125 0.5240885416666666 0.009765625 0.015625
0 0.88720703125 0.65234375 0.00927734375 0.014322916666666666
0 0.92626953125 0.7288411458333334 0.0146484375 0.02734375
0 0.881591796875 0.7255859375 0.02294921875 0.024088541666666668
0 0.87548828125 0.7099609375 0.015625 0.020182291666666668
0 0.8525390625 0.7389322916666666 0.0087890625 0.012369791666666666
0 0.747314453125 0.7119140625 0.013671875 0.029296875
0 0.7197265625 0.7119140625 0.01123046875 0.014973958333333334
0 0.728759765625 0.7005208333333334 0.00634765625 0.013020833333333334
0 0.7353515625 0.6614583333333334 0.0107421875 0.022786458333333332
0 0.759033203125 0.6484375 0.0087890625 0.012369791666666666
0 0.75 0.6474609375 0.009765625 0.010416666666666666
0 0.55810546875 0.7223307291666666 0.0107421875 0.013671875
0 0.480224609375 0.7281901041666666 0.01220703125 0.01953125
0 0.19384765625 0.7119140625 0.0087890625 0.01171875
0 0.44970703125 0.5205078125 0.0244140625 0.037760416666666664
0 0.389404296875 0.5550130208333334 0.013671875 0.013671875
0 0.346435546875 0.5266927083333334 0.01953125 0.013671875
0 0.420654296875 0.5983072916666666 0.01513671875 0.020833333333333332
0 0.419677734375 0.5817057291666666 0.00732421875 0.013671875
0 0.481201171875 0.6315104166666666 0.00732421875 0.018880208333333332
0 0.243408203125 0.4488932291666667 0.021484375 0.024739583333333332
0 0.1953125 0.5247395833333334 0.01025390625 0.016927083333333332
0 0.21826171875 0.5738932291666666 0.01123046875 0.011067708333333334
0 0.18115234375 0.5087890625 0.0078125 0.013671875
0 0.211181640625 0.3447265625 0.015625 0.022135416666666668
0 0.589599609375 0.5065104166666666 0.03125 0.030598958333333332
0 0.540283203125 0.4401041666666667 0.0087890625 0.013671875
0 0.55224609375 0.4222005208333333 0.01220703125 0.016927083333333332
0 0.533203125 0.3509114583333333 0.02392578125 0.027994791666666668
0 0.683837890625 0.4293619791666667 0.017578125 0.020182291666666668
0 0.875244140625 0.6123046875 0.03759765625 0.046875
0 0.83544921875 0.6220703125 0.02197265625 0.032552083333333336
0 0.8251953125 0.6009114583333334 0.01318359375 0.010416666666666666
0 0.836669921875 0.5930989583333334 0.021484375 0.0234375
0 0.85205078125 0.609375 0.0126953125 0.0234375
0 0.91943359375 0.6175130208333334 0.0087890625 0.012369791666666666
0 0.902587890625 0.7320963541666666 0.01513671875 0.013020833333333334
0 0.781982421875 0.7607421875 0.01611328125 0.017578125
0 0.271484375 0.41015625 0.01904296875 0.024088541666666668