0 0.45337301587301587 0.4646164021164021 0.019841269841269882 0.023148148148148213
0 0.38417658730158727 0.48594576719576715 0.02331349206349209 0.03009259259259256
0 0.6254960317460317 0.4379960317460317 0.0570436507936507 0.0479497354497355
0 0.5868055555555555 0.386574074074074 0.02331349206349209 0.02777777777777783
0 0.5493551587301587 0.4482473544973545 0.02430555555555558 0.039351851851851784
0 0.8908730158730158 0.6922949735449735 0.04513888888888884 0.06712962962962976
0 0.6997767857142857 0.5846560846560847 0.043898809523809534 0.03835978835978837
0 0.3040674603174603 0.447255291005291 0.019345238095238138 0.03009259259259256
0 0.9590773809523809 0.6147486772486772 0.05208333333333326 0.06349206349206356
0 0.26884920634920634 0.33796296296296297 0.018849206349206393 0.023809523809523874
0 0.6331845238095237 0.703207671957672 0.028273809523809534 0.0327380952380952
0 0.39992559523809523 0.5629960317460317 0.0379464285714286 0.03670634920634915
0 0.3943452380952381 0.5153769841269841 0.015873015873015928 0.019510582010582016
0 0.7997271825396824 0.6036706349206349 0.023065476190476275 0.02281746031746031
0 0.20126488095238093 0.3950066137566137 0.015128968253968256 0.01554232804232806
0 0.714905753968254 0.4593253968253968 0.018601190476190466 0.023148148148148213
0 0.8788442460317459 0.427744708994709 0.025545634920634885 0.03207671957671954
0 0.5091765873015873 0.599537037037037 0.028769841269841168 0.03571428571428573
0 0.5499751984126984 0.5846560846560847 0.03745039682539675 0.0443121693121693
0 0.6449652777777778 0.533068783068783 0.04092261904761907 0.05224867724867721
0 0.8312251984126984 0.5871362433862434 0.02703373015873023 0.03009259259259256
0 0.9206349206349206 0.23032407407407407 0.02678571428571419 0.02281746031746031
0 0.8266369047619048 0.7600859788359787 0.03323412698412698 0.04464285714285706
0 0.8955853174603174 0.47900132275132273 0.021329365079365115 0.029431216931216902
0 0.6128472222222222 0.6142526455026455 0.01835317460317465 0.021494708994708994
0 0.19481646825396826 0.5982142857142857 0.022073412698412676 0.03439153439153442
0 0.6768353174603174 0.6724537037037037 0.026289682539682557 0.031415343915343875
0 0.43117559523809523 0.6610449735449735 0.028025793650793607 0.03505291005291008
0 0.31200396825396826 0.5115740740740741 0.029761904761904767 0.029100529100529144
0 0.9129464285714285 0.5277777777777778 0.030753968253968145 0.030423280423280463
0 0.8851686507936507 0.7660383597883597 0.024801587301587213 0.024140211640211778
0 0.7130456349206349 0.7189153439153438 0.025793650793650702 0.033730158730158756
0 0.890625 0.37566137566137564 0.01835317460317465 0.01984126984126977
0 0.8566468253968254 0.7022156084656084 0.023809523809523725 0.02215608465608465
0 0.4417162698412698 0.5833333333333334 0.015376984126984072 0.015873015873015817
0 0.9634176587301587 0.23611111111111108 0.02604166666666674 0.03042328042328039
0 0.9559771825396824 0.738095238095238 0.02157738095238093 0.029761904761904805
0 0.3146081349206349 0.32589285714285715 0.017609126984126977 0.01620370370370372
0 0.7666170634920635 0.652281746031746 0.028769841269841168 0.03802910052910047
0 0.777405753968254 0.7514880952380952 0.013144841269841168 0.01554232804232806
0 0.3585069444444444 0.49239417989417983 0.025545634920634885 0.022486772486772555
0 0.5288938492063492 0.6932870370370371 0.01909722222222232 0.02149470899470914
0 0.43030753968253965 0.32853835978835977 0.013392857142857095 0.014880952380952403
0 0.9773065476190476 0.7488425925925926 0.025545634920634885 0.03472222222222232
0 0.665798611111111 0.45287698412698413 0.015128968253968145 0.02215608465608465
0 0.583829365079365 0.6547619047619047 0.016369047619047672 0.024470899470899532
0 0.8402777777777777 0.2612433862433862 0.03819444444444442 0.0443121693121693
0 0.6505456349206349 0.320271164021164 0.02678571428571419 0.03207671957671961
0 0.9760664682539681 0.34209656084656087 0.02703373015873023 0.042658730158730084
0 0.39496527777777773 0.41137566137566134 0.03893849206349209 0.037037037037037056
0 0.4751984126984127 0.773148148148148 0.015873015873015817 0.01984126984126977
0 0.7943948412698413 0.714781746031746 0.03918650793650791 0.04265873015873023
0 0.4305555555555555 0.4239417989417989 0.019345238095238138 0.029100529100529144
0 0.3993055555555555 0.44510582010582006 0.014880952380952328 0.02050264550264543
0 0.1994047619047619 0.75 0.012400793650793662 0.0145502645502645
0 0.4497767857142857 0.6233465608465608 0.014136904761904767 0.023148148148148213
0 0.32192460317460314 0.5676256613756613 0.014384920634920584 0.02215608465608465
0 0.5691964285714285 0.33614417989417983 0.011904761904761862 0.012235449735449766
0 0.25483630952380953 0.4234457671957672 0.014632936507936511 0.014880952380952403
0 0.8498263888888888 0.33746693121693117 0.014632936507936511 0.014219576719576743
0 0.701016865079365 0.6481481481481481 0.038442460317460236 0.029100529100529144
0 0.9518849206349206 0.2628968253968254 0.027281746031746046 0.03042328042328039
0 0.9286954365079365 0.7774470899470899 0.017113095238095344 0.017857142857142943
0 0.9831349206349206 0.6818783068783069 0.03224206349206349 0.029100529100529
0 0.2214781746031746 0.330026455026455 0.01339285714285715 0.011243386243386277
0 0.4048859126984127 0.4818121693121693 0.013144841269841279 0.01322751322751318
0 0.41542658730158727 0.439484126984127 0.011904761904761862 0.01322751322751318
0 0.8980654761904762 0.41038359788359785 0.012896825396825351 0.0145502645502645
0 0.857266865079365 0.7807539682539683 0.015625 0.013888888888888987
0 0.5456349206349206 0.739914021164021 0.011904761904761862 0.01554232804232806
0 0.2805059523809524 0.7271825396825397 0.019345238095238138 0.021825396825396897
0 0.9290674603174602 0.464781746031746 0.019345238095238138 0.02347883597883597
0 0.9742063492063492 0.7842261904761904 0.016369047619047672 0.01884920634920621
0 0.48226686507936506 0.5982142857142857 0.01215277777777779 0.011904761904761862
0 0.4306795634920635 0.5679563492063492 0.011160714285714302 0.012896825396825426
0 0.9042658730158729 0.6350859788359788 0.019345238095238138 0.0327380952380952
0 0.8829365079365079 0.741898148148148 0.014880952380952328 0.01752645502645489
0 0.23809523809523808 0.7018849206349206 0.016369047619047616 0.01554232804232806
0 0.9502728174603174 0.29662698412698413 0.02008928571428581 0.022486772486772482
0 0.5708085317460317 0.6347552910052909 0.014632936507936511 0.013558201058201083
0 0.21738591269841268 0.7857142857142857 0.014136904761904767 0.0145502645502645
0 0.9556051587301587 0.5059523809523809 0.03571428571428581 0.03835978835978837
0 0.2378472222222222 0.8019179894179893 0.014880952380952384 0.013888888888888987
0 0.8361855158730158 0.36921296296296297 0.028025793650793718 0.03538359788359783
0 0.853298611111111 0.3996362433862433 0.01909722222222232 0.026785714285714263
0 0.6285962301587301 0.3609457671957672 0.014136904761904656 0.011574074074074106
0 0.7130456349206349 0.4892526455026455 0.02777777777777768 0.021494708994708994
0 0.2552083333333333 0.35912698412698413 0.01041666666666663 0.015211640211640157
0 0.9042658730158729 0.5681216931216931 0.015376984126984183 0.019179894179894113
0 0.3407738095238095 0.728339947089947 0.011408730158730118 0.014219576719576743
0 0.2415674603174603 0.3902116402116402 0.011904761904761918 0.0145502645502645
0 0.5700644841269841 0.7124669312169312 0.014136904761904656 0.014219576719576743
0 0.20746527777777776 0.648313492063492 0.012648809523809534 0.010912698412698449
0 0.5638640873015873 0.7594246031746031 0.014632936507936511 0.01554232804232806
0 0.40860615079365076 0.7703373015873015 0.015625 0.012896825396825426
0 0.5905257936507936 0.3587962962962963 0.016369047619047672 0.01984126984126977
0 0.29749503968253965 0.3306878306878307 0.010168650793650813 0.008597883597883568
0 0.32663690476190477 0.7624007936507936 0.01041666666666663 0.008928571428571471
0 0.4841269841269841 0.5051256613756613 0.01041666666666663 0.010912698412698449
0 0.8519345238095237 0.2969576719576719 0.011904761904761862 0.015211640211640232
0 0.3420138888888889 0.5997023809523809 0.012400793650793607 0.011574074074074106
0 0.32936507936507936 0.5876322751322751 0.009424603174603141 0.015873015873015817
0 0.8214285714285714 0.720734126984127 0.009920634920634885 0.010251322751322789
0 0.894593253968254 0.4487433862433862 0.01140873015873023 0.011243386243386203
0 0.5354662698412698 0.41385582010582006 0.010912698412698374 0.01620370370370372
0 0.7904265873015872 0.6559193121693121 0.016865079365079305 0.02347883597883597
0 0.29811507936507936 0.6550925925925926 0.009424603174603141 0.01322751322751318
0 0.9321676587301587 0.3308531746031746 0.010664682539682557 0.010912698412698449
0 0.39719742063492064 0.7417328042328042 0.011656746031746046 0.016534391534391624
0 0.6316964285714285 0.6585648148148148 0.009920634920634885 0.00958994708994713
0 0.7678571428571428 0.5952380952380952 0.008928571428571397 0.011243386243386203
0 0.24015128968253965 0.5542923280423281 0.01818452380952379 0.029262566137566132
0 0.37715773809523806 0.7463723544973545 0.014422123015872979 0.022992724867725006
0 0.42591021825396824 0.6314186507936508 0.014734623015873027 0.01880952380952383
0 0.26456349206349206 0.7112367724867724 0.007504960317460285 0.011464947089947053
0 0.23829613095238092 0.7158234126984127 0.013759920634920653 0.011048280423280469
0 0.18779017857142855 0.7946296296296297 0.007817460317460334 0.012301587301587405
0 0.2599503968253968 0.480135582010582 0.023611111111111138 0.025853174603174562
0 0.27879216269841267 0.3234589947089947 0.012509920634920624 0.015634920634920668
0 0.2601066468253968 0.5675925925925925 0.007973710317460303 0.01271825396825399
0 0.3918427579365079 0.7713855820105819 0.010319940476190448 0.014176587301587181
0 0.44054811507936503 0.7033134920634921 0.009538690476190492 0.013968253968254038
0 0.5951909722222222 0.7460548941798941 0.017668650793650764 0.02731150793650805
0 0.5951909722222222 0.7282275132275132 0.010163690476190368 0.01292658730158743
0 0.6560168650793651 0.712278439153439 0.012666170634920704 0.019804894179894283
0 0.611453373015873 0.5938624338624338 0.009538690476190492 0.013968253968254038
0 0.6077008928571428 0.5464318783068783 0.009226190476190554 0.014593253968253913
0 0.6122346230158731 0.5308994708994709 0.011726190476190501 0.015634920634920668
0 0.2689409722222222 0.3610912698412698 0.009382440476190523 0.01083994708994703
0 0.9257936507936508 0.37241402116402117 0.03714533730158731 0.049907407407407366
0 0.7873536706349207 0.4303240740740741 0.038573908730158646 0.053720238095238106
0 0.6870585317460317 0.5436640211640211 0.01343005952380949 0.015238095238095273
0 0.6847470238095238 0.6322883597883597 0.009709821428571352 0.013984788359788336
0 0.6746478174603174 0.6486011904761905 0.013596230158730238 0.013465608465608478
0 0.7670957341269841 0.7205919312169312 0.01307787698412688 0.01830026455026464
0 0.9101066468253968 0.6821792328042328 0.021493055555555474 0.02295965608465611
0 0.9226661706349206 0.6262466931216931 0.028226686507936583 0.030211640211640134
0 0.6749950396825396 0.42486441798941793 0.011155753968253856 0.013072089947089971
0 0.6265649801587301 0.32625661375661374 0.012001488095238155 0.018257275132275153
0 0.6083234126984127 0.6570932539682539 0.010691964285714395 0.013131613756613683
0 0.8394667658730158 0.6849272486772486 0.009404761904761916 0.010449735449735561
0 0.20165426587301588 0.553584656084656 0.011798115079365068 0.01661706349206356
0 0.3151512896825397 0.6589417989417989 0.010136408730158752 0.011964285714285724
0 0.2781770833333333 0.6109722222222221 0.02060515873015878 0.03655753968253972
0 0.3343452380952381 0.49553571428571425 0.008308531746031744 0.011299603174603176
0 0.22134672619047618 0.358829365079365 0.006979166666666647 0.010413359788359777
0 0.37730158730158725 0.45000330687830686 0.011798115079365123 0.01816798941798936
0 0.3477232142857143 0.5210152116402116 0.008142361111111107 0.011742724867724874