0 0.19986979166666666 0.443359375 0.037109375 0.021484375
0 0.13509114583333334 0.314697265625 0.055989583333333336 0.0380859375
0 0.8899739583333334 0.47119140625 0.061848958333333336 0.03271484375
0 0.06770833333333333 0.61865234375 0.048177083333333336 0.04296875
0 0.791015625 0.608642578125 0.027994791666666668 0.0185546875
0 0.19205729166666666 0.514892578125 0.0390625 0.03173828125
0 0.8860677083333334 0.2841796875 0.025390625 0.01220703125
0 0.904296875 0.549072265625 0.030598958333333332 0.02099609375
0 0.6490885416666666 0.29541015625 0.026041666666666668 0.01904296875
0 0.08170572916666667 0.287841796875 0.022786458333333332 0.01708984375
0 0.90234375 0.3427734375 0.046875 0.03759765625
0 0.6474609375 0.457275390625 0.021484375 0.0146484375
0 0.8671875 0.62744140625 0.021484375 0.0146484375
0 0.2526041666666667 0.42724609375 0.022135416666666668 0.01513671875
0 0.9085286458333334 0.406494140625 0.033854166666666664 0.02099609375
0 0.4736328125 0.43310546875 0.02734375 0.02099609375
0 0.3203125 0.347900390625 0.028645833333333332 0.01611328125
0 0.6920572916666666 0.61181640625 0.018880208333333332 0.01171875
0 0.5185546875 0.280029296875 0.024088541666666668 0.01904296875
0 0.013346354166666666 0.283935546875 0.018229166666666668 0.01220703125
0 0.3958333333333333 0.322021484375 0.024739583333333332 0.013671875
0 0.146484375 0.279296875 0.022135416666666668 0.01708984375
0 0.0032552083333333335 0.6201171875 0.006510416666666667 0.0322265625
0 0.7727864583333334 0.594970703125 0.016276041666666668 0.0087890625
0 0.7164713541666666 0.55859375 0.014973958333333334 0.015625
0 0.6500651041666666 0.6337890625 0.055338541666666664 0.03662109375
0 0.4899088541666667 0.498779296875 0.014973958333333334 0.0107421875
0 0.3597005208333333 0.654296875 0.014973958333333334 0.01123046875
0 0.027018229166666668 0.625732421875 0.04296875 0.033203125
0 0.0498046875 0.61474609375 0.01171875 0.01611328125
0 0.267578125 0.384033203125 0.014322916666666666 0.01123046875
0 0.3746744791666667 0.30078125 0.014322916666666666 0.01416015625
0 0.4000651041666667 0.27880859375 0.011067708333333334 0.0068359375
0 0.4694010416666667 0.414306640625 0.010416666666666666 0.00732421875
0 0.568359375 0.301025390625 0.012369791666666666 0.00732421875
0 0.7174479166666666 0.29638671875 0.017578125 0.01123046875
0 0.6891276041666666 0.278076171875 0.014322916666666666 0.00830078125
0 0.050455729166666664 0.523681640625 0.013671875 0.01171875
0 0.12239583333333333 0.275390625 0.013671875 0.0087890625
0 0.2825520833333333 0.574951171875 0.013020833333333334 0.009765625
0 0.3798828125 0.456298828125 0.015625 0.01171875
0 0.4449869791666667 0.297607421875 0.011067708333333334 0.0087890625
0 0.501953125 0.4326171875 0.011067708333333334 0.01123046875
0 0.8395182291666666 0.5283203125 0.013671875 0.01220703125
0 0.7119140625 0.65185546875 0.016276041666666668 0.00732421875
0 0.5638020833333334 0.553955078125 0.011067708333333334 0.00830078125
0 0.4527994791666667 0.625 0.013020833333333334 0.0107421875