0 0.5625 0.331787109375 0.021484375 0.01025390625
0 0.703125 0.54541015625 0.017578125 0.009765625
0 0.7985026041666666 0.513427734375 0.036458333333333336 0.029296875
0 0.103515625 0.61474609375 0.0234375 0.0205078125
0 0.6298828125 0.32373046875 0.02734375 0.02490234375
0 0.515625 0.390380859375 0.016276041666666668 0.01904296875
0 0.9514973958333334 0.5419921875 0.01953125 0.0146484375
0 0.3639322916666667 0.6591796875 0.018880208333333332 0.0126953125
0 0.07291666666666667 0.533935546875 0.018229166666666668 0.01025390625
0 0.4147135416666667 0.319580078125 0.025390625 0.0205078125
0 0.7874348958333334 0.637451171875 0.029296875 0.0185546875
0 0.9938151041666666 0.3447265625 0.012369791666666666 0.0166015625
0 0.3929036458333333 0.39501953125 0.013671875 0.01318359375
0 0.22395833333333334 0.619873046875 0.020182291666666668 0.01220703125
0 0.3369140625 0.486572265625 0.038411458333333336 0.01806640625
0 0.5559895833333334 0.6611328125 0.020182291666666668 0.01806640625
0 0.4410807291666667 0.341796875 0.018229166666666668 0.013671875
0 0.9869791666666666 0.60693359375 0.024088541666666668 0.01513671875
0 0.3772786458333333 0.55908203125 0.026041666666666668 0.01953125
0 0.6604817708333334 0.53564453125 0.013671875 0.0107421875
0 0.6292317708333334 0.672607421875 0.01953125 0.01513671875
0 0.4749348958333333 0.4345703125 0.017578125 0.0244140625
0 0.11783854166666667 0.515869140625 0.020182291666666668 0.017578125
0 0.3815104166666667 0.326171875 0.026041666666666668 0.01513671875
0 0.6145833333333334 0.5673828125 0.013671875 0.01123046875
0 0.5758463541666666 0.687255859375 0.029296875 0.0146484375
0 0.20540364583333334 0.62890625 0.016276041666666668 0.00927734375
0 0.3662109375 0.49072265625 0.016927083333333332 0.0146484375
0 0.12662760416666666 0.424072265625 0.015625 0.01220703125
0 0.9453125 0.4462890625 0.018229166666666668 0.01123046875
0 0.7897135416666666 0.441650390625 0.018229166666666668 0.009765625
0 0.6149088541666666 0.298828125 0.024088541666666668 0.01318359375
0 0.3746744791666667 0.61669921875 0.018880208333333332 0.01123046875
0 0.3538411458333333 0.406494140625 0.017578125 0.01025390625
0 0.7779947916666666 0.314697265625 0.08528645833333333 0.03369140625
0 0.3313802083333333 0.557373046875 0.042317708333333336 0.02783203125
0 0.2662760416666667 0.572265625 0.01953125 0.0078125
0 0.169921875 0.639892578125 0.013020833333333334 0.009765625
0 0.9729817708333334 0.330078125 0.014973958333333334 0.01220703125
0 0.9313151041666666 0.32763671875 0.020833333333333332 0.0078125
0 0.23828125 0.301025390625 0.014322916666666666 0.01318359375
0 0.06640625 0.40771484375 0.014973958333333334 0.0107421875
0 0.9147135416666666 0.373779296875 0.044921875 0.0283203125
0 0.6888020833333334 0.49462890625 0.010416666666666666 0.00732421875
0 0.5680338541666666 0.60546875 0.026041666666666668 0.01513671875
0 0.8522135416666666 0.598388671875 0.013020833333333334 0.00927734375
0 0.3395182291666667 0.302734375 0.013020833333333334 0.00830078125
0 0.9925130208333334 0.55078125 0.012369791666666666 0.01171875
0 0.8831380208333334 0.6162109375 0.035807291666666664 0.02880859375
0 0.5885416666666666 0.634765625 0.022786458333333332 0.01171875
0 0.345703125 0.440185546875 0.021484375 0.009765625
0 0.6637369791666666 0.614990234375 0.020182291666666668 0.01171875
0 0.6930338541666666 0.63037109375 0.016927083333333332 0.01171875
0 0.8271484375 0.39404296875 0.010416666666666666 0.0068359375
0 0.4417317708333333 0.480224609375 0.014973958333333334 0.01025390625
0 0.06575520833333333 0.55712890625 0.010416666666666666 0.00732421875
0 0.7154947916666666 0.413818359375 0.013020833333333334 0.00830078125
0 0.3098958333333333 0.62353515625 0.009765625 0.0087890625
0 0.12565104166666666 0.4775390625 0.018880208333333332 0.01708984375
0 0.4928385416666667 0.472900390625 0.0078125 0.00732421875
0 0.2796223958333333 0.468994140625 0.014322916666666666 0.0087890625
0 0.5598958333333334 0.592041015625 0.012369791666666666 0.00732421875
0 0.3128255208333333 0.51708984375 0.017578125 0.01513671875
0 0.4326171875 0.641357421875 0.016276041666666668 0.01171875
0 0.4801432291666667 0.48681640625 0.018229166666666668 0.0107421875
0 0.5559895833333334 0.4970703125 0.01953125 0.01025390625
0 0.5680338541666666 0.386474609375 0.018229166666666668 0.01220703125
0 0.5589192708333334 0.343994140625 0.022135416666666668 0.0126953125
0 0.0927734375 0.564453125 0.018229166666666668 0.0087890625
0 0.23502604166666666 0.324462890625 0.020182291666666668 0.01416015625
0 0.166015625 0.458251953125 0.025390625 0.0078125
0 0.4137369791666667 0.568115234375 0.013020833333333334 0.0126953125
0 0.4560546875 0.323974609375 0.016276041666666668 0.00927734375
0 0.4361979166666667 0.320556640625 0.016276041666666668 0.009765625
0 0.8518880208333334 0.408935546875 0.016927083333333332 0.01123046875
0 0.826171875 0.3779296875 0.024088541666666668 0.01220703125
0 0.8248697916666666 0.501220703125 0.020182291666666668 0.0126953125
0 0.6800130208333334 0.581298828125 0.013671875 0.0185546875
0 0.501953125 0.5791015625 0.026041666666666668 0.01806640625
0 0.5921223958333334 0.619384765625 0.014973958333333334 0.01123046875
0 0.7242838541666666 0.46923828125 0.018229166666666668 0.01416015625
0 0.3590494791666667 0.30078125 0.018229166666666668 0.01220703125
0 0.3707682291666667 0.391845703125 0.014973958333333334 0.015625
0 0.06380208333333333 0.43359375 0.014973958333333334 0.009765625
0 0.279296875 0.4072265625 0.016276041666666668 0.013671875
0 0.26171875 0.564208984375 0.016276041666666668 0.01220703125
0 0.4127604166666667 0.360107421875 0.009765625 0.01123046875
0 0.9967447916666666 0.498046875 0.006510416666666667 0.0166015625