0 0.6127645502645502 0.12016369047619047 0.023148148148148213 0.014632936507936511
0 0.5796957671957671 0.09052579365079365 0.03769841269841271 0.029761904761904767
0 0.5896164021164021 0.11433531746031746 0.017195767195767136 0.01686507936507936
0 0.4917328042328042 0.25731646825396826 0.01984126984126977 0.016121031746031744
0 0.669973544973545 0.7192460317460317 0.0145502645502645 0.017857142857142794
0 0.42179232804232797 0.8777281746031745 0.02281746031746031 0.015376984126984183
0 0.5522486772486772 0.3396577380952381 0.02050264550264543 0.017609126984126977
0 0.3994708994708995 0.7158978174603174 0.01322751322751318 0.015128968253968145
0 0.5100859788359788 0.5075644841269841 0.012896825396825426 0.015128968253968145
0 0.5209986772486772 0.4708581349206349 0.018187830687830697 0.011656746031746046
0 0.2349537037037037 0.45473710317460314 0.01620370370370372 0.014632936507936511
0 0.25578703703703703 0.5168650793650793 0.01752645502645504 0.009424603174603252
0 0.7118055555555555 0.7807539682539683 0.018187830687830697 0.012896825396825351
0 0.5281084656084656 0.2883184523809524 0.01388888888888884 0.013640873015873023
0 0.6141898148148147 0.3563764880952381 0.023055555555555607 0.01694444444444443
0 0.5221990740740741 0.3240401785714285 0.024437830687830637 0.013834325396825387
0 0.43113095238095234 0.3620833333333333 0.01752314814814815 0.010374503968254012
0 0.6275628306878306 0.30951636904761903 0.015677910052910082 0.013142361111111112
0 0.545486111111111 0.1066889880952381 0.030433201058200982 0.02386160714285715
0 0.47977843915343915 0.270610119047619 0.01613756613756608 0.010029761904761902
0 0.7241633597883598 0.4793179563492063 0.01706018518518526 0.014523809523809494
0 0.31470238095238096 0.4931498015873016 0.023515211640211604 0.018675595238095255
0 0.41107473544973544 0.4851959325396825 0.01613756613756608 0.013834325396825387
0 0.6075033068783068 0.48502480158730155 0.017060185185185112 0.014871031746031771
0 0.4200661375661376 0.6065823412698412 0.018445767195767182 0.017291666666666705
0 0.49776124338624333 0.5809920634920634 0.017060185185185112 0.0103745039682539
0 0.31032407407407403 0.7902182539682538 0.016600529100529116 0.01659970238095232
0 0.2559126984126984 0.9162723214285713 0.0193650793650794 0.01625496031746021
0 0.5766104497354497 0.83984375 0.021673280423280428 0.012795138888888946
0 0.6955753968253968 0.7976537698412698 0.020750661375661394 0.014179067460317496
0 0.652691798941799 0.7559796626984127 0.014295634920634903 0.01175843253968245
0 0.8138492063492063 0.8365575396825397 0.014755291005291049 0.015907738095238155
0 0.8055489417989418 0.7134424603174603 0.018445767195767182 0.01659970238095232
0 0.7451455026455026 0.9914211309523808 0.024900793650793673 0.01715525793650796
0 0.4355125661375661 0.9131597222222222 0.020750661375661394 0.021096230158730078
0 0.45764550264550263 0.9122941468253968 0.01982804232804236 0.018675595238095255
0 0.6065839947089947 0.7986904761904762 0.01613756613756608 0.01487103174603166
0 0.20611441798941796 0.6568998015873015 0.016600529100529116 0.014179067460317496
0 0.2692857142857143 0.28893849206349204 0.0193650793650794 0.01694444444444443