0 0.24243055555555557 0.2305282738095238 0.03906084656084655 0.03184523809523809
0 0.3528935185185185 0.5675595238095238 0.04995370370370367 0.03233134920634928
0 0.2907175925925926 0.2877802579365079 0.04218253968253971 0.03768105158730162
0 0.3716269841269841 0.3788343253968254 0.033968253968253904 0.025580357142857113
0 0.41289021164021156 0.2734474206349206 0.050512566137566196 0.03550099206349211
0 0.6723412698412697 0.883782242063492 0.04245039682539679 0.03862103174603182
0 0.641087962962963 0.9127281746031746 0.049441137566137584 0.03593998015873012
0 0.22251984126984126 0.2535119047619047 0.04496693121693118 0.04265128968253973
0 0.269130291005291 0.5672271825396825 0.028816137566137545 0.024618055555555518
0 0.23397486772486772 0.6001711309523808 0.03784722222222222 0.02908730158730166
0 0.6203108465608466 0.7776909722222222 0.038472222222222165 0.027911706349206256
0 0.6584722222222222 0.6836830357142857 0.038263888888888875 0.030039682539682477
0 0.33346560846560847 0.7933184523809523 0.02681878306878301 0.027633928571428656
0 0.5719212962962963 0.6237524801587301 0.03754298941798936 0.02753968253968253
0 0.6799867724867724 0.4513343253968254 0.04844576719576713 0.029618055555555522
0 0.2364021164021164 0.8677529761904762 0.027847222222222207 0.023983134920634974
0 0.5910350529100529 0.8799751984126983 0.04198412698412701 0.02757936507936498
0 0.6171660052910052 0.2796155753968254 0.0334656084656085 0.03164434523809523
0 0.32306878306878306 0.5303149801587301 0.03125661375661378 0.02464037698412702
0 0.45304232804232797 0.24921875 0.02798941798941801 0.030778769841269815
0 0.5591964285714285 0.9099479166666666 0.04229828042328047 0.022326388888888937
0 0.45097222222222216 0.8659871031746031 0.03509920634920638 0.034414682539682495
0 0.5706547619047618 0.48388392857142853 0.034778439153439145 0.021748511904761902
0 0.39529431216931216 0.939017857142857 0.033955026455026495 0.0236507936507937
0 0.22944113756613757 0.7227132936507936 0.03583002645502642 0.02887648809523813
0 0.43398478835978826 0.9508333333333333 0.02216931216931221 0.03148809523809515
0 0.5588425925925926 0.9557738095238094 0.021187169312169313 0.024962797619047628
0 0.21280423280423277 0.7980877976190476 0.025790343915343888 0.021654265873015888
0 0.4203075396825397 0.5267584325396825 0.019656084656084705 0.012867063492063568
0 0.38897156084656087 0.49396825396825395 0.012486772486772471 0.010071924603174631
0 0.4484424603174602 0.48646825396825394 0.017040343915343925 0.01623263888888893
0 0.6379398148148149 0.2153769841269841 0.03404100529100532 0.019905753968253947
0 0.5968915343915343 0.20696180555555554 0.01837962962962969 0.010322420634920615
0 0.6273412698412698 0.20313988095238092 0.017982804232804295 0.008137400793650773
0 0.6766633597883597 0.20866319444444445 0.015248015873015794 0.009402281746031749
0 0.620625 0.2588640873015873 0.02003968253968254 0.00583085317460319
0 0.6509821428571428 0.2617286706349206 0.008230820105820177 0.00726438492063497
0 0.6670238095238094 0.2662921626984127 0.007156084656084675 0.008876488095238111
0 0.6630886243386244 0.3213814484126984 0.01880621693121694 0.008162202380952333
0 0.5497387566137566 0.42388392857142854 0.014636243386243327 0.011272321428571375
0 0.5734589947089946 0.5802901785714285 0.028816137566137545 0.018340773809523814
0 0.6609623015873015 0.6252802579365079 0.040532407407407454 0.024389880952381038
0 0.6813525132275132 0.6242559523809523 0.011154100529100633 0.008023313492063533
0 0.6644576719576719 0.6042931547619048 0.01591931216931212 0.00848462301587305
0 0.6215707671957672 0.7085540674603173 0.03214616402116407 0.013933531746031846
0 0.5852546296296296 0.7126116071428571 0.03616402116402121 0.020892857142857046
0 0.6247387566137567 0.7240277777777778 0.010972222222222161 0.0133556547619047
0 0.607741402116402 0.7524280753968253 0.015300925925925876 0.009885912698412769
0 0.6379530423280423 0.7632663690476189 0.03492724867724872 0.0259995039682539
0 0.672880291005291 0.813861607142857 0.029054232804232843 0.024955357142857126
0 0.6602083333333333 0.8237152777777776 0.017619047619047496 0.021252480158730158
0 0.6602843915343916 0.8526339285714286 0.014064153439153385 0.011862599206349245
0 0.6176322751322751 0.8468377976190475 0.027043650793650748 0.026001984126984068
0 0.5779133597883598 0.8234821428571428 0.026425264550264504 0.024030257936507926
0 0.593832671957672 0.8208705357142857 0.0196263227513227 0.01231646825396826
0 0.5500826719576719 0.8864012896825396 0.03368055555555557 0.02454117063492056
0 0.6899007936507937 0.9240376984126983 0.02189153439153439 0.027814980158730185
0 0.6869742063492063 0.9506994047619046 0.021140873015873158 0.0186061507936508
0 0.6615608465608466 0.9228571428571428 0.024589947089947106 0.02837549603174594
0 0.5280489417989417 0.962281746031746 0.018792989417989386 0.010386904761904736
0 0.449619708994709 0.9255059523809523 0.010737433862433901 0.007021329365079376
0 0.38026455026455025 0.9241195436507936 0.02978835978835977 0.022467757936508015
0 0.3634160052910053 0.892780257936508 0.02718915343915344 0.028742559523809552
0 0.2128373015873016 0.9413318452380951 0.04987433862433862 0.06093750000000009
0 0.5122123015873016 0.8371006944444445 0.03127314814814808 0.031215277777777883
0 0.37270171957671955 0.7644097222222221 0.013749999999999929 0.01644593253968263
0 0.39143849206349207 0.7608705357142856 0.019950396825396826 0.013005952380952479
0 0.428369708994709 0.6292385912698413 0.028035714285714313 0.01663194444444449
0 0.46665343915343915 0.6785788690476191 0.016712962962962912 0.015024801587301573
0 0.3204034391534391 0.5572619047619047 0.016445105820105832 0.010977182539682495
0 0.299103835978836 0.5055927579365079 0.008895502645502651 0.011158234126984024
0 0.34601190476190474 0.49376240079365075 0.022913359788359806 0.014188988095238164
0 0.4681349206349206 0.5419866071428571 0.018062169312169345 0.01035218253968262
0 0.5029100529100529 0.5681820436507936 0.03154100529100523 0.02432291666666675
0 0.6575198412698412 0.4656671626984127 0.015634920634920668 0.010567956349206375
0 0.47958002645502645 0.3149156746031746 0.017490079365079403 0.013576388888888902
0 0.4895469576719577 0.30782242063492066 0.021557539682539744 0.014337797619047632
0 0.449074074074074 0.26511160714285714 0.026438492063492063 0.013117559523809552
0 0.24680886243386244 0.2947048611111111 0.024203042328042306 0.011287202380952377
0 0.3545006613756614 0.24795138888888885 0.017896825396825466 0.012051091269841274
0 0.5625628306878306 0.22468998015873015 0.022777777777777786 0.012202380952380965
0 0.5679530423280423 0.23864583333333333 0.01118716931216938 0.013576388888888902
0 0.5928670634920634 0.47942956349206345 0.013015873015873 0.012507440476190457
0 0.6855092592592592 0.538764880952381 0.020542328042327956 0.013727678571428648
0 0.6674074074074073 0.5911631944444444 0.03274470899470897 0.017847222222222126
0 0.6841865079365079 0.7221180555555555 0.012609126984126936 0.01098214285714283
0 0.6408664021164021 0.7165500992063492 0.015456349206349232 0.009610615079365115
0 0.5649007936507936 0.8510887896825396 0.018915343915343847 0.012966269841269806
0 0.47347883597883594 0.8819766865079365 0.01220238095238102 0.01098214285714283
0 0.5422222222222223 0.8057093253968253 0.020337301587301553 0.012812499999999893
0 0.3738194444444444 0.8221056547619047 0.011795634920634956 0.011135912698412742
0 0.4403273809523809 0.8450644841269841 0.015049603174603169 0.013422619047618989
0 0.47429232804232796 0.8982986111111111 0.025624999999999936 0.013117559523809552
0 0.22952050264550264 0.918204365079365 0.021355820105820083 0.01510168650793653
0 0.27711309523809524 0.9147743055555555 0.016474867724867687 0.01464285714285718
0 0.27833333333333327 0.8346899801587301 0.010373677248677252 0.010677083333333393
0 0.31087301587301586 0.85734375 0.013220899470899475 0.009305555555555456
0 0.3372123015873016 0.7302777777777777 0.01708333333333334 0.013881448412698338
0 0.224537037037037 0.780235615079365 0.013015873015873 0.008236607142857233
0 0.3533796296296296 0.6845163690476189 0.017288359788359742 0.007780257936507828
0 0.2630787037037037 0.5976463293650793 0.023389550264550252 0.015252976190476275
0 0.21416335978835976 0.44243799603174605 0.011795634920634882 0.011746031746031727
0 0.2439583333333333 0.4297767857142857 0.012000661375661359 0.009305555555555567
0 0.23968915343915342 0.48575892857142855 0.016474867724867687 0.011746031746031727
0 0.24060515873015872 0.3539657738095238 0.017896825396825394 0.007780257936507939
0 0.24833333333333332 0.2809747023809524 0.0195238095238095 0.010066964285714297
0 0.3692460317460317 0.20470734126984125 0.017695105820105805 0.012812500000000004
0 0.49951388888888887 0.33756696428571425 0.020744047619047617 0.015558035714285712
0 0.4622949735449735 0.41421875 0.013829365079365127 0.009305555555555567
0 0.503885582010582 0.5340376984126983 0.009966931216931188 0.010677083333333393
0 0.5334788359788359 0.5325892857142857 0.020337301587301553 0.011135912698412742
0 0.6488988095238095 0.43709821428571427 0.012000661375661359 0.008695436507936471
0 0.5987632275132275 0.30011904761904756 0.007728174603174616 0.00656001984126986
0 0.4878174603174603 0.2790699404761905 0.013627645502645466 0.010525793650793647
0 0.4536507936507936 0.29981398809523807 0.013627645502645466 0.009305555555555567
0 0.655813492063492 0.3605257936507937 0.009560185185185125 0.011440972222222179
0 0.2095866402116402 0.2030282738095238 0.012814153439153412 0.012202380952380965
0 0.26450066137566136 0.19738591269841269 0.012814153439153412 0.007626488095238082
0 0.3195171957671958 0.21027529761904762 0.007728174603174616 0.007475198412698392
0 0.2491468253968254 0.3250595238095238 0.013422619047619063 0.0134226190476191
0 0.26277447089947087 0.3277281746031746 0.016269841269841285 0.014186507936507886
0 0.23074074074074072 0.5762896825396825 0.010780423280423316 0.00976190476190486
0 0.4118551587301587 0.7221180555555555 0.016269841269841212 0.013422619047618989
0 0.6698478835978835 0.7322619047619048 0.01810185185185187 0.011440972222222179
0 0.5107473544973545 0.5483308531746032 0.0159259259259259 0.011326884920634939
0 0.6177017195767196 0.48613591269841266 0.010158730158730181 0.011738591269841225
0 0.6910185185185185 0.35103422619047614 0.015102513227513251 0.010915178571428541
0 0.6939021164021164 0.3594791666666667 0.013181216931217024 0.010091765873015857
0 0.606441798941799 0.3146850198412698 0.01729828042328041 0.009885912698412658
0 0.38896494708994706 0.3079935515873016 0.01620039682539683 0.012150297619047623
0 0.5147288359788359 0.24878224206349206 0.019497354497354458 0.013591269841269848
0 0.5863988095238095 0.36112599206349205 0.012357804232804229 0.011738591269841225
0 0.6069907407407407 0.6523338293650793 0.017847222222222275 0.015034722222222241
0 0.344834656084656 0.8408010912698413 0.02376322751322757 0.011879960317460414
0 0.43946097883597884 0.51078125 0.014993386243386198 0.013789682539682602