0 0.640707671957672 0.8074156746031745 0.018849206349206355 0.018105158730158832
0 0.6688161375661376 0.2848462301587301 0.01884920634920621 0.01661706349206349
0 0.5314153439153438 0.48871527777777773 0.042328042328042326 0.040426587301587324
0 0.40608465608465605 0.37549603174603174 0.03902116402116403 0.02876984126984128
0 0.7156084656084656 0.4195188492063492 0.01917989417989426 0.015128968253968256
0 0.2657076719576719 0.6041666666666666 0.03736772486772488 0.02678571428571419
0 0.2619047619047619 0.28360615079365076 0.01587301587301589 0.014632936507936511
0 0.6676587301587301 0.6770833333333333 0.023809523809523725 0.021329365079365115
0 0.5982142857142857 0.8520585317460317 0.02513227513227519 0.01661706349206349
0 0.2716600529100529 0.9448164682539683 0.04794973544973543 0.035962301587301626
0 0.5509259259259259 0.5948660714285714 0.017857142857142794 0.016121031746031633
0 0.26587301587301587 0.845486111111111 0.01653439153439155 0.016369047619047672
0 0.3624338624338624 0.7805059523809523 0.01322751322751318 0.01835317460317465
0 0.5772156084656085 0.29662698412698413 0.05390211640211643 0.052579365079365115
0 0.44146825396825395 0.8516865079365079 0.03968253968253969 0.030753968253968145
0 0.47470238095238093 0.822296626984127 0.025462962962962948 0.02008928571428581
0 0.6436838624338624 0.34337797619047616 0.020171957671957674 0.015128968253968256
0 0.6550925925925926 0.49640376984126977 0.02116402116402109 0.014632936507936511
0 0.23346560846560846 0.9574652777777777 0.018518518518518528 0.018105158730158832
0 0.3247354497354497 0.49404761904761907 0.019179894179894186 0.014880952380952328
0 0.701223544973545 0.3792162698412698 0.02281746031746046 0.014384920634920584
0 0.632771164021164 0.44853670634920634 0.028108465608465583 0.022073412698412676
0 0.7118055555555555 0.9150545634920635 0.033399470899471005 0.030505952380952328
0 0.6545965608465608 0.7724454365079365 0.014880952380952403 0.014136904761904656
0 0.5421626984126984 0.17646329365079363 0.01752645502645504 0.013640873015873023
0 0.712632275132275 0.6449652777777778 0.021825396825396897 0.018105158730158832
0 0.3212632275132275 0.779265873015873 0.012896825396825426 0.01388888888888884
0 0.7096560846560847 0.5992063492063492 0.01984126984126977 0.014384920634920695
0 0.28505291005291006 0.902157738095238 0.011904761904761937 0.01116071428571419
0 0.39120370370370366 0.6511656746031745 0.01388888888888884 0.014136904761904656
0 0.6357473544973545 0.9203869047619047 0.013558201058201083 0.01140873015873023
0 0.3308531746031746 0.9203869047619047 0.010912698412698449 0.012896825396825351
0 0.6693121693121693 0.6329365079365079 0.01256613756613767 0.012896825396825351
0 0.4897486772486772 0.9355158730158729 0.01851851851851845 0.011904761904761862
0 0.6759259259259259 0.7950148809523809 0.011904761904761862 0.010168650793650702
0 0.3819444444444444 0.2935267857142857 0.0145502645502645 0.011656746031746046
0 0.2977843915343915 0.6731150793650793 0.01620370370370372 0.010912698412698374
0 0.6430224867724867 0.8585069444444444 0.00958994708994713 0.009176587301587213
0 0.46395502645502645 0.34511408730158727 0.011243386243386203 0.010168650793650813
0 0.27314814814814814 0.6662946428571428 0.02314814814814814 0.017609126984126977
0 0.5947420634920635 0.9067460317460317 0.012896825396825426 0.013392857142857206
0 0.5712632275132274 0.7513640873015872 0.014880952380952403 0.011656746031746046
0 0.5049603174603174 0.7418154761904762 0.009259259259259226 0.009920634920634885
0 0.7111441798941799 0.6161954365079365 0.01620370370370357 0.013640873015873023
0 0.5274470899470899 0.25322420634920634 0.015211640211640157 0.01041666666666663
0 0.6524470899470899 0.5178571428571428 0.017857142857142794 0.01140873015873023
0 0.26471560846560843 0.23685515873015872 0.013558201058201083 0.011408730158730174
0 0.48677248677248675 0.9092261904761905 0.01388888888888884 0.009424603174603252
0 0.675595238095238 0.9388640873015872 0.015873015873015817 0.016121031746031633
0 0.417824074074074 0.1851438492063492 0.012896825396825426 0.009176587301587324
0 0.302744708994709 0.4868551587301587 0.011574074074074106 0.010912698412698374
0 0.4833002645502645 0.2795138888888889 0.014219576719576743 0.008928571428571397
0 0.41633597883597884 0.7960069444444444 0.012566137566137522 0.00868055555555558
0 0.5787037037037036 0.4255952380952381 0.012566137566137522 0.009424603174603141
0 0.36127645502645506 0.23040674603174602 0.013558201058201083 0.009424603174603197
0 0.556547619047619 0.5648561507936508 0.012566137566137522 0.00868055555555558
0 0.535218253968254 0.2777777777777778 0.03009259259259256 0.031746031746031744
0 0.39120370370370366 0.6031746031746031 0.01322751322751318 0.01041666666666674
0 0.7275132275132274 0.37549603174603174 0.017195767195767136 0.012896825396825351
0 0.6765873015873015 0.5747767857142857 0.013888888888888987 0.01116071428571419
0 0.7142857142857143 0.31584821428571425 0.009920634920635033 0.009176587301587324
0 0.4905753968253968 0.535094246031746 0.010912698412698449 0.009176587301587213
0 0.3158068783068783 0.7266865079365079 0.010582010582010545 0.009424603174603252
0 0.5052910052910052 0.23040674603174602 0.010582010582010545 0.008928571428571452
0 0.4166666666666667 0.9874751984126984 0.02116402116402109 0.012648809523809534
0 0.600486111111111 0.25647073412698407 0.008637566137566091 0.008149801587301608
0 0.71442791005291 0.2944965277777778 0.008637566137566091 0.010238095238095268
0 0.3614616402116402 0.17937251984126984 0.009193121693121734 0.007313988095238089
0 0.4521395502645502 0.1699702380952381 0.010029761904761939 0.008566468253968229
0 0.3953108465608466 0.29752728174603177 0.01337301587301587 0.012953869047619082
0 0.35185185185185186 0.39562251984126984 0.010029761904761939 0.011909722222222197
0 0.2978042328042328 0.5943229166666666 0.012258597883597918 0.010654761904761889
0 0.4404398148148148 0.6649429563492063 0.0167162698412698 0.009402281746031749
0 0.5235978835978835 0.6884499007936508 0.014206349206349186 0.009610615079365115
0 0.37803902116402116 0.7904117063492063 0.008356481481481529 0.010029761904762013
0 0.31103835978835975 0.7180133928571428 0.012536375661375665 0.010238095238095157
0 0.315079365079365 0.8533010912698413 0.013928571428571438 0.009193948412698383
0 0.2567162698412698 0.91796875 0.03148148148148152 0.02277529761904762
0 0.31229166666666663 0.9463839285714286 0.015042989417989391 0.010238095238095157
0 0.45785052910052904 0.9146254960317459 0.011977513227513281 0.012326388888888928
0 0.49866402116402114 0.8642708333333332 0.012258597883597844 0.010238095238095157
0 0.44141534391534387 0.8721056547619047 0.017549603174603117 0.015461309523809419
0 0.4635615079365079 0.8678224206349205 0.020059523809523878 0.011909722222222197
0 0.6491005291005291 0.9535912698412699 0.021173941798941758 0.01504464285714291
0 0.6940906084656083 0.9209970238095238 0.02145171957671958 0.020892857142857046
0 0.656901455026455 0.7347296626984127 0.0167162698412698 0.010238095238095157
0 0.5921296296296296 0.5732217261904762 0.01699404761904762 0.014417162698412644
0 0.6085648148148147 0.5437599206349206 0.013650793650793691 0.00981894841269848
0 0.6879629629629629 0.48964533730158727 0.015320767195767063 0.009402281746031749
0 0.6039682539682539 0.46029017857142857 0.019500661375661348 0.009193948412698383
0 0.7296097883597884 0.38538442460317457 0.012814153439153486 0.011490575396825409
0 0.3381845238095238 0.2118080357142857 0.013396164021163948 0.00931547619047618
0 0.7045006613756613 0.5406150793650794 0.02021494708994709 0.012968749999999973
0 0.26609788359788356 0.627264384920635 0.0245436507936508 0.02003968253968247
0 0.6194973544973544 0.6613988095238096 0.014914021164021149 0.014213789682539613
0 0.4683498677248677 0.5768179563492063 0.013359788359788313 0.009087301587301644
0 0.32826058201058195 0.5216170634920634 0.0114814814814815 0.006996527777777706