0 0.5185546875 0.427734375 0.033854166666666664 0.0341796875
0 0.4879557291666667 0.30615234375 0.03125 0.033203125
0 0.6292317708333334 0.216064453125 0.020182291666666668 0.01318359375
0 0.3668619791666667 0.613037109375 0.0390625 0.02880859375
0 0.6692708333333334 0.610595703125 0.03515625 0.02978515625
0 0.568359375 0.61279296875 0.02734375 0.02294921875
0 0.24869791666666666 0.425537109375 0.0234375 0.0224609375
0 0.2978515625 0.2041015625 0.015625 0.01123046875
0 0.392578125 0.075927734375 0.022135416666666668 0.01708984375
0 0.5748697916666666 0.535400390625 0.031901041666666664 0.02685546875
0 0.5882161458333334 0.13037109375 0.026041666666666668 0.02001953125
0 0.5234375 0.3173828125 0.01171875 0.01318359375
0 0.6904296875 0.19873046875 0.012369791666666666 0.01220703125
0 0.6858723958333334 0.09716796875 0.011067708333333334 0.01220703125
0 0.5563151041666666 0.360595703125 0.013671875 0.01220703125
0 0.3580729166666667 0.526611328125 0.031901041666666664 0.029296875
0 0.4609375 0.0849609375 0.013671875 0.0107421875
0 0.6344401041666666 0.738037109375 0.018880208333333332 0.01708984375
0 0.3779296875 0.033935546875 0.014322916666666666 0.01220703125
0 0.5348307291666666 0.132080078125 0.016276041666666668 0.013671875
0 0.3362630208333333 0.6806640625 0.013671875 0.0166015625
0 0.5794270833333334 0.84619140625 0.024739583333333332 0.0146484375
0 0.3610026041666667 0.68310546875 0.014322916666666666 0.01416015625
0 0.3095703125 0.083984375 0.014973958333333334 0.01025390625
0 0.6396484375 0.4658203125 0.013020833333333334 0.01171875
0 0.48828125 0.146728515625 0.016927083333333332 0.0126953125
0 0.3248697916666667 0.50537109375 0.014973958333333334 0.01171875
0 0.5341796875 0.250732421875 0.011067708333333334 0.01220703125
0 0.3089192708333333 0.235595703125 0.016276041666666668 0.01220703125
0 0.2750651041666667 0.13037109375 0.029296875 0.01171875
0 0.4720052083333333 0.04833984375 0.017578125 0.0087890625
0 0.4755859375 0.068115234375 0.01953125 0.0107421875
0 0.6735026041666666 0.289794921875 0.013020833333333334 0.01123046875
0 0.6920572916666666 0.293701171875 0.01171875 0.01318359375
0 0.5979817708333334 0.387939453125 0.018229166666666668 0.015625
0 0.7223307291666666 0.322998046875 0.009114583333333334 0.00732421875
0 0.4957682291666667 0.5458984375 0.010416666666666666 0.00634765625
0 0.5501302083333334 0.655517578125 0.014973958333333334 0.0166015625
0 0.640625 0.761474609375 0.016276041666666668 0.0126953125
0 0.6982421875 0.906494140625 0.018880208333333332 0.0126953125
0 0.6018880208333334 0.8759765625 0.015625 0.00830078125
0 0.4928385416666667 0.93310546875 0.020833333333333332 0.0234375
0 0.5133463541666666 0.961669921875 0.021484375 0.01123046875
0 0.271484375 0.6669921875 0.016276041666666668 0.01220703125
0 0.2779947916666667 0.7255859375 0.013020833333333334 0.0087890625
0 0.3121744791666667 0.710205078125 0.012369791666666666 0.0107421875
0 0.2659505208333333 0.623046875 0.013020833333333334 0.0087890625
0 0.2858072916666667 0.2939453125 0.009765625 0.01318359375
0 0.3492838541666667 0.249755859375 0.012369791666666666 0.01123046875
0 0.57421875 0.43359375 0.013020833333333334 0.01123046875
0 0.6067708333333334 0.908203125 0.009114583333333334 0.0068359375
0 0.2848307291666667 0.223388671875 0.020182291666666668 0.01416015625
0 0.5390625 0.091552734375 0.016927083333333332 0.0107421875