0 0.6355820105820106 0.5083085317460317 0.029761904761904805 0.026537698412698374
0 0.380787037037037 0.43799603174603174 0.05919312169312171 0.05109126984126988
0 0.3250661375661375 0.5803571428571428 0.037037037037037056 0.032738095238095344
0 0.37483465608465605 0.5249255952380952 0.03207671957671954 0.02951388888888884
0 0.6101190476190476 0.28521825396825395 0.04365079365079364 0.03224206349206349
0 0.6595568783068783 0.501736111111111 0.01752645502645489 0.015873015873015817
0 0.5808531746031745 0.19853670634920634 0.019510582010582016 0.015128968253968256
0 0.6127645502645502 0.5874255952380952 0.03968253968253969 0.03447420634920628
0 0.43733465608465605 0.28261408730158727 0.034722222222222175 0.02951388888888884
0 0.35565476190476186 0.9224950396825397 0.014219576719576743 0.015128968253968145
0 0.47288359788359785 0.7056051587301587 0.015211640211640157 0.015376984126984183
0 0.2243716931216931 0.42931547619047616 0.027447089947089925 0.031746031746031744
0 0.5785383597883598 0.40649801587301587 0.02347883597883597 0.02083333333333337
0 0.3549933862433862 0.3661954365079365 0.03339947089947085 0.032490079365079305
0 0.5940806878306878 0.5440228174603174 0.03869047619047613 0.030009920634920695
0 0.4088955026455026 0.6041666666666666 0.02347883597883597 0.019345238095238138
0 0.5272817460317459 0.40451388888888884 0.026785714285714263 0.02331349206349209
0 0.5353835978835978 0.20213293650793648 0.0443121693121693 0.035218253968253954
0 0.32853835978835977 0.657986111111111 0.029431216931216902 0.029265873015873023
0 0.2953042328042328 0.35044642857142855 0.03042328042328039 0.0267857142857143
0 0.6671626984126985 0.30493551587301587 0.03802910052910047 0.03199404761904756
0 0.5595238095238094 0.3804563492063492 0.03505291005291008 0.028273809523809534
0 0.2724867724867725 0.7575644841269841 0.022486772486772482 0.020585317460317443
0 0.3667328042328042 0.642485119047619 0.03902116402116403 0.02951388888888884
0 0.6808862433862434 0.6019345238095237 0.038359788359788226 0.019345238095238138
0 0.6360780423280423 0.4661458333333333 0.01554232804232806 0.015625
0 0.2242063492063492 0.24590773809523808 0.02910052910052907 0.027033730158730118
0 0.2296626984126984 0.33072916666666663 0.01752645502645504 0.016121031746031744
0 0.5286044973544973 0.5905257936507936 0.01620370370370372 0.016865079365079305
0 0.5183531746031745 0.6474454365079365 0.01752645502645504 0.017609126984126977
0 0.27926587301587297 0.2759176587301587 0.01620370370370372 0.017113095238095233
0 0.4184854497354497 0.650173611111111 0.012896825396825426 0.014136904761904656
0 0.5889550264550264 0.5209573412698413 0.021164021164021236 0.017113095238095344
0 0.5305886243386243 0.546875 0.018849206349206355 0.019345238095238138
0 0.2470238095238095 0.2761656746031746 0.011243386243386277 0.011656746031746046
0 0.42576058201058203 0.9425843253968254 0.019510582010582016 0.017113095238095344
0 0.400297619047619 0.9264632936507936 0.018187830687830697 0.02008928571428581
0 0.5016534391534392 0.47259424603174605 0.0628306878306879 0.0558035714285714
0 0.6078042328042328 0.8092757936507936 0.023148148148148213 0.02777777777777768
0 0.24454365079365079 0.7390873015873015 0.026785714285714263 0.03323412698412698
0 0.4307208994708995 0.4487847222222222 0.042658730158730084 0.030505952380952328
0 0.6202050264550264 0.6455853174603174 0.026124338624338606 0.016865079365079305
0 0.5229828042328042 0.5224454365079365 0.018187830687830697 0.01116071428571419
0 0.6734457671957671 0.45002480158730157 0.012235449735449619 0.013144841269841279
0 0.6332671957671957 0.33655753968253965 0.0145502645502645 0.012400793650793607
0 0.2581018518518518 0.3284970238095238 0.012896825396825426 0.01215277777777779
0 0.5299272486772487 0.3829365079365079 0.01554232804232806 0.011408730158730118
0 0.23164682539682538 0.7657490079365079 0.02215608465608465 0.015128968253968145
0 0.26719576719576715 0.8479662698412698 0.014550264550264572 0.014384920634920695
0 0.2901785714285714 0.5048363095238095 0.03935185185185186 0.03298611111111116
0 0.548776455026455 0.6232638888888888 0.019510582010582016 0.012896825396825351
0 0.32969576719576715 0.41914682539682535 0.013227513227513255 0.014880952380952328
0 0.6264880952380952 0.5561755952380952 0.014219576719576743 0.013144841269841168
0 0.23872685185185183 0.9723040674603174 0.01779761904761908 0.01868799603174609
0 0.25380291005291006 0.3067956349206349 0.014219576719576743 0.01041666666666663
0 0.5669642857142857 0.624875992063492 0.012896825396825426 0.013640873015873023
0 0.48429232804232797 0.6362847222222222 0.013558201058201083 0.010664682539682557
0 0.3171296296296296 0.32936507936507936 0.014550264550264572 0.009424603174603141
0 0.6712962962962963 0.17621527777777776 0.017857142857142943 0.015128968253968256
0 0.3232473544973545 0.4723462301587301 0.012235449735449766 0.016121031746031744
0 0.4796626984126984 0.7436755952380952 0.02876984126984124 0.036954365079365115
0 0.5345568783068783 0.7096974206349206 0.01554232804232806 0.013144841269841168
0 0.2986111111111111 0.3210565476190476 0.013227513227513255 0.014136904761904767
0 0.5884589947089947 0.46924603174603174 0.02414021164021163 0.009424603174603141
0 0.46246693121693117 0.3671875 0.010912698412698449 0.009672619047619069
0 0.4270833333333333 0.39657738095238093 0.014880952380952403 0.011904761904761862
0 0.44163359788359785 0.693328373015873 0.014880952380952403 0.017609126984126977
0 0.49834656084656087 0.5890376984126984 0.01322751322751318 0.009920634920634885
0 0.38740079365079366 0.9797867063492063 0.013558201058201083 0.015128968253968145
0 0.5580357142857143 0.744047619047619 0.014219576719576743 0.012896825396825351
0 0.28058862433862436 0.9553571428571428 0.014219576719576743 0.010912698412698374
0 0.5014880952380952 0.4055059523809524 0.02414021164021163 0.022321428571428603
0 0.6754298941798941 0.871155753968254 0.014219576719576743 0.013144841269841168
0 0.34218584656084655 0.22388144841269841 0.04998346560846567 0.027328869047619053
0 0.36507605820105815 0.33161706349206344 0.07334325396825392 0.05991071428571426
0 0.3342427248677249 0.30884176587301587 0.021021825396825438 0.011562500000000031
0 0.645271164021164 0.1900892857142857 0.018449074074074073 0.012264384920634919
0 0.647361111111111 0.24171378968253968 0.019206349206349227 0.01564484126984128
0 0.5946957671957671 0.26417410714285716 0.016316137566137517 0.013167162698412671
0 0.3654794973544973 0.405062003968254 0.03564484126984121 0.029057539682539657
0 0.490489417989418 0.5449255952380951 0.027377645502645542 0.016659226190476106
0 0.5617791005291005 0.4643377976190476 0.011881613756613785 0.015885416666666652
0 0.5611574074074074 0.51203125 0.010092592592592542 0.009055059523809472
0 0.4773644179894179 0.4846626984126984 0.015138888888888887 0.018380456349206375
0 0.25314153439153436 0.6457440476190476 0.01765211640211639 0.009665178571428568
0 0.2108366402116402 0.5900595238095238 0.01765211640211639 0.011768353174603119
0 0.5984656084656085 0.6618204365079364 0.01344907407407403 0.011557539682539586
0 0.5803935185185184 0.7536483134920634 0.01541005291005293 0.014499007936507935
0 0.6184986772486772 0.7664682539682539 0.02101190476190477 0.013658234126984192
0 0.6683697089947089 0.6973338293650794 0.02101190476190477 0.012817460317460228
0 0.5647023809523809 0.7176116071428571 0.014847883597883657 0.010086805555555634
0 0.6613657407407407 0.8454786706349205 0.01708994708994697 0.01239831349206355
0 0.4764451058201058 0.8207862103174602 0.019894179894179853 0.017232142857142918
0 0.6299834656084655 0.7732961309523809 0.01541005291005293 0.008405257936507926
0 0.32963293650793646 0.9133506944444444 0.017089947089947117 0.011976686507936485
0 0.35456679894179893 0.9598958333333333 0.014289021164021124 0.011346726190476275
0 0.2967096560846561 0.8302430555555556 0.019613095238095218 0.011346726190476275
0 0.32613095238095235 0.8379117063492063 0.01737103174603168 0.013658234126984192
0 0.3387367724867725 0.8603968253968253 0.01176917989417984 0.009456845238095202
0 0.2279265873015873 0.8929687499999999 0.014289021164021198 0.010297619047618944
0 0.6890277777777777 0.7689384920634921 0.012212301587301688 0.015704365079365123
0 0.25625 0.27062251984126984 0.01213293650793649 0.008665674603174578