0 0.603515625 0.649658203125 0.024088541666666668 0.01513671875
0 0.4137369791666667 0.52685546875 0.05078125 0.03076171875
0 0.5797526041666666 0.59130859375 0.029296875 0.01416015625
0 0.4495442708333333 0.441162109375 0.025390625 0.01513671875
0 0.1103515625 0.6083984375 0.024739583333333332 0.01708984375
0 0.19694010416666666 0.388427734375 0.029947916666666668 0.01806640625
0 0.3785807291666667 0.642333984375 0.053385416666666664 0.03466796875
0 0.20572916666666666 0.5205078125 0.024739583333333332 0.01953125
0 0.3004557291666667 0.603271484375 0.036458333333333336 0.025390625
0 0.23079427083333334 0.386962890625 0.016276041666666668 0.01318359375
0 0.1201171875 0.436279296875 0.026041666666666668 0.0166015625
0 0.14420572916666666 0.658447265625 0.024739583333333332 0.01513671875
0 0.4485677083333333 0.63330078125 0.024088541666666668 0.01220703125
0 0.5380859375 0.618408203125 0.026692708333333332 0.01416015625
0 0.4358723958333333 0.41796875 0.032552083333333336 0.01318359375
0 0.5869140625 0.460693359375 0.030598958333333332 0.01708984375
0 0.5052083333333334 0.58251953125 0.029296875 0.0185546875
0 0.006184895833333333 0.322265625 0.012369791666666666 0.0166015625
0 0.8059895833333334 0.5 0.051432291666666664 0.029296875
0 0.09700520833333333 0.578857421875 0.055989583333333336 0.0361328125
0 0.140625 0.37646484375 0.0234375 0.013671875
0 0.5999348958333334 0.557861328125 0.021484375 0.0146484375
0 0.8815104166666666 0.4453125 0.026692708333333332 0.01708984375
0 0.4375 0.67529296875 0.022786458333333332 0.0126953125
0 0.798828125 0.662841796875 0.040364583333333336 0.03173828125
0 0.4964192708333333 0.62353515625 0.02734375 0.01708984375
0 0.6539713541666666 0.37744140625 0.024088541666666668 0.0185546875
0 0.5384114583333334 0.3837890625 0.018229166666666668 0.01416015625
0 0.6041666666666666 0.57373046875 0.018880208333333332 0.0146484375
0 0.7047526041666666 0.601318359375 0.027994791666666668 0.01416015625
0 0.53125 0.4287109375 0.014973958333333334 0.0126953125
0 0.4410807291666667 0.59912109375 0.031901041666666664 0.0205078125
0 0.09602864583333333 0.40283203125 0.0234375 0.0205078125
0 0.8206380208333334 0.595947265625 0.024088541666666668 0.01171875
0 0.38671875 0.465576171875 0.015625 0.013671875
0 0.7584635416666666 0.42919921875 0.018880208333333332 0.01318359375
0 0.173828125 0.607177734375 0.01953125 0.009765625
0 0.4560546875 0.384765625 0.034505208333333336 0.01611328125
0 0.15559895833333334 0.595458984375 0.022135416666666668 0.0146484375
0 0.3531901041666667 0.54443359375 0.014322916666666666 0.01123046875
0 0.5068359375 0.399658203125 0.013671875 0.013671875
0 0.13606770833333334 0.47705078125 0.042317708333333336 0.02490234375
0 0.6595052083333334 0.6650390625 0.016927083333333332 0.01318359375
0 0.501953125 0.558349609375 0.016927083333333332 0.0107421875
0 0.23111979166666666 0.6748046875 0.018229166666666668 0.0078125
0 0.74609375 0.38818359375 0.014973958333333334 0.01513671875
0 0.07682291666666667 0.6796875 0.025390625 0.01318359375
0 0.3717447916666667 0.453857421875 0.017578125 0.01025390625
0 0.51171875 0.439697265625 0.017578125 0.01416015625
0 0.330078125 0.58251953125 0.013020833333333334 0.009765625
0 0.3870442708333333 0.409912109375 0.014322916666666666 0.0087890625
0 0.22819010416666666 0.330810546875 0.014322916666666666 0.00634765625
0 0.716796875 0.644287109375 0.014322916666666666 0.01025390625
0 0.884765625 0.35888671875 0.01953125 0.01025390625
0 0.005208333333333333 0.503173828125 0.010416666666666666 0.01220703125
0 0.10872395833333333 0.533935546875 0.012369791666666666 0.009765625
0 0.4677734375 0.66064453125 0.018229166666666668 0.0126953125
0 0.19596354166666666 0.659912109375 0.015625 0.0068359375
0 0.5901692708333334 0.495361328125 0.011067708333333334 0.00830078125
0 0.22005208333333334 0.600830078125 0.012369791666666666 0.00830078125
0 0.8551432291666666 0.35595703125 0.013020833333333334 0.0087890625
0 0.5732421875 0.610595703125 0.010416666666666666 0.00732421875
0 0.896484375 0.48388671875 0.018229166666666668 0.01220703125
0 0.884765625 0.539306640625 0.014322916666666666 0.01171875
0 0.90234375 0.609375 0.017578125 0.01220703125
0 0.892578125 0.66064453125 0.014973958333333334 0.0087890625
0 0.8203125 0.673583984375 0.016276041666666668 0.013671875
0 0.8098958333333334 0.642822265625 0.033203125 0.0263671875
0 0.6969401041666666 0.5703125 0.018229166666666668 0.017578125
0 0.828125 0.380859375 0.022786458333333332 0.01513671875
0 0.9091796875 0.419189453125 0.009114583333333334 0.0107421875
0 0.9114583333333334 0.484619140625 0.016927083333333332 0.0107421875
0 0.6344401041666666 0.673095703125 0.016927083333333332 0.01806640625
0 0.6002604166666666 0.60400390625 0.016276041666666668 0.01416015625
0 0.5641276041666666 0.66162109375 0.013020833333333334 0.0126953125
0 0.3870442708333333 0.683349609375 0.016927083333333332 0.0107421875
0 0.4000651041666667 0.68701171875 0.014322916666666666 0.0126953125
0 0.19368489583333334 0.638916015625 0.013020833333333334 0.00927734375
0 0.24609375 0.677734375 0.016276041666666668 0.01123046875
0 0.2776692708333333 0.51220703125 0.012369791666666666 0.0087890625
0 0.064453125 0.69091796875 0.013020833333333334 0.01220703125
0 0.027018229166666668 0.3759765625 0.014322916666666666 0.00927734375
0 0.025716145833333332 0.45068359375 0.016927083333333332 0.01123046875
0 0.046875 0.41650390625 0.013020833333333334 0.009765625
0 0.015299479166666666 0.45849609375 0.013671875 0.01171875
0 0.08984375 0.32568359375 0.016276041666666668 0.009765625
0 0.059895833333333336 0.34423828125 0.012369791666666666 0.01123046875
0 0.16471354166666666 0.5048828125 0.013020833333333334 0.0087890625
0 0.23893229166666666 0.430419921875 0.011067708333333334 0.0107421875
0 0.2763671875 0.415771484375 0.014322916666666666 0.01318359375
0 0.2802734375 0.42919921875 0.014973958333333334 0.01220703125
0 0.18098958333333334 0.481689453125 0.013671875 0.0146484375
0 0.587890625 0.483154296875 0.016927083333333332 0.01123046875
0 0.580078125 0.40234375 0.014973958333333334 0.01416015625
0 0.6822916666666666 0.35498046875 0.01953125 0.01416015625
0 0.6842447916666666 0.393310546875 0.014973958333333334 0.0087890625
0 0.6715494791666666 0.41259765625 0.009114583333333334 0.00927734375
0 0.6435546875 0.44775390625 0.013671875 0.0078125
0 0.7158203125 0.664306640625 0.014973958333333334 0.009765625
0 0.9007161458333334 0.455322265625 0.011067708333333334 0.0078125