0 0.6455078125 0.584716796875 0.029947916666666668 0.025390625
0 0.2799479166666667 0.494873046875 0.044270833333333336 0.03125
0 0.6953125 0.4384765625 0.048828125 0.02783203125
0 0.6438802083333334 0.643798828125 0.020182291666666668 0.01318359375
0 0.5764973958333334 0.653564453125 0.040364583333333336 0.03466796875
0 0.6158854166666666 0.677734375 0.035807291666666664 0.02392578125
0 0.3274739583333333 0.402099609375 0.022786458333333332 0.013671875
0 0.22721354166666666 0.662841796875 0.020182291666666668 0.009765625
0 0.720703125 0.41650390625 0.034505208333333336 0.02294921875
0 0.5305989583333334 0.461669921875 0.022786458333333332 0.01708984375
0 0.5240885416666666 0.6435546875 0.042317708333333336 0.0341796875
0 0.48828125 0.357421875 0.027994791666666668 0.017578125
0 0.4654947916666667 0.345703125 0.022786458333333332 0.013671875
0 0.3548177083333333 0.6689453125 0.018880208333333332 0.01220703125
0 0.9007161458333334 0.382080078125 0.021484375 0.01806640625
0 0.4524739583333333 0.405517578125 0.013671875 0.0087890625
0 0.7158203125 0.3740234375 0.013671875 0.0107421875
0 0.7552083333333334 0.5595703125 0.020182291666666668 0.00830078125
0 0.3883463541666667 0.65234375 0.01953125 0.01025390625
0 0.7626953125 0.37255859375 0.016276041666666668 0.00927734375
0 0.7379557291666666 0.570556640625 0.016927083333333332 0.01416015625
0 0.5641276041666666 0.3408203125 0.015625 0.0107421875
0 0.19856770833333334 0.646728515625 0.013671875 0.0078125
0 0.12434895833333333 0.42822265625 0.016276041666666668 0.0166015625
0 0.5699869791666666 0.43212890625 0.013020833333333334 0.00732421875
0 0.24186197916666666 0.55322265625 0.016276041666666668 0.01171875
0 0.9251302083333334 0.473876953125 0.0390625 0.02001953125
0 0.7688802083333334 0.55126953125 0.022786458333333332 0.009765625
0 0.4684244791666667 0.4814453125 0.011067708333333334 0.0078125
0 0.23600260416666666 0.442626953125 0.02734375 0.0234375
0 0.2333984375 0.62841796875 0.018229166666666668 0.01318359375
0 0.3359375 0.66455078125 0.016276041666666668 0.013671875
0 0.17740885416666666 0.6328125 0.020182291666666668 0.01513671875
0 0.1484375 0.322998046875 0.018229166666666668 0.0107421875
0 0.4889322916666667 0.55224609375 0.018229166666666668 0.01708984375
0 0.4873046875 0.645263671875 0.016276041666666668 0.01416015625
0 0.5481770833333334 0.6611328125 0.020182291666666668 0.0107421875
0 0.5992838541666666 0.41650390625 0.012369791666666666 0.0087890625
0 0.4710286458333333 0.56005859375 0.011067708333333334 0.0087890625
0 0.4326171875 0.55908203125 0.009765625 0.00634765625
0 0.4446614583333333 0.4130859375 0.016927083333333332 0.0078125