0 0.378173828125 0.7805989583333334 0.02587890625 0.03515625
0 0.556884765625 0.5660807291666666 0.01513671875 0.024739583333333332
0 0.3857421875 0.3557942708333333 0.0166015625 0.02734375
0 0.694580078125 0.7418619791666666 0.02392578125 0.0390625
0 0.392578125 0.06868489583333333 0.03076171875 0.03515625
0 0.58935546875 0.2607421875 0.013671875 0.022786458333333332
0 0.544921875 0.007486979166666667 0.0185546875 0.014973958333333334
0 0.4013671875 0.8821614583333334 0.015625 0.021484375
0 0.365478515625 0.6282552083333334 0.01318359375 0.0234375
0 0.400390625 0.3111979166666667 0.00927734375 0.020833333333333332
0 0.658935546875 0.5553385416666666 0.01318359375 0.014973958333333334
0 0.612060546875 0.6907552083333334 0.02099609375 0.027994791666666668
0 0.668701171875 0.359375 0.02587890625 0.039713541666666664
0 0.5673828125 0.4069010416666667 0.017578125 0.0234375
0 0.598876953125 0.3063151041666667 0.0205078125 0.0234375
0 0.40380859375 0.4700520833333333 0.0185546875 0.022135416666666668
0 0.3759765625 0.1669921875 0.0224609375 0.037760416666666664
0 0.421875 0.216796875 0.02001953125 0.0234375
0 0.51416015625 0.7607421875 0.01708984375 0.020833333333333332
0 0.54541015625 0.5947265625 0.02294921875 0.039713541666666664
0 0.59912109375 0.6529947916666666 0.01806640625 0.020833333333333332
0 0.491455078125 0.6481119791666666 0.02099609375 0.050130208333333336
0 0.47607421875 0.14290364583333334 0.0234375 0.033854166666666664
0 0.441162109375 0.6650390625 0.013671875 0.022135416666666668
0 0.4697265625 0.390625 0.01806640625 0.016927083333333332
0 0.5263671875 0.6282552083333334 0.0107421875 0.020182291666666668
0 0.5751953125 0.7454427083333334 0.01416015625 0.033203125
0 0.499755859375 0.24088541666666666 0.0107421875 0.015625
0 0.3681640625 0.8756510416666666 0.01171875 0.015625
0 0.643310546875 0.091796875 0.01025390625 0.015625
0 0.369873046875 0.8525390625 0.0146484375 0.01171875
0 0.455322265625 0.6259765625 0.03125 0.01953125
0 0.589111328125 0.030598958333333332 0.04248046875 0.061197916666666664
0 0.5556640625 0.08235677083333333 0.0107421875 0.01171875
0 0.531982421875 0.08170572916666667 0.0078125 0.01171875
0 0.62451171875 0.014322916666666666 0.015625 0.01953125
0 0.678955078125 0.11197916666666667 0.01806640625 0.014973958333333334
0 0.673583984375 0.17447916666666666 0.01171875 0.032552083333333336
0 0.65966796875 0.23665364583333334 0.0146484375 0.009765625
0 0.684326171875 0.2845052083333333 0.01904296875 0.020833333333333332
0 0.635009765625 0.259765625 0.0146484375 0.014322916666666666
0 0.614501953125 0.11197916666666667 0.0107421875 0.013020833333333334
0 0.577880859375 0.11002604166666667 0.00927734375 0.014973958333333334
0 0.54931640625 0.19010416666666666 0.0107421875 0.009765625
0 0.593017578125 0.3307291666666667 0.013671875 0.014322916666666666
0 0.633544921875 0.6438802083333334 0.00732421875 0.011067708333333334
0 0.634521484375 0.5654296875 0.00927734375 0.013020833333333334
0 0.609375 0.6344401041666666 0.00927734375 0.018229166666666668
0 0.58056640625 0.5338541666666666 0.01025390625 0.01171875
0 0.668212890625 0.8050130208333334 0.013671875 0.008463541666666666
0 0.659423828125 0.7981770833333334 0.00732421875 0.016927083333333332
0 0.68896484375 0.8763020833333334 0.015625 0.015625
0 0.67626953125 0.8951822916666666 0.0107421875 0.01171875
0 0.654052734375 0.8515625 0.0068359375 0.011067708333333334
0 0.596923828125 0.8460286458333334 0.00927734375 0.012369791666666666
0 0.59765625 0.8857421875 0.0107421875 0.013020833333333334
0 0.514404296875 0.5354817708333334 0.01513671875 0.013020833333333334
0 0.4873046875 0.5032552083333334 0.01025390625 0.010416666666666666
0 0.425537109375 0.482421875 0.00927734375 0.012369791666666666
0 0.435302734375 0.5797526041666666 0.00927734375 0.013020833333333334
0 0.363037109375 0.4212239583333333 0.0087890625 0.013671875
0 0.41259765625 0.14876302083333334 0.00927734375 0.014322916666666666
0 0.431884765625 0.09928385416666667 0.01171875 0.014973958333333334
0 0.450439453125 0.10416666666666667 0.00830078125 0.009765625
0 0.409912109375 0.015950520833333332 0.009765625 0.013020833333333334
0 0.630126953125 0.06673177083333333 0.00830078125 0.01171875
0 0.55078125 0.7438151041666666 0.00927734375 0.024739583333333332
0 0.494384765625 0.6884765625 0.01171875 0.018229166666666668
0 0.486328125 0.7044270833333334 0.0078125 0.014322916666666666
0 0.460693359375 0.7307942708333334 0.01123046875 0.018229166666666668
0 0.583984375 0.8684895833333334 0.009765625 0.01171875
0 0.6669921875 0.8284505208333334 0.01708984375 0.020833333333333332
0 0.6689453125 0.3333333333333333 0.0185546875 0.013020833333333334
0 0.44189453125 0.2581380208333333 0.01318359375 0.015625
0 0.5302734375 0.6103515625 0.0126953125 0.018229166666666668