0 0.376953125 0.5016276041666666 0.0166015625 0.026692708333333332
0 0.527099609375 0.63671875 0.02490234375 0.033203125
0 0.507080078125 0.5475260416666666 0.015625 0.025390625
0 0.411376953125 0.5703125 0.01904296875 0.021484375
0 0.60498046875 0.5960286458333334 0.02392578125 0.024088541666666668
0 0.41357421875 0.3186848958333333 0.0185546875 0.02734375
0 0.61767578125 0.375 0.01416015625 0.0234375
0 0.40966796875 0.6399739583333334 0.00634765625 0.016927083333333332
0 0.526123046875 0.7548828125 0.02001953125 0.024088541666666668
0 0.518798828125 0.3323567708333333 0.01611328125 0.016927083333333332
0 0.3779296875 0.5647786458333334 0.015625 0.026692708333333332
0 0.488525390625 0.4104817708333333 0.01513671875 0.024088541666666668
0 0.62646484375 0.4114583333333333 0.01123046875 0.017578125
0 0.630859375 0.4830729166666667 0.02099609375 0.035807291666666664
0 0.525146484375 0.03515625 0.01416015625 0.026692708333333332
0 0.354248046875 0.02734375 0.01513671875 0.030598958333333332
0 0.40380859375 0.8470052083333334 0.01806640625 0.014322916666666666
0 0.43310546875 0.8180338541666666 0.013671875 0.010416666666666666
0 0.4052734375 0.7005208333333334 0.0126953125 0.012369791666666666
0 0.347412109375 0.2021484375 0.01953125 0.024088541666666668
0 0.364501953125 0.21126302083333334 0.01953125 0.021484375
0 0.3564453125 0.3587239583333333 0.00830078125 0.014322916666666666
0 0.344482421875 0.3271484375 0.0087890625 0.01171875
0 0.393310546875 0.8059895833333334 0.0078125 0.008463541666666666
0 0.50537109375 0.7513020833333334 0.01171875 0.014973958333333334
0 0.546142578125 0.8916015625 0.00927734375 0.012369791666666666
0 0.60009765625 0.7906901041666666 0.0126953125 0.017578125
0 0.668701171875 0.6184895833333334 0.01025390625 0.014322916666666666
0 0.620849609375 0.6637369791666666 0.00927734375 0.014322916666666666
0 0.5869140625 0.6673177083333334 0.0205078125 0.016927083333333332
0 0.5908203125 0.7158203125 0.0048828125 0.012369791666666666
0 0.53857421875 0.7122395833333334 0.0087890625 0.022135416666666668
0 0.5693359375 0.5869140625 0.009765625 0.010416666666666666
0 0.561279296875 0.6002604166666666 0.01025390625 0.014973958333333334
0 0.702880859375 0.4287109375 0.01171875 0.015625
0 0.681884765625 0.4332682291666667 0.0087890625 0.013671875
0 0.6435546875 0.4625651041666667 0.00634765625 0.009114583333333334
0 0.66796875 0.3854166666666667 0.015625 0.01953125
0 0.645751953125 0.3951822916666667 0.0146484375 0.013020833333333334
0 0.625 0.326171875 0.0107421875 0.011067708333333334
0 0.650634765625 0.3590494791666667 0.0224609375 0.036458333333333336
0 0.658447265625 0.328125 0.0126953125 0.013671875
0 0.670654296875 0.12369791666666667 0.0224609375 0.021484375
0 0.65283203125 0.12337239583333333 0.0146484375 0.020182291666666668
0 0.6943359375 0.009765625 0.01318359375 0.014322916666666666
0 0.406494140625 0.11100260416666667 0.00927734375 0.009114583333333334
0 0.353759765625 0.15852864583333334 0.01611328125 0.028645833333333332
0 0.437744140625 0.283203125 0.0068359375 0.014973958333333334
0 0.473876953125 0.3697916666666667 0.009765625 0.016927083333333332
0 0.493896484375 0.3515625 0.0048828125 0.010416666666666666
0 0.470947265625 0.65625 0.01025390625 0.013020833333333334
0 0.48876953125 0.6803385416666666 0.01513671875 0.01171875
0 0.6142578125 0.4134114583333333 0.0068359375 0.005859375
0 0.505126953125 0.4508463541666667 0.021484375 0.020833333333333332
0 0.542724609375 0.29296875 0.009765625 0.016276041666666668