0 0.2795965608465608 0.36098710317460314 0.057870370370370385 0.056795634920634885
0 0.5641534391534392 0.5536954365079365 0.0330687830687831 0.031001984126984183
0 0.4287367724867725 0.8289930555555555 0.0479497354497355 0.043898809523809534
0 0.5954034391534392 0.933655753968254 0.042658730158730084 0.03447420634920628
0 0.32093253968253965 0.6437251984126984 0.05257936507936504 0.045386904761904656
0 0.38458994708994704 0.4280753968253968 0.04298941798941799 0.03968253968253965
0 0.41798941798941797 0.47978670634920634 0.047619047619047596 0.03199404761904756
0 0.5267857142857143 0.4694940476190476 0.056216931216931165 0.04414682539682535
0 0.6291335978835978 0.21490575396825395 0.04332010582010574 0.040426587301587324
0 0.6344246031746031 0.8117559523809523 0.05456349206349209 0.04712301587301582
0 0.5416666666666666 0.9005456349206349 0.041666666666666664 0.03819444444444442
0 0.26173941798941797 0.8869047619047619 0.048611111111111084 0.03918650793650791
0 0.46544312169312163 0.21738591269841268 0.04530423280423287 0.03993055555555558
0 0.44510582010582006 0.314484126984127 0.03968253968253969 0.04166666666666663
0 0.355324074074074 0.9131944444444444 0.03339947089947085 0.024801587301587213
0 0.3682208994708995 0.7436755952380952 0.04332010582010589 0.042906746031746046
0 0.435515873015873 0.4497767857142857 0.04629629629629628 0.03546626984126988
0 0.5107473544973545 0.9361359126984127 0.04927248677248682 0.03645833333333326
0 0.40691137566137564 0.759796626984127 0.04332010582010574 0.033482142857142794
0 0.6155753968253969 0.24801587301587297 0.034060846560846514 0.0267857142857143
0 0.28191137566137564 0.5559275793650793 0.07374338624338621 0.05481150793650791
0 0.4761904761904761 0.742063492063492 0.07142857142857147 0.058531746031746046
0 0.6013558201058201 0.4556051587301587 0.0327380952380952 0.03224206349206349
0 0.6870039682539683 0.6300843253968254 0.03670634920634915 0.036954365079365115
0 0.3311838624338624 0.34151785714285715 0.05919312169312171 0.06845238095238093
0 0.6886574074074074 0.22172619047619047 0.03207671957671968 0.024801587301587324
0 0.5889550264550264 0.755704365079365 0.04695767195767194 0.029761904761904656
0 0.37896825396825395 0.8241567460317459 0.05753968253968248 0.051587301587301626
0 0.4614748677248677 0.9171626984126984 0.0625 0.04861111111111116
0 0.5757275132275131 0.3761160714285714 0.04629629629629628 0.0379464285714286
0 0.576223544973545 0.23499503968253968 0.0479497354497355 0.03348214285714285
0 0.6455026455026455 0.8624751984126984 0.037037037037037056 0.03149801587301582
0 0.5676256613756613 0.4460565476190476 0.040013227513227445 0.04439484126984128
0 0.503968253968254 0.5772569444444444 0.0330687830687831 0.02951388888888884
0 0.675595238095238 0.8974454365079365 0.0370370370370369 0.03199404761904767
0 0.6597222222222222 0.2337549603174603 0.016534391534391624 0.015625
0 0.35284391534391535 0.25917658730158727 0.0330687830687831 0.025793650793650813
0 0.6494708994708994 0.25260416666666663 0.023809523809523874 0.021081349206349187
0 0.5132275132275131 0.35726686507936506 0.05158730158730155 0.03447420634920639
0 0.42238095238095236 0.20289186507936505 0.04982804232804231 0.06147817460317462
0 0.38045634920634913 0.329985119047619 0.0327380952380952 0.028025793650793607
0 0.50380291005291 0.8628472222222222 0.030753968253968218 0.029761904761904656
0 0.5750661375661376 0.7140376984126984 0.02050264550264543 0.01835317460317465
0 0.603505291005291 0.5415426587301587 0.028439153439153486 0.025049603174603252
0 0.6721230158730158 0.5460069444444444 0.02347883597883597 0.015625
0 0.6263227513227513 0.6904761904761905 0.03571428571428573 0.026289682539682557
0 0.5363756613756613 0.3916170634920635 0.037037037037037056 0.03373015873015872
0 0.5699404761904762 0.6817956349206349 0.019510582010582016 0.014880952380952328
0 0.26471560846560843 0.24553571428571425 0.03273809523809527 0.029265873015873023
0 0.5322420634920635 0.1796875 0.01620370370370372 0.020585317460317443
0 0.6689814814814814 0.5753968253968254 0.04298941798941799 0.04365079365079372
0 0.3179563492063492 0.8520585317460317 0.018187830687830697 0.013640873015873023
0 0.23561507936507933 0.46242559523809523 0.026785714285714263 0.01810515873015872
0 0.23197751322751323 0.6140873015873015 0.020833333333333332 0.021825396825396748
0 0.337797619047619 0.29315476190476186 0.01752645502645504 0.016865079365079416
0 0.5013227513227513 0.4255952380952381 0.03108465608465612 0.019345238095238138
0 0.6164021164021164 0.3587549603174603 0.0145502645502645 0.013144841269841279
0 0.6025132275132274 0.6329365079365079 0.02050264550264543 0.016865079365079305
0 0.6374007936507936 0.329985119047619 0.018849206349206355 0.013144841269841279
0 0.6660052910052909 0.7161458333333333 0.015211640211640157 0.012648809523809534
0 0.6989087301587301 0.5153769841269841 0.01884920634920621 0.020337301587301626
0 0.31283068783068785 0.9603174603174602 0.018518518518518528 0.014384920634920695
0 0.4880952380952381 0.32973710317460314 0.011904761904761862 0.013640873015873023
0 0.49239417989417983 0.8324652777777777 0.037037037037037056 0.03298611111111116
0 0.384755291005291 0.3943452380952381 0.018187830687830697 0.01388888888888884
0 0.4874338624338624 0.26004464285714285 0.07076719576719581 0.07068452380952384
0 0.34970238095238093 0.4361359126984127 0.027447089947089925 0.02356150793650791
0 0.29927248677248675 0.23623511904761904 0.01719576719576721 0.013144841269841279
0 0.3082010582010582 0.8251488095238094 0.023809523809523798 0.028769841269841168
0 0.3267195767195767 0.6898561507936507 0.019179894179894186 0.017113095238095344
0 0.2349537037037037 0.24640376984126983 0.01752645502645504 0.01215277777777779
0 0.6759259259259259 0.7689732142857142 0.02116402116402109 0.018601190476190466
0 0.6694775132275131 0.5298859126984127 0.01620370370370357 0.012648809523809534
0 0.31415343915343913 0.41902281746031744 0.025132275132275117 0.013640873015873023
0 0.43767526455026456 0.5904365079365079 0.06644510582010588 0.04443204365079367
0 0.5922619047619048 0.2823660714285714 0.02645502645502651 0.024057539682539653
0 0.5671296296296297 0.41542658730158727 0.019179894179894113 0.014880952380952328
0 0.564484126984127 0.8189484126984127 0.03835978835978837 0.029761904761904656
0 0.6421957671957671 0.7180059523809523 0.017857142857142794 0.016369047619047672
0 0.6832010582010581 0.6886160714285714 0.017857142857142943 0.014632936507936511
0 0.24669312169312166 0.7120535714285714 0.015211640211640232 0.012400793650793718
0 0.3273148148148148 0.19991319444444441 0.019186507936507963 0.011991567460317432
0 0.32531415343915343 0.2670114087301587 0.016150793650793638 0.010193452380952372
0 0.5469411375661376 0.28058779761904756 0.0325793650793651 0.01516617063492065
0 0.6773048941798941 0.31697916666666665 0.016762566137566104 0.008134920634920606
0 0.5802182539682539 0.4026438492063492 0.026203703703703656 0.01310267857142855
0 0.44623677248677246 0.39983630952380955 0.026514550264550223 0.014972718253968287
0 0.5873941798941799 0.4762227182539683 0.020588624338624406 0.017547123015873023
0 0.5833366402116401 0.5151785714285714 0.014973544973545009 0.010295138888888777
0 0.5129927248677248 0.5185689484126984 0.012791005291005261 0.016143353174603137
0 0.2759589947089947 0.2848263888888889 0.01340608465608469 0.01047371031746036
0 0.25100529100529095 0.266391369047619 0.028677248677248707 0.016897321428571477
0 0.4758498677248677 0.39626984126984127 0.022159391534391542 0.012150297619047623
0 0.4198015873015873 0.39382688492063495 0.013964947089947147 0.008380456349206367
0 0.45285383597883594 0.4228050595238095 0.014897486772486701 0.009077380952380976
0 0.4867427248677249 0.3758804563492063 0.01526785714285713 0.011870039682539635
0 0.48720899470899465 0.38698412698412693 0.019179894179894113 0.012847222222222232
0 0.6290972222222222 0.5454910714285715 0.03780092592592599 0.022065972222222285
0 0.6580522486772487 0.5906001984126984 0.016759259259259213 0.01312748015873022
0 0.6924999999999999 0.5320833333333334 0.019365079365079474 0.01312748015873022
0 0.5723974867724867 0.6040079365079365 0.012662037037037019 0.012289186507936423
0 0.48450727513227515 0.7873735119047619 0.029421296296296234 0.024300595238095246
0 0.5140376984126984 0.8245213293650793 0.01888558201058199 0.011969246031745984
0 0.7016964285714286 0.8327008928571428 0.011703042328042201 0.013167162698412671
0 0.6313425925925925 0.9256646825396826 0.052933201058201096 0.03989831349206341
0 0.635598544973545 0.9002306547619047 0.02580026455026448 0.014563492063492056
0 0.3560350529100529 0.8572395833333333 0.036974206349206305 0.03311755952380957
0 0.23035383597883596 0.8973363095238095 0.016491402116402137 0.01595982142857144
0 0.4279861111111111 0.928658234126984 0.014365079365079433 0.007978670634920526
0 0.28049272486772486 0.8274131944444444 0.046018518518518535 0.056059027777777715
0 0.3367493386243386 0.6104613095238095 0.053730158730158774 0.029925595238095237
0 0.2618716931216931 0.58203125 0.013564814814814788 0.011371527777777724
0 0.4759986772486773 0.632703373015873 0.025271164021163955 0.016956845238095264
0 0.35111441798941795 0.6691121031746031 0.011170634920634933 0.0103745039682539
0 0.6136541005291005 0.674000496031746 0.027662037037036995 0.014962797619047619
0 0.35151455026455025 0.5582911706349206 0.021544312169312185 0.011770833333333286
0 0.3367493386243386 0.4453769841269841 0.020747354497354504 0.016956845238095264
0 0.464563492063492 0.47550099206349206 0.012503306878306919 0.011770833333333286
0 0.43490410052910056 0.4883680555555555 0.019682539682539673 0.012767857142857109
0 0.32065806878306874 0.37864583333333335 0.01622685185185187 0.014761904761904754
0 0.366276455026455 0.3759523809523809 0.015958994708994645 0.011770833333333286
0 0.28634589947089945 0.43749751984126983 0.07900132275132273 0.03989831349206352
0 0.22875661375661374 0.4120610119047619 0.015958994708994718 0.01057291666666671
0 0.5375793650793651 0.31410714285714286 0.07820436507936505 0.05087053571428568
0 0.6540839947089947 0.529265873015873 0.01489417989417996 0.0103745039682539
0 0.5986243386243386 0.49684771825396823 0.00930886243386242 0.011371527777777724
0 0.6861375661375662 0.49614831349206345 0.016759259259259213 0.011969246031745984
0 0.5506117724867724 0.7473164682539681 0.014365079365079433 0.013965773809523796
0 0.579074074074074 0.7799330357142857 0.03617394179894173 0.03930059523809515
0 0.5979596560846561 0.7959920634920634 0.010638227513227516 0.011569940476190421
0 0.6117890211640211 0.8264161706349206 0.015426587301587228 0.014962797619047619
0 0.40617724867724864 0.6232291666666666 0.03670634920634915 0.0363095238095239
0 0.5983564814814815 0.651158234126984 0.014629629629629696 0.014362599206349191