0 0.2841796875 0.77880859375 0.020833333333333332 0.02587890625
0 0.4137369791666667 0.1904296875 0.051432291666666664 0.046875
0 0.5221354166666666 0.576171875 0.038411458333333336 0.03125
0 0.5299479166666666 0.2158203125 0.024088541666666668 0.01904296875
0 0.3001302083333333 0.63916015625 0.025390625 0.0166015625
0 0.4967447916666667 0.330322265625 0.024088541666666668 0.01513671875
0 0.6126302083333334 0.82958984375 0.035807291666666664 0.01611328125
0 0.6536458333333334 0.940673828125 0.037109375 0.0205078125
0 0.5598958333333334 0.63720703125 0.036458333333333336 0.0390625
0 0.5325520833333334 0.503662109375 0.014973958333333334 0.013671875
0 0.5930989583333334 0.3583984375 0.016927083333333332 0.015625
0 0.3043619791666667 0.60205078125 0.021484375 0.01904296875
0 0.3291015625 0.44970703125 0.059244791666666664 0.0380859375
0 0.6315104166666666 0.374267578125 0.020182291666666668 0.01611328125
0 0.4065755208333333 0.41015625 0.018229166666666668 0.02001953125
0 0.22721354166666666 0.299560546875 0.057942708333333336 0.03173828125
0 0.4694010416666667 0.51171875 0.045572916666666664 0.0361328125
0 0.4625651041666667 0.654052734375 0.0234375 0.01611328125
0 0.5794270833333334 0.501953125 0.033854166666666664 0.02978515625
0 0.6181640625 0.458984375 0.04296875 0.0185546875
0 0.3662109375 0.553955078125 0.024739583333333332 0.013671875
0 0.4443359375 0.736572265625 0.014973958333333334 0.01708984375
0 0.37890625 0.303955078125 0.052083333333333336 0.03076171875
0 0.6357421875 0.268798828125 0.022786458333333332 0.0185546875
0 0.6116536458333334 0.476806640625 0.024739583333333332 0.0166015625
0 0.4690755208333333 0.956787109375 0.026041666666666668 0.01513671875
0 0.4290364583333333 0.607421875 0.022135416666666668 0.01806640625
0 0.6207682291666666 0.707275390625 0.018880208333333332 0.0185546875
0 0.3639322916666667 0.51171875 0.020833333333333332 0.01904296875
0 0.4293619791666667 0.39501953125 0.016276041666666668 0.0126953125
0 0.4521484375 0.459228515625 0.050130208333333336 0.03369140625
0 0.3333333333333333 0.3701171875 0.04296875 0.033203125
0 0.6302083333333334 0.231689453125 0.016276041666666668 0.01318359375
0 0.494140625 0.378173828125 0.021484375 0.01416015625
0 0.4791666666666667 0.71533203125 0.014973958333333334 0.0126953125
0 0.4371744791666667 0.3505859375 0.026041666666666668 0.01611328125
0 0.4381510416666667 0.8291015625 0.035807291666666664 0.0205078125
0 0.4072265625 0.472900390625 0.016927083333333332 0.01513671875
0 0.3818359375 0.91259765625 0.033854166666666664 0.03369140625
0 0.23600260416666666 0.426025390625 0.022135416666666668 0.01611328125
0 0.6813151041666666 0.738037109375 0.018880208333333332 0.01513671875
0 0.6598307291666666 0.732666015625 0.016927083333333332 0.0166015625
0 0.22981770833333334 0.669921875 0.020182291666666668 0.0166015625
0 0.5052083333333334 0.226318359375 0.013671875 0.01318359375
0 0.4645182291666667 0.412109375 0.030598958333333332 0.0185546875
0 0.5768229166666666 0.835693359375 0.033203125 0.037109375
0 0.2666015625 0.63330078125 0.0234375 0.01953125
0 0.5712890625 0.291748046875 0.020182291666666668 0.02294921875
0 0.24576822916666666 0.90283203125 0.031901041666666664 0.03271484375
0 0.4606119791666667 0.589111328125 0.022786458333333332 0.0107421875
0 0.4645182291666667 0.7734375 0.014322916666666666 0.01513671875
0 0.6302083333333334 0.30810546875 0.026692708333333332 0.0185546875
0 0.314453125 0.497314453125 0.016276041666666668 0.01611328125
0 0.6106770833333334 0.5380859375 0.039713541666666664 0.02685546875
0 0.6380208333333334 0.70166015625 0.016927083333333332 0.01708984375
0 0.193359375 0.650146484375 0.046875 0.03125
0 0.21549479166666666 0.656494140625 0.016276041666666668 0.01171875
0 0.1884765625 0.669677734375 0.013671875 0.01123046875
0 0.349609375 0.522216796875 0.015625 0.01171875
0 0.2760416666666667 0.301025390625 0.011067708333333334 0.0068359375
0 0.3173828125 0.28369140625 0.011067708333333334 0.00927734375
0 0.4163411458333333 0.2578125 0.013671875 0.01318359375
0 0.5032552083333334 0.31884765625 0.014973958333333334 0.01025390625
0 0.6097005208333334 0.302978515625 0.014973958333333334 0.01025390625
0 0.6178385416666666 0.284912109375 0.009765625 0.00927734375
0 0.6663411458333334 0.261962890625 0.016276041666666668 0.0126953125
0 0.6217447916666666 0.587890625 0.024088541666666668 0.01708984375
0 0.62890625 0.571533203125 0.025390625 0.01708984375
0 0.6188151041666666 0.55615234375 0.014322916666666666 0.01123046875
0 0.6682942708333334 0.61083984375 0.016927083333333332 0.015625
0 0.693359375 0.576171875 0.012369791666666666 0.01123046875
0 0.66796875 0.639404296875 0.020182291666666668 0.01806640625
0 0.6272786458333334 0.727294921875 0.017578125 0.01513671875
0 0.6572265625 0.71728515625 0.011067708333333334 0.01123046875
0 0.6402994791666666 0.88525390625 0.020182291666666668 0.01708984375
0 0.4420572916666667 0.904052734375 0.024739583333333332 0.01708984375
0 0.26953125 0.953125 0.016276041666666668 0.01513671875
0 0.2555338541666667 0.947021484375 0.013671875 0.01953125
0 0.2613932291666667 0.929443359375 0.0234375 0.015625
0 0.22884114583333334 0.927734375 0.014973958333333334 0.017578125
0 0.17317708333333334 0.9541015625 0.015625 0.009765625
0 0.3499348958333333 0.8349609375 0.057291666666666664 0.03076171875
0 0.3538411458333333 0.811279296875 0.020182291666666668 0.0146484375
0 0.18815104166666666 0.765625 0.046223958333333336 0.03564453125
0 0.21028645833333334 0.701904296875 0.057291666666666664 0.03564453125
0 0.3356119791666667 0.654296875 0.018880208333333332 0.00927734375
0 0.4274088541666667 0.597412109375 0.017578125 0.0087890625
0 0.4475911458333333 0.412109375 0.018229166666666668 0.01513671875
0 0.5315755208333334 0.390380859375 0.017578125 0.02197265625
0 0.2679036458333333 0.32861328125 0.034505208333333336 0.02685546875
0 0.2906901041666667 0.225830078125 0.009765625 0.01171875
0 0.3528645833333333 0.225341796875 0.044921875 0.0234375
0 0.3580729166666667 0.23583984375 0.013020833333333334 0.01318359375
0 0.4280598958333333 0.225830078125 0.01171875 0.0107421875
0 0.4280598958333333 0.31640625 0.014322916666666666 0.0107421875
0 0.26953125 0.531494140625 0.01953125 0.01025390625
0 0.22526041666666666 0.492431640625 0.036458333333333336 0.01708984375
0 0.4817708333333333 0.274169921875 0.013020833333333334 0.01123046875
0 0.4729817708333333 0.826904296875 0.015625 0.01513671875
0 0.5888671875 0.436279296875 0.017578125 0.00927734375
0 0.23372395833333334 0.271728515625 0.022786458333333332 0.01708984375
0 0.23470052083333334 0.233154296875 0.026692708333333332 0.009765625
0 0.3082682291666667 0.226806640625 0.014322916666666666 0.01123046875
0 0.3014322916666667 0.188232421875 0.016927083333333332 0.00927734375
0 0.2945963541666667 0.184326171875 0.018880208333333332 0.00927734375
0 0.4358723958333333 0.42431640625 0.013671875 0.00830078125
0 0.3668619791666667 0.418212890625 0.026041666666666668 0.0166015625
0 0.6044921875 0.4248046875 0.016276041666666668 0.00927734375
0 0.3274739583333333 0.4091796875 0.014973958333333334 0.0126953125
0 0.2177734375 0.397216796875 0.017578125 0.00927734375
0 0.3102213541666667 0.472900390625 0.016927083333333332 0.01416015625
0 0.3196614583333333 0.424072265625 0.021484375 0.01416015625
0 0.20572916666666666 0.405029296875 0.012369791666666666 0.00927734375
0 0.4908854166666667 0.667724609375 0.017578125 0.015625
0 0.341796875 0.799560546875 0.022135416666666668 0.0146484375
0 0.2574869791666667 0.7490234375 0.016927083333333332 0.01904296875
0 0.2884114583333333 0.93603515625 0.024739583333333332 0.017578125
0 0.19661458333333334 0.9169921875 0.025390625 0.015625
0 0.20442708333333334 0.948486328125 0.021484375 0.01513671875
0 0.7067057291666666 0.8408203125 0.015625 0.0166015625
0 0.595703125 0.471923828125 0.011067708333333334 0.00927734375
0 0.24055989583333334 0.544677734375 0.01171875 0.01025390625
0 0.20735677083333334 0.631103515625 0.021484375 0.01220703125
0 0.255859375 0.883056640625 0.015625 0.0185546875
0 0.49609375 0.87890625 0.011067708333333334 0.0107421875