0 0.36572265625 0.4186197916666667 0.0146484375 0.014973958333333334
0 0.888671875 0.3470052083333333 0.0234375 0.025390625
0 0.883056640625 0.2574869791666667 0.02978515625 0.028645833333333332
0 0.470703125 0.4931640625 0.01806640625 0.018880208333333332
0 0.39453125 0.4423828125 0.013671875 0.012369791666666666
0 0.427001953125 0.34765625 0.03271484375 0.044921875
0 0.617919921875 0.2926432291666667 0.01318359375 0.020182291666666668
0 0.718994140625 0.5647786458333334 0.02880859375 0.026692708333333332
0 0.59814453125 0.6311848958333334 0.04833984375 0.028645833333333332
0 0.646484375 0.24772135416666666 0.01318359375 0.017578125
0 0.380126953125 0.455078125 0.01220703125 0.018880208333333332
0 0.533447265625 0.3740234375 0.01318359375 0.012369791666666666
0 0.434814453125 0.5289713541666666 0.01318359375 0.021484375
0 0.695556640625 0.6497395833333334 0.015625 0.025390625
0 0.51123046875 0.4182942708333333 0.01220703125 0.020182291666666668
0 0.56884765625 0.6044921875 0.0107421875 0.011067708333333334
0 0.95361328125 0.6656901041666666 0.01220703125 0.014322916666666666
0 0.921630859375 0.7180989583333334 0.01953125 0.022786458333333332
0 0.514892578125 0.6484375 0.013671875 0.016276041666666668
0 0.5166015625 0.7451171875 0.01025390625 0.014322916666666666
0 0.783203125 0.3850911458333333 0.013671875 0.020182291666666668
0 0.370361328125 0.3899739583333333 0.00927734375 0.01171875
0 0.731201171875 0.24251302083333334 0.01025390625 0.016276041666666668
0 0.6552734375 0.5354817708333334 0.00927734375 0.018229166666666668
0 0.6474609375 0.3365885416666667 0.01123046875 0.016276041666666668
0 0.366943359375 0.533203125 0.01171875 0.018880208333333332
0 0.185546875 0.5572916666666666 0.009765625 0.01171875
0 0.24609375 0.587890625 0.01171875 0.01171875
0 0.26318359375 0.3828125 0.03125 0.041015625
0 0.27880859375 0.4251302083333333 0.01025390625 0.009114583333333334
0 0.314208984375 0.4290364583333333 0.01025390625 0.014322916666666666
0 0.34716796875 0.4270833333333333 0.01513671875 0.013020833333333334
0 0.424072265625 0.4182942708333333 0.01708984375 0.013020833333333334
0 0.59033203125 0.4423828125 0.01171875 0.013020833333333334
0 0.5029296875 0.4554036458333333 0.01123046875 0.020833333333333332
0 0.656494140625 0.3857421875 0.01220703125 0.020182291666666668
0 0.705810546875 0.3603515625 0.01708984375 0.013671875
0 0.749755859375 0.22981770833333334 0.01416015625 0.018229166666666668
0 0.4150390625 0.6350911458333334 0.0126953125 0.024088541666666668
0 0.3935546875 0.6744791666666666 0.01318359375 0.020182291666666668
0 0.431396484375 0.7096354166666666 0.009765625 0.012369791666666666
0 0.22900390625 0.7158203125 0.01611328125 0.027994791666666668
0 0.668701171875 0.4248046875 0.01171875 0.020182291666666668
0 0.65576171875 0.3450520833333333 0.01123046875 0.013671875
0 0.19970703125 0.5478515625 0.015625 0.011067708333333334
0 0.202392578125 0.6725260416666666 0.0146484375 0.016276041666666668
0 0.284423828125 0.7037760416666666 0.0107421875 0.01171875
0 0.29345703125 0.6725260416666666 0.01123046875 0.01171875
0 0.3095703125 0.5862630208333334 0.01611328125 0.016276041666666668
0 0.724365234375 0.6435546875 0.0107421875 0.016276041666666668
0 0.89306640625 0.7265625 0.01025390625 0.012369791666666666
0 0.896728515625 0.6901041666666666 0.009765625 0.011067708333333334
0 0.76416015625 0.546875 0.01318359375 0.015625
0 0.7724609375 0.4759114583333333 0.01123046875 0.016927083333333332
0 0.651611328125 0.5104166666666666 0.01904296875 0.014322916666666666
0 0.669677734375 0.4895833333333333 0.00927734375 0.017578125
0 0.57568359375 0.2607421875 0.009765625 0.013020833333333334
0 0.428955078125 0.2607421875 0.00927734375 0.015625
0 0.38916015625 0.3444010416666667 0.01611328125 0.022135416666666668
0 0.4541015625 0.333984375 0.0107421875 0.01953125
0 0.210693359375 0.5582682291666666 0.01318359375 0.014973958333333334
0 0.265869140625 0.54296875 0.0078125 0.012369791666666666
0 0.40380859375 0.4886067708333333 0.02197265625 0.024739583333333332
0 0.7626953125 0.7288411458333334 0.0146484375 0.018880208333333332
0 0.89892578125 0.6591796875 0.01025390625 0.014973958333333334
0 0.746826171875 0.6979166666666666 0.017578125 0.0234375
0 0.64208984375 0.6546223958333334 0.013671875 0.020833333333333332
0 0.656005859375 0.5888671875 0.01513671875 0.018229166666666668
0 0.548583984375 0.6197916666666666 0.01171875 0.016276041666666668
0 0.3994140625 0.5852864583333334 0.01171875 0.014973958333333334
0 0.48193359375 0.5139973958333334 0.01416015625 0.017578125
0 0.2568359375 0.6871744791666666 0.01318359375 0.017578125