0 0.56103515625 0.3209635416666667 0.01123046875 0.01953125
0 0.681640625 0.9954427083333334 0.021484375 0.009114583333333334
0 0.505126953125 0.4609375 0.01416015625 0.024088541666666668
0 0.543212890625 0.359375 0.00927734375 0.018229166666666668
0 0.6142578125 0.4026692708333333 0.03369140625 0.043619791666666664
0 0.655517578125 0.6572265625 0.01513671875 0.017578125
0 0.451416015625 0.7919921875 0.02001953125 0.038411458333333336
0 0.401611328125 0.630859375 0.021484375 0.064453125
0 0.689208984375 0.6953125 0.01318359375 0.017578125
0 0.53369140625 0.3401692708333333 0.01416015625 0.016276041666666668
0 0.594482421875 0.5445963541666666 0.00927734375 0.017578125
0 0.478271484375 0.4130859375 0.01611328125 0.017578125
0 0.3876953125 0.7607421875 0.01904296875 0.020833333333333332
0 0.561279296875 0.5149739583333334 0.01513671875 0.016276041666666668
0 0.421630859375 0.591796875 0.00830078125 0.014322916666666666
0 0.388671875 0.5198567708333334 0.01220703125 0.018229166666666668
0 0.316162109375 0.5221354166666666 0.0107421875 0.013671875
0 0.586181640625 0.8776041666666666 0.01513671875 0.018229166666666668
0 0.58251953125 0.3271484375 0.0087890625 0.012369791666666666
0 0.693115234375 0.8082682291666666 0.01220703125 0.013671875
0 0.473388671875 0.70703125 0.013671875 0.012369791666666666
0 0.62255859375 0.6966145833333334 0.01220703125 0.014973958333333334
0 0.47509765625 0.3225911458333333 0.01416015625 0.015625
0 0.45703125 0.08072916666666667 0.0087890625 0.013020833333333334
0 0.43408203125 0.16145833333333334 0.0087890625 0.015625
0 0.587890625 0.18424479166666666 0.03076171875 0.041666666666666664
0 0.55615234375 0.205078125 0.0068359375 0.013671875
0 0.55322265625 0.2522786458333333 0.0107421875 0.013671875
0 0.5546875 0.2962239583333333 0.009765625 0.020182291666666668
0 0.561279296875 0.3987630208333333 0.009765625 0.022786458333333332
0 0.543212890625 0.6204427083333334 0.009765625 0.015625
0 0.533447265625 0.50390625 0.015625 0.014973958333333334
0 0.585693359375 0.7086588541666666 0.01513671875 0.016276041666666668
0 0.604736328125 0.7744140625 0.01025390625 0.022786458333333332
0 0.70263671875 0.8330078125 0.013671875 0.018880208333333332
0 0.398681640625 0.38671875 0.01806640625 0.016927083333333332
0 0.369140625 0.3580729166666667 0.01513671875 0.017578125
0 0.3427734375 0.4085286458333333 0.00927734375 0.013020833333333334
0 0.338134765625 0.138671875 0.02099609375 0.021484375
0 0.556396484375 0.7249348958333334 0.01513671875 0.015625
0 0.6162109375 0.7076822916666666 0.01025390625 0.014973958333333334
0 0.464111328125 0.099609375 0.00830078125 0.020833333333333332
0 0.37060546875 0.10319010416666667 0.01220703125 0.01953125
0 0.34716796875 0.21256510416666666 0.0087890625 0.014322916666666666
0 0.37060546875 0.224609375 0.0087890625 0.014973958333333334
0 0.435302734375 0.24609375 0.01220703125 0.021484375
0 0.392333984375 0.7991536458333334 0.01220703125 0.014322916666666666
0 0.46484375 0.8522135416666666 0.01171875 0.017578125
0 0.51806640625 0.86328125 0.0126953125 0.014973958333333334
0 0.4921875 0.7021484375 0.0107421875 0.025390625
0 0.5078125 0.7262369791666666 0.01318359375 0.012369791666666666
0 0.679443359375 0.6009114583333334 0.009765625 0.013020833333333334
0 0.679443359375 0.4052734375 0.01171875 0.012369791666666666
0 0.61669921875 0.3522135416666667 0.0166015625 0.021484375
0 0.62451171875 0.4388020833333333 0.0146484375 0.014322916666666666
0 0.456298828125 0.1142578125 0.01123046875 0.017578125
0 0.4677734375 0.18782552083333334 0.00927734375 0.010416666666666666
0 0.508544921875 0.3717447916666667 0.0185546875 0.029296875
0 0.328369140625 0.8502604166666666 0.01416015625 0.01953125
0 0.3515625 0.8291015625 0.017578125 0.0234375
0 0.384033203125 0.689453125 0.015625 0.018229166666666668
0 0.433349609375 0.7080078125 0.013671875 0.020182291666666668
0 0.41015625 0.5647786458333334 0.01220703125 0.015625
0 0.43603515625 0.3658854166666667 0.01123046875 0.015625
0 0.489501953125 0.4759114583333333 0.01318359375 0.018880208333333332
0 0.359619140625 0.17578125 0.01318359375 0.017578125