0 0.3704530423280423 0.18840277777777775 0.03764219576719574 0.02425595238095235
0 0.39707671957671953 0.20803075396825396 0.028462301587301564 0.016691468253968278
0 0.2414583333333333 0.26141369047619045 0.029378306878306892 0.018792162698412662
0 0.3750429894179894 0.2834548611111111 0.039477513227513285 0.031202876984126937
0 0.44757275132275126 0.3068725198412698 0.032132936507936506 0.021574900793650764
0 0.4012070105820105 0.32375 0.031213624338624364 0.02916170634920634
0 0.3553042328042328 0.31651537698412696 0.023869047619047585 0.02020337301587305
0 0.253396164021164 0.35371031746031745 0.02754298941798942 0.017470238095238066
0 0.283234126984127 0.33442212301587304 0.026623677248677275 0.014702380952380967
0 0.2951686507936508 0.35508680555555555 0.024788359788359804 0.017470238095238066
0 0.3534656084656085 0.36335317460317457 0.023869047619047585 0.020230654761904776
0 0.5439715608465608 0.199422123015873 0.019279100529100496 0.020131448412698427
0 0.6940806878306879 0.28276537698412696 0.02754298941798942 0.01742559523809528
0 0.23319775132275133 0.38948660714285716 0.031213624338624364 0.025677083333333295
0 0.2497222222222222 0.429781746031746 0.038561507936507956 0.02914434523809528
0 0.25584325396825397 0.45446924603174604 0.02825396825396827 0.017805059523809508
0 0.2444642857142857 0.4839087301587301 0.03531415343915345 0.022534722222222192
0 0.27585317460317454 0.4968625992063492 0.04473214285714285 0.03313988095238096
0 0.32843584656084657 0.47802083333333334 0.04002314814814811 0.021354166666666674
0 0.41868716931216926 0.5074603174603174 0.051011904761904724 0.027259424603174542
0 0.5438624338624339 0.5651612103174602 0.05493386243386237 0.03671378968253958
0 0.6250859788359788 0.562217261904762 0.02746693121693126 0.030825892857142767
0 0.6388194444444444 0.4800818452380952 0.02668320105820099 0.01958829365079362
0 0.6384292328042328 0.37616319444444446 0.021190476190476204 0.02600198412698418
0 0.6537334656084656 0.5274454365079364 0.02040343915343919 0.021319444444444446
0 0.5642658730158729 0.6731671626984127 0.0313921957671958 0.026708829365079456
0 0.5709358465608465 0.6967162698412698 0.014910714285714258 0.0161235119047618
0 0.2609424603174603 0.6787624007936508 0.029037698412698393 0.034365079365079376
0 0.22091931216931215 0.7023115079365079 0.018048941798941787 0.015538194444444375
0 0.41790343915343914 0.7299776785714285 0.02275793650793645 0.020255456349206336
0 0.3971064814814815 0.7900099206349206 0.023544973544973608 0.026133432539682477
0 0.23347552910052907 0.8379811507936507 0.029037698412698393 0.024367559523809534
0 0.4583201058201058 0.8797619047619046 0.053366402116402124 0.03612103174603165
0 0.6129232804232804 0.8626884920634921 0.03295965608465604 0.037289186507936556
0 0.7114153439153439 0.9159722222222221 0.044732142857142776 0.03555555555555556
0 0.7377050264550266 0.9386383928571428 0.029821428571428516 0.02202876984126978
0 0.2134623015873016 0.9059623015873016 0.029821428571428592 0.02377480158730161
0 0.26486772486772486 0.9315724206349205 0.018048941798941787 0.017313988095237987
0 0.7176917989417989 0.78765625 0.019619708994709068 0.0178943452380953
0 0.34177579365079364 0.7317485119047619 0.03217592592592592 0.02026041666666667
0 0.6207705026455026 0.20426835317460318 0.02040343915343919 0.017710813492063493
0 0.2428935185185185 0.20279761904761903 0.019619708994708995 0.014766865079365088
0 0.5316964285714285 0.3953249007936508 0.019619708994708922 0.013705357142857144
0 0.6968948412698412 0.426235119047619 0.021974206349206327 0.013137400793650778
0 0.49363425925925924 0.9183283730158729 0.03453042328042333 0.03437996031746038
0 0.387688492063492 0.8450223214285714 0.02825396825396827 0.021969246031745993
0 0.35825727513227507 0.8138169642857143 0.02746693121693126 0.012532242063492127
0 0.23896825396825394 0.8064583333333333 0.02432870370370373 0.011937003968254034
0 0.73823082010582 0.19814732142857142 0.044351851851851976 0.03186259920634921
0 0.6581481481481481 0.2526612103174603 0.02316137566137577 0.01595982142857144
0 0.4470138888888888 0.320032242063492 0.018637566137566175 0.007239583333333299
0 0.4468749999999999 0.34185267857142854 0.013270502645502594 0.0072519841269841345
0 0.2826686507936508 0.381984126984127 0.019203042328042336 0.015505952380952426
0 0.30045634920634917 0.3821974206349206 0.017506613756613776 0.0197445436507937
0 0.3542526455026455 0.40338045634920633 0.021177248677248645 0.010009920634920677
0 0.34295634920634915 0.4174677579365079 0.018356481481481463 0.013621031746031798
0 0.24736772486772485 0.40740575396825396 0.012989417989417959 0.009166666666666656
0 0.23310846560846557 0.5337400793650793 0.012708333333333321 0.01361855158730152
0 0.2593716931216931 0.5724950396825397 0.020615079365079374 0.01742559523809528
0 0.26219576719576715 0.6286210317460317 0.020615079365079374 0.01615823412698414
0 0.36399470899470904 0.6272420634920635 0.020896164021164083 0.012557043650793576
0 0.5256580687830688 0.617078373015873 0.020615079365079374 0.012559523809523743
0 0.49007936507936506 0.5791567460317459 0.018918650793650738 0.010840773809523752
0 0.6355059523809523 0.5391393849206348 0.013835978835978905 0.010863095238095255
0 0.5779001322751322 0.5387152777777777 0.016660052910052976 0.012557043650793576
0 0.5543220899470899 0.463735119047619 0.021461640211640248 0.017628968253968202
0 0.6136739417989417 0.3396205357142857 0.015625 0.013065476190476155
0 0.7243750000000001 0.34112103174603176 0.0159424603174602 0.013246527777777795
0 0.6947982804232805 0.357016369047619 0.016362433862433967 0.011684027777777772
0 0.7173478835978836 0.382579365079365 0.014474206349206339 0.012777777777777777
0 0.7134689153439154 0.5071875 0.011749338624338653 0.013087797619047548
0 0.6865112433862435 0.5500744047619047 0.014054232804232866 0.010753968253968349
0 0.6909160052910052 0.577842261904762 0.014894179894179812 0.01468253968253963
0 0.2543154761904762 0.7523635912698413 0.017996031746031777 0.01354414682539673
0 0.28238095238095234 0.8535565476190475 0.020009920634920613 0.013566468253968234
0 0.30626984126984125 0.86734623015873 0.02576058201058203 0.008132440476190439
0 0.29751322751322745 0.885062003968254 0.017757936507936483 0.02217757936507936
0 0.5249966931216931 0.9072891865079364 0.024011243386243386 0.014858630952381047
0 0.5209953703703704 0.8570114087301587 0.027013888888888893 0.014099702380952372
0 0.6270436507936508 0.8866592261904762 0.020009920634920686 0.011865079365079412
0 0.661061507936508 0.8768080357142857 0.01650793650793651 0.01617559523809531
0 0.7409722222222221 0.8857217261904762 0.015757275132274984 0.022371031746031722
0 0.6789451058201058 0.7685813492063491 0.012754629629629774 0.010570436507936432
0 0.7127083333333334 0.7617311507936508 0.013257275132275185 0.014131944444444544
0 0.7221031746031744 0.2725347222222222 0.02008267195767181 0.016044146825396788
0 0.7157142857142857 0.22162450396825398 0.010955687830687863 0.008707837301587307
0 0.6890112433862434 0.2957837301587301 0.012685185185185096 0.007455357142857166
0 0.6636441798941798 0.39501488095238096 0.013191137566137693 0.010704365079365119
0 0.40688161375661375 0.19170386904761905 0.016848544973544932 0.011178075396825415
0 0.4541170634920635 0.21156498015873015 0.01321428571428577 0.009910714285714273
0 0.45157076719576716 0.7831175595238096 0.017189153439153504 0.014062500000000089
0 0.19375330687830686 0.9748685515873016 0.023439153439153444 0.013769841269841265
0 0.18711309523809525 0.8333630952380952 0.022655423280423248 0.014940476190476115
0 0.6984490740740741 0.9684250992063491 0.014064153439153534 0.017872023809523796
0 0.6320403439153438 0.8532862103174602 0.026564153439153415 0.05068452380952371
0 0.6505952380952381 0.8572395833333333 0.02070436507936509 0.01582093253968253
0 0.44610119047619046 0.8009895833333334 0.021094576719576708 0.017579365079364973
0 0.6978637566137565 0.6429315476190476 0.022265211640211707 0.013769841269841265
0 0.6851686507936506 0.6372172619047619 0.01796957671957659 0.012891865079365017
0 0.7257936507936509 0.5630952380952381 0.016405423280423232 0.020508432539682486