0 0.3544921875 0.415283203125 0.029947916666666668 0.025390625
0 0.7200520833333334 0.505126953125 0.044270833333333336 0.03125
0 0.3046875 0.5615234375 0.048828125 0.02783203125
0 0.3561197916666667 0.356201171875 0.020182291666666668 0.01318359375
0 0.4235026041666667 0.346435546875 0.040364583333333336 0.03466796875
0 0.3841145833333333 0.322265625 0.035807291666666664 0.02392578125
0 0.6725260416666666 0.597900390625 0.022786458333333332 0.013671875
0 0.7727864583333334 0.337158203125 0.020182291666666668 0.009765625
0 0.279296875 0.58349609375 0.034505208333333336 0.02294921875
0 0.4694010416666667 0.538330078125 0.022786458333333332 0.01708984375
0 0.4759114583333333 0.3564453125 0.042317708333333336 0.0341796875
0 0.51171875 0.642578125 0.027994791666666668 0.017578125
0 0.5345052083333334 0.654296875 0.022786458333333332 0.013671875
0 0.6451822916666666 0.3310546875 0.018880208333333332 0.01220703125
0 0.09928385416666667 0.617919921875 0.021484375 0.01806640625
0 0.5475260416666666 0.594482421875 0.013671875 0.0087890625
0 0.2841796875 0.6259765625 0.013671875 0.0107421875
0 0.24479166666666666 0.4404296875 0.020182291666666668 0.00830078125
0 0.6116536458333334 0.34765625 0.01953125 0.01025390625
0 0.2373046875 0.62744140625 0.016276041666666668 0.00927734375
0 0.2620442708333333 0.429443359375 0.016927083333333332 0.01416015625
0 0.4358723958333333 0.6591796875 0.015625 0.0107421875
0 0.8014322916666666 0.353271484375 0.013671875 0.0078125
0 0.8756510416666666 0.57177734375 0.016276041666666668 0.0166015625
0 0.4300130208333333 0.56787109375 0.013020833333333334 0.00732421875
0 0.7581380208333334 0.44677734375 0.016276041666666668 0.01171875
0 0.07486979166666667 0.526123046875 0.0390625 0.02001953125
0 0.23111979166666666 0.44873046875 0.022786458333333332 0.009765625
0 0.5315755208333334 0.5185546875 0.011067708333333334 0.0078125
0 0.7639973958333334 0.557373046875 0.02734375 0.0234375
0 0.7666015625 0.37158203125 0.018229166666666668 0.01318359375
0 0.6640625 0.33544921875 0.016276041666666668 0.013671875
0 0.8225911458333334 0.3671875 0.020182291666666668 0.01513671875
0 0.8515625 0.677001953125 0.018229166666666668 0.0107421875
0 0.5110677083333334 0.44775390625 0.018229166666666668 0.01708984375
0 0.5126953125 0.354736328125 0.016276041666666668 0.01416015625
0 0.4518229166666667 0.3388671875 0.020182291666666668 0.0107421875
0 0.4007161458333333 0.58349609375 0.012369791666666666 0.0087890625
0 0.5289713541666666 0.43994140625 0.011067708333333334 0.0087890625
0 0.5673828125 0.44091796875 0.009765625 0.00634765625
0 0.5553385416666666 0.5869140625 0.016927083333333332 0.0078125