0 0.688720703125 0.08040364583333333 0.03125 0.037109375
0 0.394775390625 0.5042317708333334 0.03515625 0.046875
0 0.427978515625 0.13541666666666666 0.029296875 0.041666666666666664
0 0.55615234375 0.14485677083333334 0.01708984375 0.017578125
0 0.5302734375 0.7652994791666666 0.0205078125 0.026041666666666668
0 0.35498046875 0.681640625 0.015625 0.013671875
0 0.438232421875 0.4742838541666667 0.01513671875 0.020833333333333332
0 0.508056640625 0.7314453125 0.0166015625 0.026041666666666668
0 0.582275390625 0.8453776041666666 0.0166015625 0.020833333333333332
0 0.556396484375 0.20540364583333334 0.01904296875 0.018229166666666668
0 0.36328125 0.7151692708333334 0.0166015625 0.017578125
0 0.425537109375 0.6813151041666666 0.009765625 0.014322916666666666
0 0.65576171875 0.4153645833333333 0.01318359375 0.017578125
0 0.439697265625 0.810546875 0.009765625 0.011067708333333334
0 0.6455078125 0.8505859375 0.013671875 0.014322916666666666
0 0.613037109375 0.7425130208333334 0.009765625 0.010416666666666666
0 0.57666015625 0.693359375 0.0185546875 0.018880208333333332
0 0.591552734375 0.8606770833333334 0.01513671875 0.014322916666666666
0 0.552978515625 0.8567708333333334 0.0087890625 0.016927083333333332
0 0.56005859375 0.5035807291666666 0.01025390625 0.01171875
0 0.51708984375 0.6510416666666666 0.01220703125 0.012369791666666666
0 0.50634765625 0.6549479166666666 0.0107421875 0.020182291666666668
0 0.49365234375 0.6201171875 0.0146484375 0.016276041666666668
0 0.439453125 0.6204427083333334 0.015625 0.01953125
0 0.35791015625 0.7643229166666666 0.01318359375 0.010416666666666666
0 0.34521484375 0.7483723958333334 0.0078125 0.014973958333333334
0 0.491455078125 0.8414713541666666 0.0107421875 0.01953125
0 0.436767578125 0.4111328125 0.0068359375 0.013020833333333334
0 0.530517578125 0.3984375 0.01220703125 0.013671875
0 0.53271484375 0.2532552083333333 0.0126953125 0.017578125
0 0.47509765625 0.18359375 0.0087890625 0.01171875
0 0.477294921875 0.4827473958333333 0.01171875 0.014973958333333334
0 0.41162109375 0.3274739583333333 0.01025390625 0.011067708333333334
0 0.560791015625 0.3580729166666667 0.01220703125 0.012369791666666666