0 0.5729166666666666 0.585205078125 0.0234375 0.02392578125
0 0.6634114583333334 0.211669921875 0.022135416666666668 0.0166015625
0 0.4361979166666667 0.568115234375 0.03125 0.033203125
0 0.6168619791666666 0.8193359375 0.030598958333333332 0.033203125
0 0.5045572916666666 0.221923828125 0.036458333333333336 0.017578125
0 0.3206380208333333 0.73095703125 0.024739583333333332 0.01953125
0 0.30078125 0.588623046875 0.014973958333333334 0.01416015625
0 0.294921875 0.481201171875 0.022135416666666668 0.01220703125
0 0.4114583333333333 0.5791015625 0.020833333333333332 0.0234375
0 0.6826171875 0.2607421875 0.012369791666666666 0.01611328125
0 0.3544921875 0.471435546875 0.016276041666666668 0.013671875
0 0.6624348958333334 0.26318359375 0.025390625 0.01953125
0 0.6380208333333334 0.392333984375 0.014973958333333334 0.01318359375
0 0.6438802083333334 0.388671875 0.009114583333333334 0.0107421875
0 0.3489583333333333 0.846435546875 0.027994791666666668 0.01904296875
0 0.7262369791666666 0.25146484375 0.022135416666666668 0.01416015625
0 0.654296875 0.37646484375 0.014973958333333334 0.0146484375
0 0.44921875 0.308837890625 0.012369791666666666 0.0146484375
0 0.6123046875 0.326904296875 0.018880208333333332 0.0078125
0 0.7086588541666666 0.22412109375 0.013671875 0.009765625
0 0.6419270833333334 0.5966796875 0.016927083333333332 0.01220703125
0 0.6529947916666666 0.281982421875 0.013671875 0.01318359375
0 0.3206380208333333 0.356201171875 0.008463541666666666 0.0078125
0 0.609375 0.31884765625 0.014973958333333334 0.0087890625
0 0.6018880208333334 0.290283203125 0.014973958333333334 0.0068359375
0 0.6142578125 0.29443359375 0.020833333333333332 0.01318359375
0 0.6168619791666666 0.306396484375 0.020833333333333332 0.01513671875
0 0.6432291666666666 0.25341796875 0.017578125 0.013671875
0 0.6998697916666666 0.25439453125 0.016276041666666668 0.01123046875
0 0.75 0.278076171875 0.012369791666666666 0.01123046875
0 0.7083333333333334 0.231689453125 0.013020833333333334 0.00634765625
0 0.6298828125 0.19921875 0.013020833333333334 0.00732421875
0 0.55859375 0.20263671875 0.020182291666666668 0.01220703125
0 0.4986979166666667 0.2158203125 0.009765625 0.00830078125
0 0.4931640625 0.24365234375 0.018229166666666668 0.013671875
0 0.4241536458333333 0.233154296875 0.01953125 0.00732421875
0 0.494140625 0.265625 0.010416666666666666 0.00634765625
0 0.4765625 0.2841796875 0.020182291666666668 0.01025390625
0 0.3219401041666667 0.24658203125 0.016276041666666668 0.0068359375
0 0.328125 0.259521484375 0.014322916666666666 0.00927734375
0 0.3307291666666667 0.26806640625 0.0078125 0.0068359375
0 0.4371744791666667 0.32568359375 0.01953125 0.0166015625
0 0.5237630208333334 0.34228515625 0.010416666666666666 0.009765625
0 0.7184244791666666 0.350830078125 0.008463541666666666 0.0087890625
0 0.5908203125 0.369384765625 0.007161458333333333 0.0068359375
0 0.4225260416666667 0.374755859375 0.015625 0.01123046875
0 0.4436848958333333 0.3427734375 0.013020833333333334 0.01025390625
0 0.4147135416666667 0.389892578125 0.038411458333333336 0.02099609375
0 0.4541015625 0.423583984375 0.016927083333333332 0.0126953125
0 0.4055989583333333 0.4375 0.018229166666666668 0.01318359375
0 0.4501953125 0.453125 0.009114583333333334 0.00732421875
0 0.294921875 0.51708984375 0.009114583333333334 0.0068359375
0 0.2711588541666667 0.747314453125 0.018880208333333332 0.01318359375
0 0.5686848958333334 0.84765625 0.017578125 0.01025390625
0 0.5491536458333334 0.940185546875 0.012369791666666666 0.00830078125
0 0.67578125 0.89208984375 0.014973958333333334 0.01220703125
0 0.7106119791666666 0.91064453125 0.016276041666666668 0.015625
0 0.6328125 0.9658203125 0.014973958333333334 0.00927734375
0 0.619140625 0.704345703125 0.022135416666666668 0.025390625
0 0.6194661458333334 0.603759765625 0.012369791666666666 0.01171875
0 0.5859375 0.602783203125 0.01171875 0.0068359375
0 0.6744791666666666 0.51318359375 0.009765625 0.0087890625
0 0.6793619791666666 0.45751953125 0.009114583333333334 0.005859375
0 0.587890625 0.449951171875 0.01171875 0.01025390625
0 0.5478515625 0.42578125 0.012369791666666666 0.01123046875
0 0.7008463541666666 0.392578125 0.006510416666666667 0.009765625
0 0.7132161458333334 0.34228515625 0.013671875 0.00634765625
0 0.6259765625 0.394775390625 0.010416666666666666 0.0126953125
0 0.3333333333333333 0.200439453125 0.017578125 0.00634765625
0 0.2978515625 0.34765625 0.014973958333333334 0.00927734375
0 0.3098958333333333 0.236572265625 0.008463541666666666 0.00927734375
0 0.5061848958333334 0.65283203125 0.014973958333333334 0.01123046875
0 0.5143229166666666 0.7646484375 0.016927083333333332 0.013671875
0 0.380859375 0.833740234375 0.016276041666666668 0.01171875
0 0.5442708333333334 0.81298828125 0.017578125 0.01123046875
0 0.4069010416666667 0.912353515625 0.01171875 0.0146484375
0 0.4443359375 0.954345703125 0.014973958333333334 0.0107421875
0 0.6451822916666666 0.76220703125 0.018229166666666668 0.01513671875
0 0.703125 0.553466796875 0.022786458333333332 0.01220703125
0 0.4036458333333333 0.314208984375 0.012369791666666666 0.0087890625