0 0.701171875 0.5315755208333334 0.02099609375 0.027994791666666668
0 0.34130859375 0.5397135416666666 0.0185546875 0.01953125
0 0.665771484375 0.4563802083333333 0.0361328125 0.045572916666666664
0 0.54541015625 0.6536458333333334 0.0283203125 0.046875
0 0.650390625 0.69921875 0.03466796875 0.055989583333333336
0 0.49755859375 0.2972005208333333 0.015625 0.022786458333333332
0 0.459228515625 0.150390625 0.01708984375 0.021484375
0 0.590087890625 0.7535807291666666 0.01318359375 0.02734375
0 0.378173828125 0.9541015625 0.0283203125 0.026041666666666668
0 0.548583984375 0.5390625 0.033203125 0.030598958333333332
0 0.41357421875 0.3818359375 0.013671875 0.01953125
0 0.72021484375 0.8287760416666666 0.0126953125 0.02734375
0 0.56982421875 0.15266927083333334 0.0185546875 0.024739583333333332
0 0.62060546875 0.09602864583333333 0.015625 0.018229166666666668
0 0.630126953125 0.8388671875 0.01318359375 0.021484375
0 0.423095703125 0.53515625 0.0126953125 0.03125
0 0.41064453125 0.2392578125 0.0166015625 0.016276041666666668
0 0.687255859375 0.9654947916666666 0.0126953125 0.018229166666666668
0 0.345458984375 0.3994140625 0.0146484375 0.018229166666666668
0 0.4033203125 0.6412760416666666 0.015625 0.0234375
0 0.419921875 0.2766927083333333 0.01611328125 0.014973958333333334
0 0.588134765625 0.1357421875 0.0283203125 0.044921875
0 0.720458984375 0.22819010416666666 0.0166015625 0.017578125
0 0.60693359375 0.3395182291666667 0.01416015625 0.020182291666666668
0 0.587890625 0.4296875 0.00830078125 0.015625
0 0.33984375 0.4485677083333333 0.013671875 0.022786458333333332
0 0.447998046875 0.1123046875 0.0166015625 0.020833333333333332
0 0.43115234375 0.9296875 0.0107421875 0.018229166666666668
0 0.397216796875 0.11686197916666667 0.00927734375 0.021484375
0 0.5615234375 0.2796223958333333 0.00732421875 0.016276041666666668
0 0.707763671875 0.2545572916666667 0.0146484375 0.01171875
0 0.485107421875 0.5657552083333334 0.009765625 0.016927083333333332
0 0.55908203125 0.17708333333333334 0.0146484375 0.018229166666666668
0 0.585205078125 0.08040364583333333 0.01025390625 0.014973958333333334
0 0.63623046875 0.580078125 0.01416015625 0.014973958333333334
0 0.563720703125 0.7923177083333334 0.0185546875 0.016276041666666668
0 0.485107421875 0.5452473958333334 0.0126953125 0.01171875
0 0.53662109375 0.7903645833333334 0.017578125 0.015625
0 0.400634765625 0.0458984375 0.01123046875 0.01953125
0 0.51123046875 0.9280598958333334 0.01416015625 0.017578125
0 0.6533203125 0.5934244791666666 0.01123046875 0.022135416666666668
0 0.3916015625 0.4020182291666667 0.015625 0.016276041666666668
0 0.51953125 0.5729166666666666 0.01220703125 0.0234375
0 0.3408203125 0.8170572916666666 0.01123046875 0.016276041666666668
0 0.5634765625 0.8203125 0.01611328125 0.021484375
0 0.5224609375 0.82421875 0.02294921875 0.037109375
0 0.651123046875 0.8658854166666666 0.017578125 0.014322916666666666
0 0.46240234375 0.69140625 0.017578125 0.015625
0 0.538818359375 0.4703776041666667 0.0205078125 0.022135416666666668
0 0.5732421875 0.4401041666666667 0.0126953125 0.018229166666666668
0 0.595703125 0.4010416666666667 0.01513671875 0.013020833333333334
0 0.652099609375 0.4049479166666667 0.017578125 0.013020833333333334
0 0.69677734375 0.3512369791666667 0.0107421875 0.013671875
0 0.69091796875 0.004557291666666667 0.0078125 0.009114583333333334
0 0.58203125 0.0556640625 0.015625 0.013020833333333334
0 0.4775390625 0.15234375 0.0107421875 0.018880208333333332
0 0.463623046875 0.11979166666666667 0.01416015625 0.018880208333333332
0 0.42822265625 0.24837239583333334 0.0087890625 0.018229166666666668
0 0.4111328125 0.099609375 0.0068359375 0.013020833333333334
0 0.35888671875 0.2766927083333333 0.0107421875 0.014322916666666666
0 0.36962890625 0.2805989583333333 0.01416015625 0.013020833333333334
0 0.3740234375 0.5110677083333334 0.01171875 0.020182291666666668
0 0.477294921875 0.9329427083333334 0.00537109375 0.009114583333333334
0 0.418701171875 0.8450520833333334 0.01123046875 0.018880208333333332
0 0.543701171875 0.09114583333333333 0.009765625 0.016927083333333332
0 0.31494140625 0.3033854166666667 0.005859375 0.012369791666666666
0 0.39599609375 0.4098307291666667 0.009765625 0.010416666666666666
0 0.459716796875 0.8515625 0.00927734375 0.016927083333333332
0 0.693603515625 0.7337239583333334 0.01318359375 0.020182291666666668
0 0.71337890625 0.6891276041666666 0.00830078125 0.017578125
0 0.555419921875 0.3151041666666667 0.0146484375 0.025390625
0 0.54736328125 0.004231770833333333 0.0126953125 0.008463541666666666
0 0.559814453125 0.028645833333333332 0.017578125 0.016276041666666668
0 0.494140625 0.4596354166666667 0.01123046875 0.016927083333333332
0 0.368408203125 0.79296875 0.01904296875 0.033854166666666664
0 0.629150390625 0.8121744791666666 0.01123046875 0.017578125
0 0.680419921875 0.8831380208333334 0.01513671875 0.011067708333333334
0 0.677978515625 0.951171875 0.0107421875 0.022786458333333332
0 0.7109375 0.583984375 0.0107421875 0.018880208333333332
0 0.5615234375 0.5625 0.01025390625 0.014973958333333334
0 0.47607421875 0.3850911458333333 0.00830078125 0.013020833333333334
0 0.437255859375 0.4606119791666667 0.01513671875 0.014322916666666666
0 0.4736328125 0.5817057291666666 0.0126953125 0.013020833333333334
0 0.506103515625 0.6630859375 0.01611328125 0.030598958333333332