0 0.7086588541666666 0.333984375 0.036458333333333336 0.025390625
0 0.6139322916666666 0.54443359375 0.04296875 0.03271484375
0 0.5804036458333334 0.432373046875 0.050130208333333336 0.0322265625
0 0.3245442708333333 0.544189453125 0.045572916666666664 0.02880859375
0 0.7415364583333334 0.617919921875 0.020833333333333332 0.0146484375
0 0.9664713541666666 0.308349609375 0.025390625 0.0146484375
0 0.3782552083333333 0.50244140625 0.033203125 0.02685546875
0 0.5524088541666666 0.51123046875 0.037760416666666664 0.021484375
0 0.9918619791666666 0.40283203125 0.016276041666666668 0.04296875
0 0.1552734375 0.61376953125 0.016927083333333332 0.01123046875
0 0.3001302083333333 0.35986328125 0.0390625 0.0322265625
0 0.7164713541666666 0.47021484375 0.06770833333333333 0.03369140625
0 0.4156901041666667 0.47509765625 0.034505208333333336 0.02099609375
0 0.943359375 0.5859375 0.047526041666666664 0.03076171875
0 0.5439453125 0.35986328125 0.024739583333333332 0.0244140625
0 0.4264322916666667 0.613525390625 0.037109375 0.02294921875
0 0.8079427083333334 0.3935546875 0.040364583333333336 0.0283203125
0 0.8125 0.313232421875 0.03125 0.01953125
0 0.24739583333333334 0.614013671875 0.031901041666666664 0.02294921875
0 0.21744791666666666 0.635009765625 0.034505208333333336 0.0234375
0 0.6904296875 0.54541015625 0.033854166666666664 0.02392578125
0 0.419921875 0.378173828125 0.03125 0.0185546875
0 0.833984375 0.332275390625 0.021484375 0.01123046875
0 0.4957682291666667 0.577392578125 0.050130208333333336 0.03125
0 0.9290364583333334 0.62646484375 0.0390625 0.025390625
0 0.7057291666666666 0.568115234375 0.045572916666666664 0.03173828125
0 0.5221354166666666 0.40234375 0.037109375 0.0283203125
0 0.8997395833333334 0.5849609375 0.02734375 0.02294921875
0 0.5364583333333334 0.606201171875 0.048828125 0.02685546875
0 0.9000651041666666 0.4111328125 0.037109375 0.03466796875
0 0.8277994791666666 0.358154296875 0.044270833333333336 0.0283203125
0 0.5813802083333334 0.625732421875 0.035807291666666664 0.025390625
0 0.5634765625 0.403076171875 0.040364583333333336 0.029296875
0 0.5657552083333334 0.584228515625 0.03515625 0.02294921875
0 0.7610677083333334 0.6328125 0.03125 0.0166015625
0 0.5582682291666666 0.378173828125 0.024088541666666668 0.01123046875
0 0.8317057291666666 0.596435546875 0.029296875 0.0166015625
0 0.4313151041666667 0.49853515625 0.031901041666666664 0.01025390625
0 0.3805338541666667 0.382080078125 0.029296875 0.03369140625
0 0.8356119791666666 0.408935546875 0.01953125 0.0107421875
0 0.5983072916666666 0.346435546875 0.048828125 0.0224609375
0 0.841796875 0.556884765625 0.047526041666666664 0.02490234375
0 0.4462890625 0.54443359375 0.017578125 0.01025390625
0 0.2652994791666667 0.64013671875 0.033854166666666664 0.01708984375
0 0.6751302083333334 0.3330078125 0.011067708333333334 0.00830078125
0 0.8759765625 0.571044921875 0.017578125 0.00927734375
0 0.6539713541666666 0.42236328125 0.015625 0.009765625
0 0.6656901041666666 0.518798828125 0.017578125 0.0087890625
0 0.3968098958333333 0.579833984375 0.011067708333333334 0.00732421875
0 0.4456380208333333 0.47021484375 0.01953125 0.01025390625
0 0.890625 0.548095703125 0.026041666666666668 0.0234375
0 0.4807942708333333 0.319091796875 0.013020833333333334 0.00732421875
0 0.23177083333333334 0.359619140625 0.014973958333333334 0.0107421875
0 0.16959635416666666 0.42822265625 0.026692708333333332 0.021484375
0 0.16634114583333334 0.455810546875 0.016927083333333332 0.013671875
0 0.11555989583333333 0.558349609375 0.011067708333333334 0.0087890625
0 0.1611328125 0.3974609375 0.018880208333333332 0.0107421875
0 0.3518880208333333 0.45068359375 0.018229166666666668 0.017578125
0 0.4889322916666667 0.42333984375 0.014973958333333334 0.00927734375
0 0.4303385416666667 0.51513671875 0.031901041666666664 0.02783203125
0 0.3782552083333333 0.56201171875 0.014322916666666666 0.0107421875
0 0.4384765625 0.632080078125 0.031901041666666664 0.0283203125
0 0.4524739583333333 0.622802734375 0.013671875 0.00830078125
0 0.708984375 0.371826171875 0.013671875 0.01171875
0 0.712890625 0.295654296875 0.01171875 0.01171875
0 0.6181640625 0.375732421875 0.014973958333333334 0.01220703125
0 0.9388020833333334 0.349609375 0.022135416666666668 0.0107421875
0 0.9651692708333334 0.404541015625 0.015625 0.0146484375
0 0.7513020833333334 0.451904296875 0.024739583333333332 0.02197265625
0 0.7272135416666666 0.496337890625 0.037760416666666664 0.02587890625
0 0.7386067708333334 0.511962890625 0.01953125 0.0107421875
0 0.7916666666666666 0.531982421875 0.015625 0.0087890625
0 0.8961588541666666 0.523193359375 0.0390625 0.03857421875
0 0.9807942708333334 0.61572265625 0.024739583333333332 0.0166015625
0 0.9443359375 0.603759765625 0.020833333333333332 0.01318359375
0 0.8961588541666666 0.36328125 0.021484375 0.01171875
0 0.6907552083333334 0.3583984375 0.013671875 0.0107421875
0 0.8603515625 0.568115234375 0.016927083333333332 0.009765625
0 0.4026692708333333 0.63037109375 0.016276041666666668 0.00830078125
0 0.341796875 0.510986328125 0.014973958333333334 0.01171875
0 0.5817057291666666 0.460205078125 0.014322916666666666 0.00927734375
0 0.6363932291666666 0.52783203125 0.036458333333333336 0.02099609375
0 0.7734375 0.3837890625 0.014322916666666666 0.00830078125
0 0.8134765625 0.4736328125 0.014322916666666666 0.009765625
0 0.8668619791666666 0.47216796875 0.014973958333333334 0.009765625
0 0.7750651041666666 0.3330078125 0.018229166666666668 0.01123046875
0 0.8089192708333334 0.605712890625 0.025390625 0.013671875
0 0.8772786458333334 0.455810546875 0.018880208333333332 0.0107421875
0 0.5123697916666666 0.630126953125 0.01953125 0.013671875
0 0.529296875 0.5732421875 0.01171875 0.01123046875
0 0.8720703125 0.4912109375 0.009765625 0.00830078125
0 0.8782552083333334 0.500244140625 0.012369791666666666 0.0078125
0 0.9264322916666666 0.35302734375 0.020833333333333332 0.00927734375
0 0.8902994791666666 0.637939453125 0.016276041666666668 0.009765625
0 0.4475911458333333 0.376953125 0.009114583333333334 0.00537109375
0 0.12923177083333334 0.53466796875 0.010416666666666666 0.00830078125
0 0.32421875 0.625732421875 0.013671875 0.0078125
0 0.9072265625 0.453857421875 0.018229166666666668 0.005859375