0 0.8463541666666666 0.307861328125 0.025390625 0.01025390625
0 0.8138020833333334 0.342041015625 0.01953125 0.0107421875
0 0.5013020833333334 0.3955078125 0.024739583333333332 0.01708984375
0 0.02734375 0.460205078125 0.017578125 0.01171875
0 0.6363932291666666 0.587158203125 0.020182291666666668 0.01220703125
0 0.6748046875 0.359619140625 0.014973958333333334 0.0146484375
0 0.5048828125 0.447021484375 0.016276041666666668 0.01416015625
0 0.2815755208333333 0.471923828125 0.014322916666666666 0.01318359375
0 0.5436197916666666 0.4755859375 0.017578125 0.0107421875
0 0.5445963541666666 0.388427734375 0.018229166666666668 0.01318359375
0 0.5100911458333334 0.461181640625 0.015625 0.01220703125
0 0.2972005208333333 0.5234375 0.014322916666666666 0.01318359375
0 0.248046875 0.612060546875 0.016927083333333332 0.0166015625
0 0.23079427083333334 0.441162109375 0.03125 0.01123046875
0 0.23177083333333334 0.363037109375 0.017578125 0.0146484375
0 0.2985026041666667 0.28369140625 0.014322916666666666 0.013671875
0 0.6324869791666666 0.286865234375 0.013020833333333334 0.00927734375
0 0.6861979166666666 0.3076171875 0.009114583333333334 0.00732421875
0 0.10709635416666667 0.323486328125 0.020833333333333332 0.0234375
0 0.212890625 0.594482421875 0.022786458333333332 0.015625
0 0.021158854166666668 0.62060546875 0.018880208333333332 0.01318359375
0 0.5963541666666666 0.606201171875 0.013671875 0.01171875
0 0.466796875 0.43310546875 0.014973958333333334 0.01416015625