0 0.5066964285714285 0.427744708994709 0.02678571428571419 0.02876984126984124
0 0.5177331349206349 0.31994047619047616 0.03149801587301582 0.034722222222222245
0 0.35379464285714285 0.30704365079365076 0.029017857142857095 0.03009259259259256
0 0.7118055555555555 0.6167328042328042 0.03621031746031744 0.04629629629629628
0 0.5460069444444444 0.34027777777777773 0.024553571428571397 0.029100529100529144
0 0.2898065476190476 0.3159722222222222 0.02604166666666663 0.038029100529100544
0 0.3479662698412698 0.5459656084656085 0.03918650793650791 0.037037037037037056
0 0.36532738095238093 0.753637566137566 0.03373015873015872 0.04497354497354511
0 0.6592261904761905 0.7696759259259259 0.04067460317460325 0.03604497354497364
0 0.6540178571428571 0.43816137566137564 0.01736111111111116 0.01322751322751318
0 0.6422371031746031 0.6033399470899471 0.022073412698412787 0.02347883597883597
0 0.5558035714285714 0.42162698412698413 0.014880952380952328 0.0145502645502645
0 0.6094990079365079 0.4436177248677248 0.015128968253968145 0.01620370370370372
0 0.2136656746031746 0.6886574074074074 0.015625 0.021494708994708844
0 0.9067460317460317 0.5892857142857143 0.015873015873015817 0.017195767195767136
0 0.26723710317460314 0.41865079365079366 0.017113095238095233 0.01984126984126977
0 0.292906746031746 0.7541335978835978 0.03323412698412698 0.04001322751322759
0 0.7974950396825397 0.576223544973545 0.013640873015873023 0.011574074074074106
0 0.593625992063492 0.5677910052910052 0.018105158730158832 0.01388888888888884
0 0.378844246031746 0.26273148148148145 0.050843253968253954 0.053240740740740776
0 0.5066964285714285 0.6612103174603176 0.03323412698412698 0.0327380952380952
0 0.2511160714285714 0.3880621693121693 0.013640873015873023 0.01620370370370372
0 0.8132440476190476 0.6020171957671957 0.013392857142857206 0.01554232804232806
0 0.3630952380952381 0.3989748677248677 0.015376984126984072 0.02215608465608465
0 0.22606646825396823 0.40757275132275134 0.01215277777777779 0.014880952380952403
0 0.6935763888888888 0.42576058201058203 0.015625 0.019510582010582016
0 0.7997271825396824 0.5444775132275131 0.015625 0.01554232804232806
0 0.19754464285714285 0.5271164021164021 0.017609126984126977 0.017857142857142794
0 0.9095982142857142 0.31216931216931215 0.01116071428571419 0.014550264550264572
0 0.6147073412698413 0.48115079365079366 0.02256944444444442 0.03505291005291008
0 0.6459573412698413 0.29398148148148145 0.016121031746031855 0.013888888888888914
0 0.23561507936507936 0.35747354497354494 0.01438492063492064 0.015873015873015817
0 0.34771825396825395 0.6669973544973544 0.02777777777777779 0.04497354497354511
0 0.39353670634920634 0.31956349206349205 0.011125992063492074 0.016726190476190467
0 0.3083184523809524 0.31183201058201054 0.016805555555555518 0.032824074074074096
0 0.2909201388888889 0.34654761904761905 0.011835317460317407 0.014517195767195753
0 0.37069444444444444 0.36580026455026454 0.016569940476190426 0.018938492063492074
0 0.3232316468253968 0.3951554232804233 0.016334325396825444 0.017043650793650816
0 0.22180059523809523 0.473584656084656 0.014203869047619055 0.01735780423280427
0 0.3058333333333333 0.5356051587301588 0.021304563492063444 0.025248015873015877
0 0.2861855158730159 0.5551719576719576 0.015148809523809481 0.018938492063492074
0 0.27565228174603174 0.6564847883597883 0.0149131944444445 0.020198412698412643
0 0.1896081349206349 0.5445998677248677 0.01656994047619048 0.020515873015872987
0 0.20558531746031744 0.43523809523809526 0.014439484126984148 0.01578042328042321
0 0.2987326388888889 0.438234126984127 0.01751736111111113 0.012308201058201037
0 0.305359623015873 0.430188492063492 0.010887896825396814 0.01199404761904758
0 0.5102356150793651 0.5458597883597883 0.019174107142857055 0.026197089947089875
0 0.5070411706349206 0.37274470899470896 0.013256448412698463 0.015148809523809556
0 0.5987673611111111 0.3283994708994709 0.010652281746031722 0.017989417989418
0 0.5086979166666666 0.29099867724867723 0.010414186507936574 0.013257275132275112
0 0.6027901785714285 0.4873148148148148 0.0149131944444445 0.01578042328042321
0 0.46029017857142857 0.6908895502645502 0.008757440476190426 0.017043650793650816
0 0.5285813492063491 0.7120337301587302 0.012309027777777759 0.01578042328042321
0 0.5352083333333333 0.7516435185185184 0.015622519841269833 0.02746031746031748
0 0.48786706349206344 0.7743683862433862 0.012782738095238111 0.017989417989417927
0 0.5224255952380952 0.7768948412698412 0.013256448412698463 0.014203042328042296
0 0.23387400793650792 0.7061937830687831 0.027457837301587296 0.03376984126984114
0 0.2515079365079365 0.6809457671957672 0.011599702380952426 0.016726190476190617
0 0.2655927579365079 0.7476984126984126 0.025565476190476222 0.030929232804232914
0 0.8266046626984126 0.7843121693121694 0.0336135912698412 0.020198412698412643
0 0.896671626984127 0.7245006613756613 0.01467509920634913 0.020515873015873137
0 0.8453050595238095 0.7281316137566137 0.009469246031746037 0.012625661375661382
0 0.7301438492063492 0.6214517195767195 0.009231150793650889 0.02461970899470896
0 0.6881274801587302 0.7309722222222222 0.010887896825396925 0.015148809523809406
0 0.6278819444444443 0.7519609788359788 0.016805555555555518 0.020515873015873137
0 0.6100099206349205 0.5360780423280422 0.01467509920634913 0.014203042328042296
0 0.5682316468253968 0.588313492063492 0.013965773809523796 0.013257275132275185
0 0.7983159722222222 0.5281878306878306 0.02059523809523811 0.016097883597883555
0 0.6244494047619048 0.3310846560846561 0.020830853174603092 0.023356481481481506
0 0.6480034722222222 0.4117228835978836 0.011125992063492074 0.016097883597883555
0 0.5307118055555555 0.2936838624338624 0.014203869047618944 0.010416666666666666
0 0.29956101190476186 0.5849966931216931 0.013492063492063444 0.016097883597883555
0 0.19493303571428572 0.7369675925925926 0.010178571428571426 0.013257275132275185
0 0.3444171626984127 0.7705820105820105 0.013256448412698463 0.011676587301587382
0 0.32997767857142857 0.7649007936507936 0.010887896825396814 0.011676587301587382
0 0.6453993055555555 0.7375992063492064 0.012544642857142962 0.021461640211640248
0 0.5160367063492063 0.4707440476190476 0.008995535714285685 0.014834656084656098
0 0.42572916666666666 0.3348710317460317 0.012544642857142851 0.015148809523809556
0 0.2866617063492063 0.6560218253968254 0.011919642857142865 0.012969576719576695
0 0.4839335317460317 0.74442791005291 0.00863095238095235 0.011140873015873076
0 0.7166889880952381 0.7839748677248676 0.00917906746031738 0.010228174603174564