0 0.8232421875 0.2822265625 0.03173828125 0.029947916666666668
0 0.6728515625 0.5472005208333334 0.02294921875 0.026692708333333332
0 0.376953125 0.3486328125 0.01708984375 0.026041666666666668
0 0.242919921875 0.2958984375 0.02783203125 0.047526041666666664
0 0.322998046875 0.3346354166666667 0.0263671875 0.034505208333333336
0 0.516845703125 0.2991536458333333 0.02197265625 0.014973958333333334
0 0.926025390625 0.2513020833333333 0.017578125 0.028645833333333332
0 0.423828125 0.5387369791666666 0.0244140625 0.024739583333333332
0 0.89208984375 0.55078125 0.02734375 0.022135416666666668
0 0.32763671875 0.3785807291666667 0.017578125 0.020833333333333332
0 0.70947265625 0.5374348958333334 0.0166015625 0.022135416666666668
0 0.211669921875 0.4814453125 0.017578125 0.018880208333333332
0 0.877685546875 0.240234375 0.0205078125 0.026692708333333332
0 0.28759765625 0.3626302083333333 0.02490234375 0.037109375
0 0.27880859375 0.4928385416666667 0.0185546875 0.016276041666666668
0 0.582275390625 0.3580729166666667 0.04248046875 0.044270833333333336
0 0.471435546875 0.3795572916666667 0.0146484375 0.016276041666666668
0 0.658203125 0.5960286458333334 0.0126953125 0.013671875
0 0.58251953125 0.3935546875 0.03076171875 0.030598958333333332
0 0.873291015625 0.4772135416666667 0.0185546875 0.020182291666666668
0 0.9296875 0.3675130208333333 0.01611328125 0.022135416666666668
0 0.758056640625 0.3063151041666667 0.01416015625 0.025390625
0 0.380859375 0.6315104166666666 0.01416015625 0.012369791666666666
0 0.694580078125 0.6220703125 0.01708984375 0.014973958333333334
0 0.854736328125 0.6126302083333334 0.013671875 0.017578125
0 0.722412109375 0.61328125 0.0185546875 0.022786458333333332
0 0.716796875 0.64453125 0.01123046875 0.016927083333333332
0 0.953125 0.3876953125 0.01806640625 0.022786458333333332
0 0.906005859375 0.62890625 0.03076171875 0.018880208333333332
0 0.34033203125 0.2548828125 0.01025390625 0.014973958333333334
0 0.369873046875 0.259765625 0.01220703125 0.020833333333333332
0 0.384521484375 0.2513020833333333 0.01318359375 0.018880208333333332
0 0.559326171875 0.2897135416666667 0.0107421875 0.013671875
0 0.67626953125 0.32421875 0.0146484375 0.020833333333333332
0 0.72265625 0.2757161458333333 0.02587890625 0.016276041666666668
0 0.76513671875 0.2555338541666667 0.00830078125 0.01171875
0 0.7861328125 0.3704427083333333 0.01025390625 0.014973958333333334
0 0.757568359375 0.3889973958333333 0.01220703125 0.020182291666666668
0 0.710693359375 0.341796875 0.0146484375 0.017578125
0 0.697021484375 0.3776041666666667 0.03662109375 0.050130208333333336
0 0.90625 0.2913411458333333 0.0126953125 0.014322916666666666
0 0.9033203125 0.2737630208333333 0.01123046875 0.009765625
0 0.873291015625 0.6953125 0.01611328125 0.026692708333333332
0 0.84716796875 0.6673177083333334 0.013671875 0.020833333333333332
0 0.841064453125 0.6435546875 0.02392578125 0.026692708333333332
0 0.741455078125 0.5947265625 0.015625 0.030598958333333332
0 0.715087890625 0.5813802083333334 0.01513671875 0.016276041666666668
0 0.691162109375 0.58203125 0.0107421875 0.012369791666666666
0 0.6376953125 0.494140625 0.0087890625 0.018229166666666668
0 0.652587890625 0.6171875 0.0107421875 0.021484375
0 0.72412109375 0.6725260416666666 0.0078125 0.010416666666666666
0 0.5439453125 0.5240885416666666 0.01025390625 0.014973958333333334
0 0.46240234375 0.5006510416666666 0.00830078125 0.014322916666666666
0 0.45751953125 0.5651041666666666 0.01220703125 0.016927083333333332
0 0.380615234375 0.5299479166666666 0.01953125 0.020833333333333332
0 0.376953125 0.5139973958333334 0.013671875 0.011067708333333334
0 0.33642578125 0.5791015625 0.0087890625 0.0078125
0 0.183837890625 0.7041015625 0.00732421875 0.016276041666666668
0 0.202880859375 0.6097005208333334 0.00830078125 0.014322916666666666
0 0.253173828125 0.5445963541666666 0.03564453125 0.036458333333333336
0 0.230224609375 0.4443359375 0.0068359375 0.011067708333333334
0 0.21240234375 0.3701171875 0.0087890625 0.010416666666666666
0 0.26611328125 0.3317057291666667 0.00927734375 0.014322916666666666
0 0.30322265625 0.3277994791666667 0.009765625 0.011067708333333334
0 0.29541015625 0.3059895833333333 0.0087890625 0.010416666666666666
0 0.885498046875 0.3567708333333333 0.02685546875 0.031901041666666664
0 0.915283203125 0.6129557291666666 0.0107421875 0.016276041666666668
0 0.90380859375 0.46875 0.0087890625 0.012369791666666666
0 0.248291015625 0.7034505208333334 0.01318359375 0.025390625
0 0.22705078125 0.6715494791666666 0.01171875 0.014322916666666666
0 0.54541015625 0.453125 0.0283203125 0.020182291666666668
0 0.2900390625 0.5699869791666666 0.01904296875 0.024088541666666668
0 0.513916015625 0.4762369791666667 0.0126953125 0.018880208333333332
0 0.51416015625 0.578125 0.01416015625 0.016927083333333332
0 0.399169921875 0.5419921875 0.01123046875 0.021484375
0 0.426025390625 0.4573567708333333 0.01611328125 0.01953125
0 0.3583984375 0.4371744791666667 0.01123046875 0.012369791666666666
0 0.566650390625 0.4231770833333333 0.01171875 0.016927083333333332
0 0.625732421875 0.4046223958333333 0.01220703125 0.026692708333333332
0 0.634521484375 0.423828125 0.02001953125 0.021484375
0 0.72802734375 0.4733072916666667 0.01904296875 0.01953125
0 0.67041015625 0.7021484375 0.0146484375 0.021484375
0 0.5859375 0.6223958333333334 0.01123046875 0.022786458333333332
0 0.727783203125 0.3196614583333333 0.01220703125 0.016276041666666668
0 0.630859375 0.3111979166666667 0.013671875 0.021484375
0 0.783935546875 0.4534505208333333 0.0126953125 0.014973958333333334
0 0.934326171875 0.2623697916666667 0.0126953125 0.014973958333333334
0 0.349853515625 0.7099609375 0.01025390625 0.012369791666666666
0 0.2880859375 0.5139973958333334 0.01220703125 0.011067708333333334
0 0.3330078125 0.4059244791666667 0.01025390625 0.01171875
0 0.433349609375 0.3089192708333333 0.0078125 0.011067708333333334
0 0.6962890625 0.3408203125 0.01123046875 0.016927083333333332
0 0.6953125 0.462890625 0.0185546875 0.020182291666666668