0 0.24386904761904762 0.24016617063492063 0.013912037037037065 0.01916170634920633
0 0.2893154761904762 0.2647594246031746 0.014477513227513228 0.014722222222222192
0 0.36057539682539685 0.4989905753968254 0.02252645502645508 0.018365575396825373
0 0.44682208994709 0.8544618055555555 0.015509259259259315 0.013105158730158717
0 0.6161342592592592 0.39773561507936506 0.01649470899470895 0.01510168650793653
0 0.3128869047619047 0.368797123015873 0.019269179894179905 0.01108878968253968
0 0.4293849206349207 0.4964285714285714 0.018614417989417948 0.012093253968254003
0 0.46265542328042325 0.6638864087301587 0.0175859788359789 0.0105803571428571
0 0.46735119047619045 0.46722222222222215 0.014255952380952378 0.013105158730158717
0 0.3513690476190476 0.46661458333333333 0.017642195767195723 0.013886408730158784
0 0.44827050264550256 0.49247767857142855 0.0165575396825397 0.011867559523809579
0 0.5311838624338624 0.6520362103174603 0.017265211640211664 0.010840773809523752
0 0.64942791005291 0.688923611111111 0.021858465608465643 0.012859623015873067
0 0.42144179894179895 0.7018625992063491 0.015072751322751246 0.02331597222222226
0 0.31724206349206346 0.7011011904761905 0.019421296296296298 0.013097718253968216
0 0.21159060846560848 0.6512152777777777 0.018551587301587274 0.010714285714285676
0 0.2157109788359788 0.4006200396825397 0.012347883597883635 0.009747023809523858
0 0.24344576719576716 0.3604042658730159 0.009801587301587311 0.006937003968253919
0 0.26477182539682537 0.794672619047619 0.03125992063492067 0.01539434523809513
0 0.6258564814814814 0.715453869047619 0.020839947089947113 0.017051091269841168
0 0.6609060846560846 0.8592088293650793 0.017681878306878396 0.014208829365079279
0 0.5617526455026455 0.9164012896825396 0.025261243386243432 0.027708333333333224
0 0.6059623015873016 0.9116666666666666 0.021471560846560916 0.021550099206349316
0 0.6414914021164021 0.42762896825396823 0.015400132275132261 0.010332341269841283
0 0.4108994708994709 0.5248437499999999 0.019203042328042336 0.011165674603174525
0 0.28233134920634917 0.9002876984126984 0.012705026455026433 0.013519345238095282