0 0.32421875 0.5126953125 0.026041666666666668 0.01953125
0 0.7568359375 0.57275390625 0.026041666666666668 0.01904296875
0 0.18522135416666666 0.5947265625 0.026692708333333332 0.0166015625
0 0.7047526041666666 0.669677734375 0.048828125 0.029296875
0 0.7649739583333334 0.510009765625 0.035807291666666664 0.0244140625
0 0.7789713541666666 0.7099609375 0.041015625 0.02197265625
0 0.5364583333333334 0.63818359375 0.042317708333333336 0.03076171875
0 0.3079427083333333 0.697998046875 0.044270833333333336 0.02587890625
0 0.55078125 0.57470703125 0.041015625 0.0234375
0 0.6305338541666666 0.615966796875 0.048828125 0.03466796875
0 0.6103515625 0.57666015625 0.022135416666666668 0.01513671875
0 0.5104166666666666 0.7138671875 0.053385416666666664 0.03662109375
0 0.23209635416666666 0.694091796875 0.018229166666666668 0.01123046875
0 0.8170572916666666 0.62548828125 0.021484375 0.01513671875
0 0.1845703125 0.33544921875 0.026041666666666668 0.01708984375
0 0.5009765625 0.519287109375 0.044921875 0.0361328125
0 0.1025390625 0.6513671875 0.024739583333333332 0.0205078125
0 0.4039713541666667 0.48388671875 0.026041666666666668 0.0185546875
0 0.4560546875 0.654052734375 0.026692708333333332 0.01806640625
0 0.3779296875 0.460205078125 0.033203125 0.02197265625
0 0.78515625 0.59521484375 0.027994791666666668 0.02001953125
0 0.3255208333333333 0.376708984375 0.037760416666666664 0.02490234375
0 0.5615234375 0.41357421875 0.040364583333333336 0.0185546875
0 0.7340494791666666 0.46826171875 0.026692708333333332 0.0185546875
0 0.5016276041666666 0.34033203125 0.039713541666666664 0.02099609375
0 0.8938802083333334 0.49072265625 0.022135416666666668 0.00927734375
0 0.5963541666666666 0.697265625 0.01953125 0.01220703125
0 0.22102864583333334 0.512939453125 0.016276041666666668 0.009765625
0 0.8658854166666666 0.334716796875 0.020182291666666668 0.009765625
0 0.08561197916666667 0.354736328125 0.018229166666666668 0.01025390625
0 0.18424479166666666 0.422119140625 0.037760416666666664 0.02294921875
0 0.4261067708333333 0.6240234375 0.016276041666666668 0.0107421875
0 0.4482421875 0.688232421875 0.02734375 0.013671875
0 0.4309895833333333 0.6982421875 0.018880208333333332 0.0087890625
0 0.0830078125 0.545654296875 0.01953125 0.0166015625
0 0.4925130208333333 0.5732421875 0.05078125 0.03515625
0 0.9641927083333334 0.66748046875 0.048177083333333336 0.03466796875
0 0.728515625 0.626953125 0.018229166666666668 0.01171875
0 0.3483072916666667 0.6611328125 0.018880208333333332 0.0107421875
0 0.5501302083333334 0.550537109375 0.014322916666666666 0.01025390625
0 0.861328125 0.53466796875 0.029296875 0.01513671875
0 0.3870442708333333 0.64990234375 0.013020833333333334 0.01025390625
0 0.99609375 0.710693359375 0.0078125 0.01513671875
0 0.224609375 0.65478515625 0.014322916666666666 0.00830078125
0 0.08561197916666667 0.394775390625 0.017578125 0.00927734375
0 0.5667317708333334 0.38037109375 0.012369791666666666 0.01171875
0 0.8958333333333334 0.626708984375 0.012369791666666666 0.009765625
0 0.9322916666666666 0.324951171875 0.01953125 0.00927734375
0 0.509765625 0.674072265625 0.011067708333333334 0.0068359375
0 0.470703125 0.5244140625 0.016276041666666668 0.013671875
0 0.13802083333333334 0.5537109375 0.016276041666666668 0.0087890625
0 0.255859375 0.431884765625 0.037760416666666664 0.02685546875
0 0.1689453125 0.697509765625 0.014322916666666666 0.01611328125
0 0.1025390625 0.44384765625 0.013671875 0.01171875
0 0.3229166666666667 0.54052734375 0.012369791666666666 0.00732421875
0 0.2552083333333333 0.510986328125 0.012369791666666666 0.0078125
0 0.4202473958333333 0.505126953125 0.011067708333333334 0.0078125
0 0.3193359375 0.572265625 0.027994791666666668 0.017578125
0 0.22623697916666666 0.4375 0.055989583333333336 0.03076171875
0 0.2392578125 0.488037109375 0.014973958333333334 0.01416015625
0 0.2353515625 0.576416015625 0.022786458333333332 0.01171875
0 0.3304036458333333 0.681396484375 0.054036458333333336 0.02392578125
0 0.4391276041666667 0.6630859375 0.0234375 0.0126953125
0 0.6676432291666666 0.498291015625 0.027994791666666668 0.015625
0 0.6438802083333334 0.435791015625 0.05859375 0.0263671875
0 0.5094401041666666 0.3916015625 0.021484375 0.01708984375
0 0.07063802083333333 0.3505859375 0.015625 0.0126953125
0 0.17317708333333334 0.57666015625 0.017578125 0.01416015625
0 0.2571614583333333 0.366455078125 0.01171875 0.01220703125
0 0.6526692708333334 0.711181640625 0.025390625 0.0166015625
0 0.232421875 0.7158203125 0.016927083333333332 0.0126953125
0 0.3743489583333333 0.69384765625 0.015625 0.01416015625
0 0.21256510416666666 0.70947265625 0.015625 0.01318359375