0 0.6197916666666666 0.373046875 0.05859375 0.02880859375
0 0.7861328125 0.62353515625 0.022786458333333332 0.01025390625
0 0.6253255208333334 0.563720703125 0.022786458333333332 0.013671875
0 0.1611328125 0.690185546875 0.030598958333333332 0.01904296875
0 0.6865234375 0.46533203125 0.017578125 0.0107421875
0 0.8033854166666666 0.343994140625 0.020833333333333332 0.01513671875
0 0.2646484375 0.4609375 0.029296875 0.02001953125
0 0.6520182291666666 0.338134765625 0.022135416666666668 0.015625
0 0.3912760416666667 0.3193359375 0.01953125 0.0126953125
0 0.455078125 0.337158203125 0.018880208333333332 0.01904296875
0 0.150390625 0.58642578125 0.02734375 0.017578125
0 0.2952473958333333 0.54736328125 0.032552083333333336 0.021484375
0 0.055013020833333336 0.66748046875 0.021484375 0.01513671875
0 0.296875 0.579345703125 0.024088541666666668 0.01416015625
0 0.029622395833333332 0.345947265625 0.033203125 0.02001953125
0 0.72265625 0.621826171875 0.01953125 0.01123046875
0 0.14908854166666666 0.30712890625 0.018880208333333332 0.01708984375
0 0.6627604166666666 0.384765625 0.026041666666666668 0.01806640625
0 0.24576822916666666 0.37451171875 0.021484375 0.0146484375
0 0.033528645833333336 0.317138671875 0.033203125 0.0263671875
0 0.08756510416666667 0.6845703125 0.02734375 0.01318359375
0 0.2985026041666667 0.374267578125 0.016276041666666668 0.01318359375
0 0.4498697916666667 0.380859375 0.01953125 0.01416015625
0 0.3720703125 0.30908203125 0.012369791666666666 0.009765625
0 0.9176432291666666 0.54931640625 0.032552083333333336 0.0185546875
0 0.2727864583333333 0.3330078125 0.015625 0.00830078125
0 0.341796875 0.428466796875 0.013671875 0.009765625
0 0.6927083333333334 0.40380859375 0.01953125 0.01513671875
0 0.5751953125 0.44384765625 0.022786458333333332 0.017578125
0 0.6442057291666666 0.4306640625 0.03125 0.02490234375
0 0.12174479166666667 0.299072265625 0.015625 0.01025390625
0 0.5319010416666666 0.38525390625 0.017578125 0.0107421875
0 0.6477864583333334 0.30859375 0.018229166666666668 0.01025390625
0 0.5498046875 0.353271484375 0.01171875 0.00830078125
0 0.3017578125 0.64599609375 0.022786458333333332 0.02490234375
0 0.330078125 0.560546875 0.012369791666666666 0.00927734375
0 0.8932291666666666 0.339599609375 0.016276041666666668 0.01611328125
0 0.0013020833333333333 0.412109375 0.0026041666666666665 0.0087890625
0 0.06901041666666667 0.40234375 0.030598958333333332 0.01708984375
0 0.12467447916666667 0.6865234375 0.027994791666666668 0.0126953125
0 0.9270833333333334 0.5849609375 0.014322916666666666 0.0107421875
0 0.3235677083333333 0.357177734375 0.010416666666666666 0.00830078125
0 0.490234375 0.49560546875 0.014322916666666666 0.0126953125
0 0.5149739583333334 0.612548828125 0.016927083333333332 0.01416015625
0 0.3235677083333333 0.44873046875 0.013020833333333334 0.00830078125
0 0.6881510416666666 0.4462890625 0.01171875 0.009765625
0 0.6207682291666666 0.308349609375 0.013020833333333334 0.009765625
0 0.5182291666666666 0.663330078125 0.013020833333333334 0.00830078125
0 0.030598958333333332 0.3974609375 0.015625 0.00732421875
0 0.9427083333333334 0.6669921875 0.013020833333333334 0.00830078125
0 0.12337239583333333 0.569580078125 0.014322916666666666 0.009765625
0 0.6201171875 0.392333984375 0.014322916666666666 0.00830078125
0 0.0615234375 0.307861328125 0.013020833333333334 0.0087890625
0 0.7972005208333334 0.321044921875 0.020833333333333332 0.00732421875
0 0.7783203125 0.321533203125 0.016927083333333332 0.01806640625
0 0.9469401041666666 0.36328125 0.013020833333333334 0.009765625
0 0.9169921875 0.507568359375 0.008463541666666666 0.0078125
0 0.9072265625 0.467529296875 0.013020833333333334 0.01220703125
0 0.9537760416666666 0.627685546875 0.013671875 0.0126953125
0 0.7587890625 0.564697265625 0.01171875 0.0078125
0 0.7633463541666666 0.490478515625 0.010416666666666666 0.00732421875
0 0.7783203125 0.523681640625 0.011067708333333334 0.00927734375
0 0.7203776041666666 0.670166015625 0.013020833333333334 0.01171875
0 0.7373046875 0.650634765625 0.013671875 0.01025390625
0 0.6910807291666666 0.53857421875 0.0078125 0.00732421875
0 0.6647135416666666 0.43505859375 0.009114583333333334 0.009765625
0 0.73828125 0.458984375 0.009114583333333334 0.0068359375
0 0.7509765625 0.44921875 0.013020833333333334 0.0087890625
0 0.6139322916666666 0.419677734375 0.014973958333333334 0.0126953125
0 0.6516927083333334 0.392822265625 0.010416666666666666 0.01025390625
0 0.5758463541666666 0.503662109375 0.010416666666666666 0.01025390625
0 0.5550130208333334 0.48583984375 0.047526041666666664 0.0302734375
0 0.5302734375 0.470703125 0.014973958333333334 0.0107421875
0 0.5400390625 0.405517578125 0.011067708333333334 0.009765625
0 0.4928385416666667 0.39501953125 0.008463541666666666 0.01123046875
0 0.5657552083333334 0.29833984375 0.021484375 0.00927734375
0 0.3792317708333333 0.361328125 0.01171875 0.00830078125
0 0.4156901041666667 0.444580078125 0.014973958333333334 0.01611328125
0 0.3115234375 0.463134765625 0.018229166666666668 0.009765625
0 0.396484375 0.64111328125 0.014322916666666666 0.01416015625
0 0.039388020833333336 0.644775390625 0.01171875 0.01123046875
0 0.027669270833333332 0.601806640625 0.021484375 0.017578125
0 0.049153645833333336 0.635986328125 0.013020833333333334 0.01025390625
0 0.013020833333333334 0.320556640625 0.022786458333333332 0.01611328125
0 0.13411458333333334 0.3046875 0.010416666666666666 0.0107421875
0 0.13411458333333334 0.439208984375 0.010416666666666666 0.0126953125
0 0.15169270833333334 0.3388671875 0.013671875 0.01220703125
0 0.14583333333333334 0.44287109375 0.013020833333333334 0.00732421875
0 0.13118489583333334 0.506103515625 0.015625 0.01025390625
0 0.19368489583333334 0.510498046875 0.014322916666666666 0.00732421875
0 0.203125 0.518310546875 0.013671875 0.01025390625
0 0.2314453125 0.4521484375 0.013671875 0.01025390625
0 0.18587239583333334 0.394775390625 0.016276041666666668 0.0068359375
0 0.3313802083333333 0.5361328125 0.013671875 0.01171875
0 0.2516276041666667 0.54736328125 0.014973958333333334 0.0068359375
0 0.357421875 0.61572265625 0.015625 0.00927734375
0 0.4755859375 0.626953125 0.015625 0.009765625
0 0.5335286458333334 0.58154296875 0.016276041666666668 0.0087890625
0 0.5641276041666666 0.578125 0.011067708333333334 0.00732421875
0 0.5677083333333334 0.6826171875 0.011067708333333334 0.0078125
0 0.8030598958333334 0.574462890625 0.008463541666666666 0.00732421875
0 0.6396484375 0.3154296875 0.013020833333333334 0.013671875
0 0.5960286458333334 0.30615234375 0.008463541666666666 0.0068359375
0 0.25 0.34375 0.016927083333333332 0.009765625
0 0.22526041666666666 0.31005859375 0.012369791666666666 0.00634765625
0 0.12369791666666667 0.547607421875 0.016276041666666668 0.0107421875
0 0.447265625 0.6181640625 0.007161458333333333 0.00830078125
0 0.9029947916666666 0.5849609375 0.011067708333333334 0.009765625
0 0.865234375 0.412353515625 0.009765625 0.0087890625
0 0.875 0.50439453125 0.010416666666666666 0.00732421875