0 0.3488020833333333 0.3553902116402116 0.0295535714285714 0.03722883597883605
0 0.34124255952380955 0.4039715608465608 0.01786954365079363 0.023508597883597826
0 0.40997271825396825 0.3595138888888889 0.021994047619047663 0.027146164021164026
0 0.3854017857142857 0.31986441798941795 0.014776785714285756 0.016580687830687852
0 0.44760168650793647 0.35538690476190476 0.01958829365079362 0.025310846560846628
0 0.5072247023809524 0.3343055555555556 0.014432043650793647 0.01888558201058199
0 0.5063640873015873 0.37829695767195765 0.011339285714285774 0.01614417989417986
0 0.4415873015873016 0.4248181216931217 0.019930555555555562 0.022129629629629683
0 0.49794642857142857 0.4463525132275132 0.01786954365079363 0.026712962962962994
0 0.4665029761904762 0.45001984126984124 0.016150793650793638 0.02304894179894183
0 0.43814980158730155 0.4839252645502645 0.015121527777777755 0.024880952380952337
0 0.41478174603174606 0.49400793650793656 0.014432043650793647 0.02122023809523806
0 0.364952876984127 0.4807142857142857 0.02130704365079361 0.017546296296296227
0 0.33265128968253965 0.5001785714285714 0.013058035714285765 0.017066798941798893
0 0.34639632936507936 0.49215939153439153 0.016495535714285747 0.023935185185185226
0 0.2293849206349206 0.5132539682539682 0.012715773809523823 0.023968253968253972
0 0.2867733134920635 0.4318981481481481 0.014089781746031704 0.024378306878306926
0 0.4882068452380952 0.7718088624338623 0.009618055555555505 0.01709656084656075
0 0.38411210317460315 0.8013955026455025 0.01117063492063497 0.016699735449735503
0 0.2748983134920635 0.7500859788359788 0.010548115079365039 0.01228505291005296
0 0.247750496031746 0.7447056878306877 0.010238095238095213 0.013115079365079238
0 0.3262475198412698 0.5752843915343916 0.010238095238095268 0.016223544973544907
0 0.38256200396825396 0.5502480158730159 0.008687996031746081 0.014966931216931231
0 0.2800173611111111 0.3748412698412698 0.01334077380952381 0.012486772486772471
0 0.2834300595238095 0.35435846560846557 0.007135416666666616 0.011233465608465535
0 0.2553521825396825 0.3696759259259259 0.02171875000000001 0.04931216931216934
0 0.1866269841269841 0.36304894179894176 0.0083779761904762 0.013720238095238072
0 0.8803869047619046 0.8086507936507936 0.04747023809523809 0.06347552910052912
0 0.5482440476190475 0.3216600529100529 0.009928075396825387 0.016164021164021197
0 0.25658234126984125 0.728287037037037 0.013474702380952386 0.018945105820105706
0 0.26520585317460316 0.720026455026455 0.00862351190476185 0.014120370370370358
0 0.3054315476190476 0.7261904761904762 0.021592261904761934 0.02538029100529086
0 0.343797123015873 0.6896428571428571 0.024580853174603123 0.028458994708994823
0 0.38016865079365075 0.6931845238095238 0.015612599206349165 0.024031084656084722
0 0.35774801587301586 0.7806845238095237 0.013950892857142905 0.021868386243386162
0 0.4072395833333333 0.8034986772486773 0.01727182539682537 0.023210978835978818
0 0.3303422619047619 0.7496693121693121 0.016939484126984095 0.01742063492063502
0 0.22928323412698412 0.728128306878307 0.011128472222222241 0.014480820105820117
0 0.24855654761904758 0.7058630952380952 0.02096974206349206 0.01597552910052909
0 0.2299280753968254 0.6552083333333333 0.010483630952380973 0.017033730158730147
0 0.2821875 0.6373611111111112 0.013065476190476155 0.018326719576719608
0 0.259203869047619 0.5874768518518518 0.03677579365079364 0.05534391534391533
0 0.24323412698412697 0.5788657407407407 0.010322420634920615 0.009298941798941751
0 0.21452380952380953 0.5806944444444444 0.015483630952380978 0.018121693121693056
0 0.2753323412698413 0.5494113756613757 0.015483630952380922 0.014054232804232866
0 0.2500892857142857 0.48897156084656085 0.01435515873015869 0.023931878306878335
0 0.2979141865079365 0.5549999999999999 0.013871527777777781 0.023078703703703685
0 0.3101736111111111 0.5942625661375661 0.01709821428571423 0.021167328042327977
0 0.36759424603174606 0.6116732804232804 0.01806547619047616 0.022867063492063504
0 0.3307390873015873 0.6313558201058201 0.015000000000000013 0.02180555555555556
0 0.333157242063492 0.6526554232804233 0.02661458333333333 0.025261243386243432
0 0.3738045634920635 0.6598578042328042 0.01532242063492062 0.025476190476190357
0 0.4413070436507936 0.665218253968254 0.017743055555555554 0.021140873015873012
0 0.4380803571428571 0.6451025132275131 0.01225942460317464 0.015320767195767212
0 0.48235615079365074 0.6616699735449735 0.01274305555555555 0.019632936507936627
0 0.46405009920634915 0.7025264550264549 0.00903273809523808 0.013174603174603247
0 0.4570337301587301 0.7404894179894179 0.028871527777777795 0.034345238095238116
0 0.46227430555555554 0.7217824074074074 0.01709821428571423 0.014692460317460446
0 0.5056646825396824 0.7198445767195767 0.00903273809523819 0.018134920634920764
0 0.5146155753968253 0.674454365079365 0.00854910714285717 0.010360449735449842
0 0.546312003968254 0.6512334656084655 0.012904265873015852 0.01984126984126977
0 0.5394568452380952 0.6107903439153438 0.013065476190476266 0.019814814814814802
0 0.5126810515873016 0.5950859788359788 0.010161210317460423 0.010340608465608506
0 0.4228373015873016 0.6228505291005291 0.02822668650793647 0.03318452380952378
0 0.4252752976190476 0.5223015873015873 0.021232638888888933 0.023005952380952415
0 0.46487103174603167 0.5175562169312169 0.012740575396825382 0.015350529100529068
0 0.39585317460317454 0.43458664021164023 0.009124503968253928 0.015370370370370404
0 0.39955109126984123 0.4239880952380952 0.01400297619047619 0.016832010582010632
0 0.35777777777777775 0.39692791005291 0.010384424603174569 0.020611772486772484
0 0.3970337301587301 0.38276785714285716 0.01998263888888885 0.016623677248677193
0 0.5219568452380953 0.4137136243386243 0.014002976190476302 0.021038359788359735
0 0.5601116071428571 0.42283730158730154 0.017306547619047707 0.010753968253968202
0 0.5457936507936507 0.3453207671957672 0.021083829365079465 0.015575396825396806
0 0.5490972222222222 0.3588558201058201 0.007552083333333348 0.0069775132275132394
0 0.6170659722222223 0.3428108465608466 0.028320932539682486 0.047050264550264544
0 0.5952752976190476 0.3472123015873016 0.016835317460317523 0.013478835978836035
0 0.6543551587301587 0.41885912698412703 0.027061011904761845 0.026709656084656103
0 0.6493973214285713 0.4493816137566138 0.016835317460317523 0.01852843915343912
0 0.5088194444444444 0.492172619047619 0.019823908730158823 0.022718253968253926
0 0.49977430555555546 0.4748611111111111 0.019667658730158744 0.020400132275132304
0 0.5043353174603175 0.5159821428571428 0.024702380952380976 0.03719246031746026
0 0.5476810515873015 0.522906746031746 0.020768849206349138 0.029642857142857082
0 0.49945932539682536 0.5396858465608465 0.00959821428571428 0.015674603174603192
0 0.47593749999999996 0.5695866402116402 0.01258680555555558 0.014755291005291049
0 0.49245783730158726 0.5765112433862433 0.007867063492063453 0.01098214285714283
0 0.5625496031746031 0.5722123015873015 0.019667658730158744 0.021686507936507986
0 0.5867013888888888 0.480734126984127 0.014789186507936591 0.02123677248677251
0 0.5607390873015873 0.4778009259259259 0.04468253968253966 0.04389880952380946
0 0.6668625992063492 0.48839285714285713 0.014947916666666616 0.019351851851851915
0 0.621078869047619 0.5045502645502645 0.02658978174603166 0.017681878306878247
0 0.6256398809523809 0.5182903439153439 0.021870039682539755 0.02196759259259255
0 0.6432614087301587 0.5296130952380952 0.011170634920634859 0.013683862433862437
0 0.6471949404761904 0.5533267195767195 0.018407738095238102 0.024609788359788293
0 0.6331150793650793 0.5784953703703702 0.020768849206349138 0.01873015873015878
0 0.6674925595238095 0.5704166666666667 0.0124305555555555 0.01977513227513228
0 0.6400372023809524 0.6072387566137566 0.011641865079365044 0.03845238095238098
0 0.6077033730158731 0.6130026455026455 0.00959821428571428 0.013482142857142923
0 0.5630208333333333 0.6166765873015873 0.022499999999999964 0.017470238095238066
0 0.5931522817460317 0.675625 0.014474206349206264 0.027962962962962894
0 0.6007812499999999 0.6861111111111112 0.01620535714285709 0.025330687830687815
0 0.5662475198412699 0.6960747354497353 0.013531746031746117 0.017255291005291145
0 0.5476810515873015 0.7126521164021163 0.01636160714285717 0.01642526455026457
0 0.5498834325396825 0.7358399470899469 0.011014384920635 0.01287037037037031
0 0.5432762896825396 0.7594378306878307 0.020453869047619033 0.030704365079365026
0 0.5568080357142857 0.8065343915343915 0.008182043650793558 0.009933862433862295
0 0.5793849206349205 0.8051752645502644 0.04358134920634926 0.04329695767195781
0 0.5707316468253968 0.7840806878306877 0.015260416666666776 0.017053571428571484
0 0.6186383928571428 0.7675099206349206 0.02360119047619058 0.024606481481481406
0 0.6438120039682539 0.7777910052910052 0.017621527777777812 0.02041666666666675
0 0.6014905753968254 0.7350892857142856 0.01856646825396835 0.030251322751322657
0 0.5805654761904762 0.7455787037037037 0.022026289682539613 0.02690145502645495
0 0.6397222222222222 0.7306845238095239 0.015419146825396801 0.01808862433862431
0 0.6744146825396824 0.7529298941798942 0.022812499999999902 0.02775462962962975
0 0.6839335317460317 0.7392890211640212 0.020768849206349138 0.013478835978835887
0 0.7102083333333333 0.7396031746031745 0.017306547619047707 0.025019841269841397
0 0.6988020833333334 0.701739417989418 0.015890376984126986 0.020611772486772633
0 0.6949454365079365 0.6807539682539682 0.016049107142857233 0.023118386243386208
0 0.6427108134920634 0.679398148148148 0.019823908730158823 0.024596560846560738
0 0.6696949404761905 0.6562202380952381 0.016520337301587196 0.025231481481481428
0 0.6857415674603173 0.63869708994709 0.0124305555555555 0.015357142857142847
0 0.6772470238095237 0.6503373015873015 0.008653273809523743 0.01925925925925931
0 0.6497916666666667 0.6308333333333334 0.009124503968253928 0.013478835978836035
0 0.6712673611111111 0.6148875661375661 0.021555059523809428 0.026478174603174587
0 0.6860565476190476 0.3476289682539682 0.01935267857142864 0.023128306878306876
0 0.682517361111111 0.312797619047619 0.015104166666666696 0.031081349206349234
0 0.7040724206349206 0.3589616402116402 0.016676587301587276 0.019358465608465547
0 0.7334945436507936 0.37858134920634917 0.024858630952381056 0.02251653439153441
0 0.7652752976190477 0.3921097883597883 0.024858630952381056 0.02187830687830683
0 0.7674776785714285 0.4240046296296296 0.014474206349206264 0.019798280423280357
0 0.7050148809523809 0.44979166666666665 0.017306547619047707 0.0214451058201058
0 0.693844246031746 0.43845899470899474 0.018878968253968287 0.028991402116402092
0 0.7398660714285713 0.4697255291005291 0.013687996031745975 0.013902116402116397
0 0.7735342261904761 0.49710978835978836 0.017150297619047628 0.022943121693121665
0 0.7393154761904762 0.5318287037037036 0.021396329365079403 0.014338624338624317
0 0.7445064484126983 0.583531746031746 0.022026289682539613 0.025026455026455025
0 0.7868303571428571 0.5918253968253968 0.04027777777777786 0.04832341269841267
0 0.7462375992063491 0.6339847883597883 0.027061011904761845 0.02943452380952379
0 0.7896626984126984 0.6675595238095239 0.02517361111111116 0.03155423280423294
0 0.7534747023809524 0.7126488095238095 0.01415922619047616 0.022711640211640294
0 0.743563988095238 0.7652050264550264 0.017936507936507917 0.024616402116402075
0 0.7600818452380952 0.7675165343915342 0.02297123015873015 0.032589285714285765
0 0.7815600198412698 0.7875462962962962 0.01777777777777767 0.021051587301587443
0 0.7537103174603175 0.8180820105820105 0.03193948412698422 0.03428902116402129
0 0.7356969246031746 0.8133564814814815 0.011014384920635 0.010575396825396766
0 0.8076661706349206 0.831901455026455 0.007921626984126906 0.008677248677248764
0 0.8433432539682539 0.7836607142857143 0.022393353174603225 0.0243551587301587
0 0.8501760912698412 0.801878306878307 0.012904265873015852 0.020178571428571306
0 0.8411607142857143 0.7333134920634921 0.0282762896825397 0.028915343915343783
0 0.8340451388888889 0.7107837301587301 0.023152281746031678 0.024851190476190332
0 0.8421999007936507 0.6343915343915344 0.01777777777777767 0.029050925925925952
0 0.8326091269841269 0.6305687830687831 0.012631448412698365 0.016101190476190446
0 0.8133110119047618 0.6067890211640211 0.020116567460317425 0.021253306878306805
0 0.9283556547619047 0.42108134920634915 0.02225942460317465 0.018108465608465647
0 0.8831894841269841 0.44358134920634923 0.01799107142857137 0.01612433862433867
0 0.8755853174603174 0.47735119047619046 0.02318452380952385 0.029255952380952355
0 0.9184325396825396 0.4892261904761905 0.025783730158730256 0.02084986772486778
0 0.939484126984127 0.49454365079365076 0.016693948412698445 0.02505952380952377
0 0.9246453373015873 0.5060416666666666 0.01595238095238094 0.02317460317460318
0 0.9318799603174603 0.6314219576719576 0.024112103174603217 0.0252876984126984
0 0.9136086309523809 0.7336970899470899 0.02800843253968255 0.03544312169312184
0 0.8907018849206348 0.7404960317460318 0.017807539682539675 0.01738756613756613
0 0.9391145833333333 0.7531150793650793 0.03227430555555566 0.02085978835978845
0 0.9132390873015872 0.754100529100529 0.008345734126984139 0.011299603174603176
0 0.9513566468253968 0.7800694444444444 0.015580357142857215 0.012447089947089948
0 0.8516840277777776 0.599077380952381 0.02618055555555565 0.05231481481481485
0 0.4539161706349206 0.6543816137566137 0.011874999999999969 0.013257275132275185
0 0.732452876984127 0.7179067460317459 0.013809523809523716 0.02025462962962976
0 0.5635813492063492 0.6638525132275133 0.010555555555555651 0.018888888888888882
0 0.9017559523809524 0.611818783068783 0.02027777777777784 0.021481481481481435
0 0.9877232142857142 0.6799636243386243 0.012777777777777777 0.01629629629629618
0 0.8810342261904761 0.5598743386243386 0.012197420634920686 0.016544312169312143
0 0.918157242063492 0.3212301587301587 0.020820932539682646 0.01822751322751322
0 0.4220089285714285 0.3708664021164021 0.009464285714285703 0.017106481481481417
0 0.3675347222222222 0.3545998677248677 0.013670634920634916 0.01598544973544976
0 0.4332614087301587 0.344646164021164 0.016825396825396854 0.017946428571428513
0 0.9237524801587301 0.6770436507936508 0.015076884920634859 0.02216600529100532