0 0.40234375 0.16064453125 0.041015625 0.04150390625
0 0.3157552083333333 0.110595703125 0.045572916666666664 0.03759765625
0 0.216796875 0.112548828125 0.037109375 0.03564453125
0 0.18131510416666666 0.100830078125 0.032552083333333336 0.03173828125
0 0.5413411458333334 0.15869140625 0.0625 0.05517578125
0 0.21549479166666666 0.38232421875 0.029947916666666668 0.02197265625
0 0.3297526041666667 0.480712890625 0.029947916666666668 0.02685546875
0 0.3522135416666667 0.769775390625 0.033203125 0.02783203125
0 0.3157552083333333 0.309326171875 0.028645833333333332 0.0263671875
0 0.1806640625 0.1376953125 0.01953125 0.02001953125
0 0.17447916666666666 0.260498046875 0.043619791666666664 0.0341796875
0 0.21516927083333334 0.168701171875 0.021484375 0.01708984375
0 0.4612630208333333 0.098876953125 0.024739583333333332 0.01953125
0 0.205078125 0.77734375 0.022786458333333332 0.02685546875
0 0.3785807291666667 0.488037109375 0.02734375 0.01708984375
0 0.4742838541666667 0.1474609375 0.028645833333333332 0.02783203125
0 0.2503255208333333 0.708740234375 0.024739583333333332 0.0205078125
0 0.23111979166666666 0.498291015625 0.016276041666666668 0.01416015625
0 0.3284505208333333 0.634033203125 0.018229166666666668 0.01611328125
0 0.4833984375 0.595947265625 0.018880208333333332 0.02197265625
0 0.291015625 0.78662109375 0.024739583333333332 0.02197265625
0 0.4778645833333333 0.2197265625 0.016927083333333332 0.0166015625
0 0.2688802083333333 0.47607421875 0.026692708333333332 0.01708984375
0 0.3564453125 0.2373046875 0.0234375 0.01318359375
0 0.19173177083333334 0.641357421875 0.0234375 0.02294921875
0 0.2333984375 0.7861328125 0.026692708333333332 0.02392578125
0 0.3193359375 0.713134765625 0.018880208333333332 0.021484375
0 0.2734375 0.52392578125 0.030598958333333332 0.02392578125
0 0.3212890625 0.009765625 0.021484375 0.01806640625
0 0.5872395833333334 0.62109375 0.01953125 0.01806640625
0 0.4521484375 0.117919921875 0.0234375 0.02099609375
0 0.228515625 0.465576171875 0.020182291666666668 0.017578125
0 0.20442708333333334 0.331298828125 0.017578125 0.0166015625
0 0.22884114583333334 0.84619140625 0.020182291666666668 0.015625
0 0.3567708333333333 0.6005859375 0.02734375 0.0224609375
0 0.46484375 0.3603515625 0.017578125 0.01806640625
0 0.20865885416666666 0.147216796875 0.022786458333333332 0.01708984375
0 0.419921875 0.251220703125 0.014973958333333334 0.0126953125
0 0.2451171875 0.659912109375 0.029947916666666668 0.0244140625
0 0.3037109375 0.05419921875 0.033203125 0.0146484375
0 0.18684895833333334 0.795654296875 0.022786458333333332 0.01416015625
0 0.181640625 0.723388671875 0.018229166666666668 0.01953125
0 0.1513671875 0.662353515625 0.018229166666666668 0.013671875
0 0.1962890625 0.5361328125 0.018880208333333332 0.013671875
0 0.19401041666666666 0.5048828125 0.013020833333333334 0.0107421875
0 0.2721354166666667 0.29150390625 0.021484375 0.013671875
0 0.5299479166666666 0.54931640625 0.014973958333333334 0.01513671875
0 0.412109375 0.895263671875 0.016276041666666668 0.01953125
0 0.3444010416666667 0.258544921875 0.024739583333333332 0.013671875
0 0.3326822916666667 0.071044921875 0.0234375 0.0146484375
0 0.3528645833333333 0.01123046875 0.018880208333333332 0.015625
0 0.142578125 0.631591796875 0.014322916666666666 0.01171875
0 0.3863932291666667 0.292236328125 0.013020833333333334 0.01318359375
0 0.353515625 0.967529296875 0.016927083333333332 0.0126953125
0 0.3795572916666667 0.691650390625 0.021484375 0.01806640625
0 0.1953125 0.698486328125 0.017578125 0.017578125
0 0.1787109375 0.81982421875 0.022135416666666668 0.02001953125
0 0.3798828125 0.6298828125 0.013671875 0.01220703125
0 0.3483072916666667 0.81005859375 0.014973958333333334 0.01708984375
0 0.6181640625 0.285400390625 0.014973958333333334 0.0126953125
0 0.626953125 0.82421875 0.014973958333333334 0.017578125
0 0.2779947916666667 0.887939453125 0.027994791666666668 0.02001953125
0 0.17415364583333334 0.61865234375 0.021484375 0.02197265625
0 0.18880208333333334 0.41455078125 0.014322916666666666 0.01708984375
0 0.7060546875 0.505859375 0.048177083333333336 0.0400390625
0 0.791015625 0.47265625 0.016927083333333332 0.015625
0 0.7233072916666666 0.66162109375 0.022135416666666668 0.01513671875
0 0.7454427083333334 0.773681640625 0.018880208333333332 0.01806640625
0 0.4814453125 0.98291015625 0.0234375 0.01416015625
0 0.18782552083333334 0.94287109375 0.018880208333333332 0.0146484375
0 0.19108072916666666 0.83740234375 0.026041666666666668 0.01220703125
0 0.15592447916666666 0.936767578125 0.016927083333333332 0.015625
0 0.4075520833333333 0.73046875 0.02734375 0.02392578125
0 0.2688802083333333 0.63623046875 0.016927083333333332 0.01611328125
0 0.18489583333333334 0.68505859375 0.024739583333333332 0.01123046875
0 0.4912109375 0.26806640625 0.026041666666666668 0.0126953125
0 0.21354166666666666 0.32275390625 0.020182291666666668 0.01123046875
0 0.181640625 0.335693359375 0.024739583333333332 0.01220703125
0 0.4889322916666667 0.09375 0.033203125 0.01708984375
0 0.19694010416666666 0.1240234375 0.014322916666666666 0.01025390625
0 0.21614583333333334 0.02099609375 0.018880208333333332 0.00732421875
0 0.21712239583333334 0.038818359375 0.037760416666666664 0.025390625
0 0.2962239583333333 0.0859375 0.013671875 0.01318359375
0 0.6875 0.220947265625 0.03125 0.0205078125
0 0.6145833333333334 0.355224609375 0.018880208333333332 0.01025390625
0 0.5690104166666666 0.517578125 0.016276041666666668 0.0126953125
0 0.828125 0.649169921875 0.017578125 0.0185546875
0 0.6363932291666666 0.7138671875 0.022135416666666668 0.01611328125
0 0.669921875 0.86279296875 0.028645833333333332 0.02001953125
0 0.8232421875 0.708251953125 0.037760416666666664 0.02490234375
0 0.837890625 0.670654296875 0.020833333333333332 0.0224609375