0 0.5651041666666666 0.630615234375 0.06901041666666667 0.03662109375
0 0.177734375 0.748779296875 0.07552083333333333 0.04296875
0 0.7864583333333334 0.81982421875 0.033203125 0.02587890625
0 0.9788411458333334 0.463134765625 0.042317708333333336 0.04150390625
0 0.3935546875 0.505615234375 0.047526041666666664 0.03564453125
0 0.8326822916666666 0.411376953125 0.022786458333333332 0.01708984375
0 0.357421875 0.743896484375 0.061197916666666664 0.06298828125
0 0.8971354166666666 0.651123046875 0.046223958333333336 0.02294921875
0 0.9866536458333334 0.81201171875 0.026692708333333332 0.0322265625
0 0.12174479166666667 0.677001953125 0.035807291666666664 0.02001953125
0 0.9358723958333334 0.481201171875 0.028645833333333332 0.02001953125
0 0.9361979166666666 0.69482421875 0.0234375 0.01318359375
0 0.89453125 0.576416015625 0.03125 0.01953125
0 0.8186848958333334 0.685302734375 0.021484375 0.01611328125
0 0.20345052083333334 0.7978515625 0.0234375 0.01318359375
0 0.8391927083333334 0.71923828125 0.022786458333333332 0.01123046875
0 0.572265625 0.85009765625 0.0234375 0.01904296875
0 0.8528645833333334 0.29736328125 0.03125 0.02783203125
0 0.6845703125 0.7294921875 0.018880208333333332 0.01171875
0 0.3408203125 0.86083984375 0.025390625 0.02490234375
0 0.5192057291666666 0.82275390625 0.024088541666666668 0.009765625
0 0.3076171875 0.254150390625 0.024088541666666668 0.0166015625