0 0.19401041666666666 0.323974609375 0.03125 0.01513671875
0 0.3821614583333333 0.600830078125 0.07486979166666667 0.0458984375
0 0.2649739583333333 0.60302734375 0.033203125 0.01953125
0 0.7522786458333334 0.345458984375 0.055989583333333336 0.03271484375
0 0.2897135416666667 0.6318359375 0.048177083333333336 0.03271484375
0 0.5846354166666666 0.515625 0.044921875 0.02783203125
0 0.8089192708333334 0.454345703125 0.05078125 0.03125
0 0.9918619791666666 0.385986328125 0.016276041666666668 0.03662109375
0 0.2861328125 0.376220703125 0.033203125 0.0263671875
0 0.6940104166666666 0.35546875 0.029296875 0.01416015625
0 0.8059895833333334 0.379638671875 0.047526041666666664 0.02392578125
0 0.7027994791666666 0.336669921875 0.041666666666666664 0.02490234375
0 0.75390625 0.5849609375 0.052083333333333336 0.025390625
0 0.7864583333333334 0.6689453125 0.037109375 0.01806640625
0 0.23502604166666666 0.31884765625 0.052734375 0.0498046875
0 0.4459635416666667 0.36376953125 0.029947916666666668 0.02099609375
0 0.408203125 0.41943359375 0.037109375 0.02294921875
0 0.3580729166666667 0.53271484375 0.052734375 0.0322265625
0 0.7454427083333334 0.522216796875 0.056640625 0.03369140625
0 0.5380859375 0.36572265625 0.060546875 0.03173828125
0 0.9892578125 0.602294921875 0.021484375 0.03173828125
0 0.3033854166666667 0.40185546875 0.033854166666666664 0.0205078125
0 0.6673177083333334 0.649169921875 0.035807291666666664 0.02978515625
0 0.619140625 0.579833984375 0.035807291666666664 0.02197265625
0 0.5465494791666666 0.399658203125 0.03125 0.01806640625
0 0.3883463541666667 0.462890625 0.026041666666666668 0.01611328125
0 0.5885416666666666 0.558837890625 0.046223958333333336 0.0302734375
0 0.5055338541666666 0.417724609375 0.0390625 0.02294921875
0 0.3033854166666667 0.34521484375 0.037760416666666664 0.0224609375
0 0.1533203125 0.434814453125 0.038411458333333336 0.021484375
0 0.7786458333333334 0.2998046875 0.06575520833333333 0.0439453125
0 0.21809895833333334 0.444580078125 0.046875 0.03271484375
0 0.8583984375 0.62744140625 0.03125 0.01123046875
0 0.7014973958333334 0.465576171875 0.055989583333333336 0.03662109375
0 0.12109375 0.3798828125 0.018229166666666668 0.0107421875
0 0.8815104166666666 0.56640625 0.0390625 0.0185546875
0 0.5231119791666666 0.5556640625 0.018880208333333332 0.02978515625
0 0.3258463541666667 0.5771484375 0.032552083333333336 0.0185546875
0 0.3616536458333333 0.6494140625 0.018880208333333332 0.02294921875
0 0.9189453125 0.399169921875 0.032552083333333336 0.01904296875
0 0.9622395833333334 0.54833984375 0.034505208333333336 0.02490234375
0 0.6539713541666666 0.4111328125 0.020182291666666668 0.01806640625
0 0.4072265625 0.334716796875 0.026692708333333332 0.01611328125
0 0.6009114583333334 0.4072265625 0.029296875 0.02294921875
0 0.20084635416666666 0.396484375 0.051432291666666664 0.02783203125
0 0.470703125 0.42822265625 0.016927083333333332 0.01318359375
0 0.7223307291666666 0.562255859375 0.018229166666666668 0.013671875
0 0.7516276041666666 0.455078125 0.027994791666666668 0.01123046875
0 0.3645833333333333 0.66796875 0.017578125 0.01318359375
0 0.923828125 0.33447265625 0.034505208333333336 0.01806640625
0 0.1220703125 0.4345703125 0.018229166666666668 0.01513671875
0 0.2600911458333333 0.4716796875 0.021484375 0.01611328125
0 0.15364583333333334 0.461669921875 0.017578125 0.0126953125
0 0.2662760416666667 0.3359375 0.014973958333333334 0.0146484375
0 0.3157552083333333 0.323486328125 0.01953125 0.01416015625
0 0.3255208333333333 0.4541015625 0.033854166666666664 0.02783203125
0 0.3929036458333333 0.539306640625 0.016927083333333332 0.01953125
0 0.4235026041666667 0.601318359375 0.018229166666666668 0.01806640625
0 0.4990234375 0.599609375 0.020833333333333332 0.01220703125
0 0.34765625 0.340576171875 0.018229166666666668 0.02392578125
0 0.7841796875 0.426513671875 0.044270833333333336 0.0263671875
0 0.7802734375 0.5673828125 0.048828125 0.03662109375
0 0.4339192708333333 0.6279296875 0.014322916666666666 0.01318359375
0 0.4130859375 0.6298828125 0.014322916666666666 0.0126953125
0 0.4130859375 0.6484375 0.017578125 0.01025390625
0 0.3649088541666667 0.42529296875 0.022135416666666668 0.01025390625
0 0.5113932291666666 0.431884765625 0.024739583333333332 0.01171875
0 0.5817057291666666 0.467529296875 0.020182291666666668 0.01513671875
0 0.6233723958333334 0.440185546875 0.015625 0.0078125
0 0.9752604166666666 0.3671875 0.049479166666666664 0.0390625
0 0.9694010416666666 0.469970703125 0.020182291666666668 0.01171875
0 0.75 0.6591796875 0.030598958333333332 0.0205078125
0 0.7415364583333334 0.682861328125 0.016927083333333332 0.01416015625
0 0.6953125 0.583740234375 0.013671875 0.01220703125
0 0.7216796875 0.548095703125 0.016927083333333332 0.00830078125
0 0.7366536458333334 0.594970703125 0.014973958333333334 0.009765625
0 0.9557291666666666 0.341064453125 0.022786458333333332 0.0126953125
0 0.5699869791666666 0.5947265625 0.01171875 0.01025390625
0 0.306640625 0.676513671875 0.014322916666666666 0.01123046875
0 0.587890625 0.321044921875 0.01171875 0.01416015625
0 0.4505208333333333 0.619384765625 0.014322916666666666 0.009765625
0 0.326171875 0.306884765625 0.014322916666666666 0.01123046875