0 0.43774801587301587 0.7003835978835978 0.026691468253968287 0.03351521164021154
0 0.6204513888888888 0.552959656084656 0.03416418650793651 0.03225859788359786
0 0.460203373015873 0.7294378306878307 0.026874999999999982 0.03629629629629635
0 0.40129464285714284 0.45023809523809516 0.017621527777777812 0.02281084656084653
0 0.31784970238095234 0.3838458994708995 0.01808283730158733 0.03783068783068785
0 0.5601190476190476 0.4870502645502645 0.015873015873015817 0.02071759259259265
0 0.6017385912698412 0.6049140211640212 0.015736607142857073 0.02469576719576712
0 0.8771428571428571 0.5351521164021164 0.0197519841269842 0.025548941798941776
0 0.5850644841269841 0.7297784391534391 0.021855158730158752 0.020386904761904745
0 0.7984375 0.7022619047619046 0.017733134920634885 0.022840608465608387
0 0.3237673611111111 0.753422619047619 0.025424107142857144 0.027136243386243503
0 0.45515128968253965 0.44415343915343913 0.017725694444444495 0.024335317460317512
0 0.7208680555555556 0.29761243386243386 0.020642361111111063 0.025056216931216957
0 0.850376984126984 0.38300264550264546 0.024062500000000098 0.02208994708994701
0 0.8193080357142857 0.740816798941799 0.015136408730158646 0.02554894179894192
0 0.2920659722222222 0.6728108465608464 0.02737599206349206 0.025376984126984265
0 0.8681150793650793 0.6725793650793651 0.018821924603174667 0.03000330687830684
0 0.4264980158730159 0.5321130952380951 0.0329389880952381 0.04069775132275133
0 0.7694593253968254 0.739593253968254 0.01917906746031739 0.02505952380952377
0 0.8586731150793651 0.5168320105820106 0.016971726190476266 0.028075396825396837
0 0.6772594246031746 0.3911078042328042 0.021408730158730238 0.015608465608465552
0 0.4595833333333333 0.35762235449735447 0.02330605158730159 0.030790343915343854
0 0.808782242063492 0.3162136243386243 0.016220238095238093 0.015314153439153433
0 0.22911210317460315 0.7268386243386243 0.0185292658730159 0.022800925925926013
0 0.6269097222222222 0.4355291005291005 0.0208754960317461 0.028108465608465583
0 0.6814310515873016 0.6120238095238094 0.017919146825396748 0.025261243386243432
0 0.299360119047619 0.3516269841269841 0.02758928571428576 0.02405753968253969
0 0.689516369047619 0.6422420634920635 0.017658730158730096 0.016157407407407415
0 0.37849206349206344 0.5960978835978835 0.030369543650793696 0.0431283068783069
0 0.783859126984127 0.6201686507936508 0.01805803571428566 0.02419973544973549
0 0.5525396825396826 0.30650132275132275 0.017715773809523716 0.014589947089947097
0 0.9069518849206348 0.40315806878306876 0.01889384920634929 0.02535714285714293
0 0.8900124007936508 0.3343683862433862 0.01678571428571418 0.02842261904761904
0 0.7211210317460317 0.6855224867724868 0.01854910714285718 0.018716931216931226
0 0.7720411706349206 0.3987202380952381 0.03143849206349203 0.031537698412698344
0 0.4082986111111111 0.3994543650793651 0.013415178571428599 0.017476851851851844
0 0.2870138888888889 0.3674867724867725 0.013616071428571463 0.01620701058201061
0 0.5790426587301587 0.42119047619047617 0.011510416666666634 0.015009920634920645
0 0.8898065476190475 0.6921759259259259 0.024717261904761978 0.03139880952380943
0 0.5927529761904762 0.3840674603174603 0.03248511904761897 0.024120370370370292
0 0.8442956349206349 0.3566071428571429 0.01277529761904761 0.015320767195767212
0 0.7171230158730159 0.35408068783068786 0.011455853174603181 0.013789682539682602
0 0.40241815476190473 0.343260582010582 0.009370039682539688 0.009460978835978887
0 0.44814980158730156 0.2978869047619047 0.006691468253968269 0.010975529100529124
0 0.3286954365079365 0.34355820105820106 0.006468253968254012 0.01243716931216928
0 0.6618328373015874 0.37143849206349205 0.003928571428571503 0.015863095238095298
0 0.7614856150793651 0.3534027777777778 0.01405257936507942 0.02332341269841276
0 0.8248735119047619 0.3688227513227513 0.010880456349206424 0.010218253968253896
0 0.831220238095238 0.3292195767195767 0.0072519841269840235 0.007622354497354526
0 0.833033234126984 0.3078571428571429 0.006649305555555651 0.010056216931216907
0 0.9171974206349206 0.32418320105820103 0.01269345238095232 0.0313988095238095
0 0.897328869047619 0.3004034391534391 0.019188988095238058 0.026977513227513256
0 0.9434151785714285 0.288829365079365 0.028861607142857126 0.046580687830687806
0 0.9190873015873016 0.36107142857142854 0.010426587301587409 0.01242394179894187
0 0.911532738095238 0.4649206349206349 0.010729166666666679 0.019897486772486744
0 0.9208258928571428 0.5000859788359788 0.010275297619047663 0.018062169312169345
0 0.8559250992063492 0.44890211640211636 0.028256448412698365 0.016167328042328084
0 0.8553224206349206 0.47690806878306874 0.033392857142857224 0.04105158730158731
0 0.9238467261904761 0.5239616402116402 0.009972718253968171 0.01584656084656085
0 0.8871478174603175 0.6522056878306878 0.009146825396825431 0.014328703703703649
0 0.9261805555555556 0.7287566137566138 0.0146999007936508 0.027166005291005213
0 0.8815128968253968 0.7257076719576719 0.02302827380952377 0.02411706349206355
0 0.8753869047619047 0.7099140211640211 0.015679563492063453 0.020423280423280527
0 0.8524429563492063 0.7388855820105819 0.00898313492063485 0.012129629629629749
0 0.7472643849206348 0.7117691798941799 0.013881448412698338 0.02934523809523822
0 0.7196602182539682 0.7119080687830688 0.011187996031746028 0.015165343915343854
0 0.7286458333333333 0.7006613756613757 0.006369047619047663 0.012797619047619039
0 0.7353422619047619 0.6613458994708994 0.010615079365079438 0.02304563492063494
0 0.7591046626984127 0.6483895502645503 0.00881944444444449 0.012384259259259197
0 0.7498784722222223 0.6472982804232804 0.009635416666666563 0.010644841269841296
0 0.5580605158730159 0.72244708994709 0.010778769841269797 0.013650793650793544
0 0.48022073412698413 0.7282175925925926 0.012085813492063502 0.019530423280423353
0 0.19378968253968254 0.7119775132275131 0.008695436507936527 0.0114814814814815
0 0.4498263888888889 0.520625 0.024538690476190506 0.03773809523809524
0 0.3895138888888889 0.5551322751322751 0.013608630952380962 0.01366732804232799
0 0.34641617063492064 0.5266666666666667 0.019382440476190532 0.013961640211640258
0 0.42064980158730153 0.5984391534391534 0.015257936507936498 0.020529100529100546
0 0.41961805555555554 0.5816666666666667 0.007423115079365106 0.013561507936507974
0 0.4812723214285714 0.631441798941799 0.007423115079365106 0.018859126984127023
0 0.24345982142857142 0.44900793650793647 0.021408730158730127 0.024682539682539712
0 0.19540674603174601 0.5247784391534391 0.01001984126984129 0.016904761904761905
0 0.21818204365079366 0.573829365079365 0.011386408730158726 0.01111441798941796
0 0.18105902777777777 0.5086805555555555 0.007743055555555545 0.01387566137566143
0 0.21112103174603172 0.34467923280423274 0.01548611111111109 0.02181547619047623
0 0.5895213293650793 0.5065343915343915 0.03120039682539688 0.030314153439153408
0 0.5403273809523809 0.4400297619047619 0.008881448412698445 0.013921957671957733
0 0.5521701388888889 0.42210648148148144 0.01207093253968261 0.016970899470899397
0 0.5331547619047619 0.3510515873015873 0.023685515873015817 0.027896825396825402
0 0.6839211309523809 0.42926587301587293 0.017765376984127057 0.02026455026455028
0 0.8753422619047618 0.6123677248677248 0.03757936507936499 0.04700396825396824
0 0.835486111111111 0.6219378306878306 0.022090773809523734 0.032721560846560895
0 0.8252380952380952 0.6008333333333333 0.012981150793650809 0.01009589947089943
0 0.8367410714285713 0.5932407407407407 0.021408730158730238 0.023455687830687893
0 0.8521130952380951 0.6093320105820105 0.012527281746031793 0.02331349206349209
0 0.9194122023809523 0.6175330687830688 0.008653273809523743 0.012526455026454997
0 0.9025595238095238 0.7320337301587302 0.015032242063492074 0.013171296296296356
0 0.7819667658730158 0.7608730158730159 0.016170634920634974 0.01781746031746027
0 0.2714484126984127 0.4103075396825397 0.018918650793650738 0.02426587301587298