0 0.678466796875 0.5680338541666666 0.02587890625 0.025390625
0 0.719482421875 0.5947265625 0.03125 0.037109375
0 0.73046875 0.4016927083333333 0.02685546875 0.026041666666666668
0 0.71435546875 0.3391927083333333 0.03466796875 0.041015625
0 0.80859375 0.3173828125 0.01416015625 0.013671875
0 0.43359375 0.6936848958333334 0.0166015625 0.016276041666666668
0 0.822021484375 0.3876953125 0.01318359375 0.018229166666666668
0 0.57763671875 0.3798828125 0.015625 0.028645833333333332
0 0.789794921875 0.4007161458333333 0.01904296875 0.020182291666666668
0 0.65625 0.5592447916666666 0.0166015625 0.015625
0 0.273681640625 0.3330078125 0.01171875 0.012369791666666666
0 0.437255859375 0.6507161458333334 0.01953125 0.020833333333333332
0 0.5576171875 0.341796875 0.01025390625 0.012369791666666666
0 0.78662109375 0.2880859375 0.02880859375 0.024088541666666668
0 0.76904296875 0.3072916666666667 0.01025390625 0.009765625
0 0.604248046875 0.4108072916666667 0.0478515625 0.059895833333333336
0 0.91845703125 0.5608723958333334 0.0107421875 0.014322916666666666
0 0.708984375 0.6669921875 0.0126953125 0.016276041666666668
0 0.812744140625 0.6708984375 0.0107421875 0.020833333333333332
0 0.822021484375 0.7307942708333334 0.013671875 0.014322916666666666
0 0.810546875 0.6005859375 0.01806640625 0.018880208333333332
0 0.544921875 0.3704427083333333 0.00732421875 0.013020833333333334
0 0.51806640625 0.697265625 0.009765625 0.014322916666666666
0 0.6337890625 0.4329427083333333 0.01220703125 0.013671875
0 0.28076171875 0.5921223958333334 0.00927734375 0.01171875
0 0.35107421875 0.5553385416666666 0.01123046875 0.011067708333333334
0 0.76708984375 0.48046875 0.02783203125 0.022786458333333332
0 0.375244140625 0.6793619791666666 0.02880859375 0.02734375
0 0.380615234375 0.6497395833333334 0.015625 0.018880208333333332
0 0.62548828125 0.3704427083333333 0.01025390625 0.015625
0 0.513916015625 0.3961588541666667 0.01220703125 0.022135416666666668
0 0.41015625 0.3815104166666667 0.01513671875 0.018880208333333332
0 0.412841796875 0.4098307291666667 0.009765625 0.018229166666666668
0 0.406494140625 0.3141276041666667 0.009765625 0.015625
0 0.51806640625 0.2955729166666667 0.00927734375 0.01171875
0 0.476806640625 0.357421875 0.00634765625 0.013671875
0 0.33447265625 0.6494140625 0.00927734375 0.018880208333333332
0 0.3310546875 0.6090494791666666 0.0087890625 0.020833333333333332
0 0.275146484375 0.5335286458333334 0.01025390625 0.0078125
0 0.329833984375 0.5139973958333334 0.0107421875 0.017578125
0 0.31494140625 0.4401041666666667 0.00634765625 0.009114583333333334
0 0.30224609375 0.4153645833333333 0.00927734375 0.009114583333333334
0 0.296142578125 0.3460286458333333 0.0068359375 0.0078125
0 0.5869140625 0.4671223958333333 0.01708984375 0.0234375
0 0.811767578125 0.431640625 0.009765625 0.009765625
0 0.91357421875 0.4049479166666667 0.0078125 0.011067708333333334
0 0.654052734375 0.701171875 0.0107421875 0.013671875
0 0.645263671875 0.7005208333333334 0.00830078125 0.011067708333333334
0 0.760498046875 0.7164713541666666 0.01123046875 0.015625
0 0.988525390625 0.5944010416666666 0.013671875 0.009765625
0 0.82470703125 0.6009114583333334 0.009765625 0.017578125
0 0.258056640625 0.7037760416666666 0.0107421875 0.020182291666666668
0 0.239990234375 0.70703125 0.00732421875 0.008463541666666666
0 0.568603515625 0.5817057291666666 0.0078125 0.016276041666666668
0 0.6552734375 0.3473307291666667 0.0068359375 0.013020833333333334
0 0.619140625 0.4534505208333333 0.009765625 0.015625
0 0.564208984375 0.5084635416666666 0.00927734375 0.014973958333333334
0 0.63134765625 0.7180989583333334 0.005859375 0.008463541666666666
0 0.503662109375 0.5911458333333334 0.0068359375 0.008463541666666666
0 0.562255859375 0.5970052083333334 0.0107421875 0.010416666666666666
0 0.56298828125 0.6044921875 0.0107421875 0.004557291666666667
0 0.237060546875 0.5891927083333334 0.01220703125 0.014322916666666666
0 0.441162109375 0.6708984375 0.00927734375 0.015625
0 0.715576171875 0.6223958333333334 0.01708984375 0.015625
0 0.841552734375 0.3258463541666667 0.00732421875 0.01953125
0 0.98779296875 0.7057291666666666 0.01025390625 0.014973958333333334
0 0.8583984375 0.5771484375 0.0205078125 0.020182291666666668