0 0.75 0.85595703125 0.032552083333333336 0.03076171875
0 0.3525390625 0.432373046875 0.025390625 0.0244140625
0 0.7141927083333334 0.837890625 0.029296875 0.021484375
0 0.6845703125 0.566162109375 0.022786458333333332 0.02685546875
0 0.734375 0.591064453125 0.029947916666666668 0.025390625
0 0.2451171875 0.44287109375 0.030598958333333332 0.01806640625
0 0.6780598958333334 0.980712890625 0.025390625 0.02783203125
0 0.23567708333333334 0.594482421875 0.036458333333333336 0.02099609375
0 0.251953125 0.55419921875 0.037760416666666664 0.0234375
0 0.4674479166666667 0.9580078125 0.02734375 0.02294921875
0 0.0732421875 0.126953125 0.03125 0.0263671875
0 0.5849609375 0.98193359375 0.0234375 0.02294921875
0 0.4182942708333333 0.6123046875 0.055338541666666664 0.05712890625
0 0.7721354166666666 0.80224609375 0.017578125 0.0166015625
0 0.8821614583333334 0.90869140625 0.0390625 0.03759765625
0 0.4462890625 0.92333984375 0.048828125 0.0361328125
0 0.8942057291666666 0.6484375 0.02734375 0.0361328125
0 0.5787760416666666 0.45361328125 0.0390625 0.021484375
0 0.44140625 0.490478515625 0.020182291666666668 0.01123046875
0 0.13346354166666666 0.5390625 0.045572916666666664 0.03564453125
0 0.19596354166666666 0.522705078125 0.0234375 0.01708984375
0 0.6373697916666666 0.58984375 0.020182291666666668 0.013671875
0 0.8714192708333334 0.63232421875 0.018880208333333332 0.03173828125
0 0.7337239583333334 0.951904296875 0.014322916666666666 0.015625
0 0.8466796875 0.44677734375 0.026692708333333332 0.02099609375
0 0.5520833333333334 0.8095703125 0.0234375 0.0205078125
0 0.3050130208333333 0.40283203125 0.06705729166666667 0.0380859375