0 0.3188624338624338 0.5491914682539683 0.048597883597883605 0.03686507936507932
0 0.6056051587301586 0.9547743055555555 0.05403108465608467 0.05030505952380948
0 0.3450099206349206 0.8164012896825397 0.019593253968253954 0.015228174603174605
0 0.48189814814814813 0.3778422619047619 0.02718253968253966 0.021656746031746055
0 0.6044411375661375 0.8908556547619046 0.013101851851851828 0.01945684523809521
0 0.292119708994709 0.4698090277777777 0.020770502645502658 0.01573908730158735
0 0.6772850529100528 0.5947842261904762 0.021984126984126995 0.01765624999999993
0 0.47435185185185186 0.25924355158730156 0.03302579365079369 0.02767113095238094
0 0.7476851851851851 0.7265947420634921 0.020390211640211636 0.023539186507936405
0 0.38394179894179886 0.4773189484126984 0.01889219576719577 0.01689484126984131
0 0.6729034391534391 0.45750248015873013 0.020671296296296344 0.02640128968253963
0 0.28285383597883595 0.8945957341269841 0.017493386243386217 0.010071924603174631
0 0.3920138888888889 0.8221552579365079 0.01685515873015871 0.016629464285714324
0 0.4825066137566137 0.4885739087301587 0.043366402116402046 0.03729414682539689
0 0.6149107142857143 0.2203645833333333 0.01445436507936515 0.011822916666666683
0 0.3848644179894179 0.3600372023809524 0.027156084656084694 0.01751736111111113
0 0.4921527777777777 0.2805803571428571 0.027516534391534453 0.03125248015873017
0 0.5095965608465608 0.7396775793650794 0.0366104497354498 0.03621279761904761
0 0.506547619047619 0.24510912698412696 0.012883597883597867 0.009211309523809497
0 0.4454365079365079 0.42079613095238094 0.013085317460317528 0.010272817460317496
0 0.4479530423280423 0.6133159722222221 0.012708333333333321 0.013162202380952337
0 0.7318121693121693 0.4992063492063492 0.016865079365079378 0.01899801587301586
0 0.6962367724867725 0.5217385912698412 0.019596560846560845 0.011272321428571486
0 0.7493022486772486 0.460250496031746 0.01135582010582 0.009459325396825369
0 0.646957671957672 0.3987772817460317 0.013392857142857206 0.011421130952380953
0 0.7015707671957672 0.31239831349206343 0.02179894179894178 0.007316468253968256
0 0.7217857142857143 0.2914459325396825 0.023293650793650755 0.01163690476190471
0 0.6878670634920635 0.2551860119047619 0.012519841269841217 0.009429563492063475
0 0.3316666666666666 0.3584102182539682 0.013472222222222255 0.012170138888888848
0 0.5110681216931217 0.45199652777777777 0.012447089947089948 0.013531746031746006
0 0.5167394179894179 0.47866319444444444 0.013277116402116373 0.008774801587301595
0 0.5771825396825397 0.8469270833333332 0.023511904761904717 0.007537202380952346
0 0.6715112433862434 0.8907018849206348 0.014662698412698441 0.011267361111111152
0 0.7120370370370369 0.9278397817460318 0.01549272486772472 0.01002480158730168
0 0.6975132275132275 0.9638392857142856 0.015767195767195652 0.015634920634920668
0 0.7603075396825396 0.8583184523809523 0.013554894179894047 0.011232638888888813
0 0.44965608465608464 0.9522123015873015 0.016319444444444404 0.006902281746031802
0 0.45878637566137564 0.9644568452380952 0.013002645502645441 0.006495535714285738
0 0.4899074074074074 0.9777405753968254 0.016044973544973473 0.007333829365079314
0 0.38036044973544975 0.9777405753968254 0.011064814814814769 0.00858134920634912
0 0.2734457671957672 0.9871825396825397 0.01631944444444448 0.010453869047619024
0 0.7594775132275132 0.7720758928571428 0.015376984126984183 0.009397321428571415