0 0.43740823412698415 0.435621693121693 0.033489583333333295 0.04558862433862432
0 0.4092063492063492 0.4889054232804233 0.024087301587301546 0.028379629629629626
0 0.5161359126984126 0.38468584656084653 0.01586309523809515 0.02674933862433863
0 0.39275545634920633 0.5986078042328042 0.01821428571428574 0.028445767195767264
0 0.48646577380952377 0.6193749999999999 0.01997519841269846 0.029242724867724796
0 0.4459275793650793 0.7279001322751323 0.01997519841269846 0.02695767195767207
0 0.5831125992063492 0.73182208994709 0.04171378968253969 0.03949735449735462
0 0.5346428571428571 0.44699735449735445 0.03407490079365072 0.036636904761904766
0 0.7825744047619048 0.7388558201058202 0.027026289682539728 0.04103505291005286
0 0.5942931547619047 0.346875 0.0151984126984126 0.022235449735449702
0 0.7558606150793651 0.5947255291005291 0.016587301587301484 0.027731481481481524
0 0.9291046626984126 0.7236210317460317 0.030999503968254016 0.03147817460317448
0 0.2823983134920635 0.36354497354497345 0.011656746031746046 0.013835978835978905
0 0.7166443452380953 0.4868419312169312 0.017395833333333277 0.02623346560846566
0 0.7439880952380953 0.5082738095238095 0.025679563492063462 0.022222222222222292
0 0.5302728174603174 0.6647123015873015 0.014203869047618944 0.03154431216931227
0 0.2868650793650794 0.4205720899470899 0.01383928571428572 0.025826719576719597
0 0.8686532738095237 0.5898445767195767 0.019660218253968242 0.03131944444444438
0 0.9184573412698411 0.656901455026455 0.01383928571428572 0.026111111111111047
0 0.72265625 0.749348544973545 0.01394593253968246 0.020873015873016005
0 0.9790029761904762 0.6347652116402116 0.016867559523809472 0.020486111111111132
0 0.2109375 0.45344907407407403 0.01383928571428572 0.021818783068783116
0 0.5122073412698412 0.3081051587301587 0.014578373015873058 0.013416005291005284
0 0.40478422619047616 0.6966137566137566 0.012472718253968229 0.015846560846560703
0 0.34594742063492057 0.6686210317460318 0.01270089285714282 0.015095899470899473
0 0.5019543650793651 0.7597652116402117 0.018804563492063497 0.017913359788359767
0 0.35644593253968254 0.44075396825396823 0.009481646825396872 0.020790343915343918
0 0.7869246031746031 0.3249834656084656 0.013499503968253945 0.019004629629629566
0 0.8675719246031746 0.30484788359788356 0.013499503968253945 0.018525132275132306
0 0.8681051587301586 0.35934193121693125 0.020959821428571335 0.025195105820105795
0 0.8327554563492063 0.41288359788359785 0.019184027777777724 0.02143518518518513
0 0.91109375 0.5587929894179894 0.007460317460317389 0.022404100529100468
0 0.8832738095238095 0.6903637566137566 0.022408234126984228 0.01992063492063482
0 0.8920858134920634 0.6736772486772487 0.010657242063492056 0.01627314814814825
0 0.8329340277777777 0.7122949735449735 0.012435515873015834 0.017718253968253883
0 0.8158804563492064 0.6125661375661375 0.03232886904761911 0.04089616402116395
0 0.29682787698412694 0.5000562169312169 0.021671626984126946 0.028091931216931283
0 0.34479166666666666 0.4292261904761905 0.01101438492063489 0.015271164021164019
0 0.23199156746031743 0.3986607142857142 0.009947916666666667 0.013832671957672016
0 0.34550347222222216 0.4614748677248677 0.010119047619047583 0.015099206349206362
0 0.9150768849206349 0.43521164021164016 0.014456845238095317 0.016541005291005256
0 0.8563492063492063 0.39713624338624337 0.03505704365079354 0.030982142857142847
0 0.7390724206349206 0.42508267195767196 0.013732638888888982 0.008816137566137527
0 0.3026959325396825 0.7041236772486772 0.013596230158730127 0.01459325396825406
0 0.27770585317460317 0.7139914021164021 0.013194444444444398 0.014064153439153534
0 0.20612847222222222 0.48497023809523804 0.00839781746031748 0.012400793650793643
0 0.46524057539682534 0.3337929894179894 0.012395833333333384 0.012873677248677199
0 0.3988640873015873 0.31619378306878304 0.015595238095238106 0.014996693121693086
0 0.5034672619047619 0.4564186507936508 0.03020089285714289 0.019857804232804217
0 0.5163144841269841 0.43872685185185184 0.026530257936507873 0.024074074074074137
0 0.6024107142857142 0.45285714285714285 0.011845238095238075 0.01985449735449733
0 0.6161755952380952 0.43427579365079366 0.012681051587301484 0.017840608465608494
0 0.5858457341269842 0.28202050264550266 0.011406250000000062 0.00741402116402116
0 0.5981374007936507 0.2798048941798942 0.01229166666666659 0.008296957671957669
0 0.7518824404761905 0.33706679894179886 0.01053075396825398 0.015036375661375612
0 0.7352157738095237 0.35294973544973546 0.02463293650793652 0.029457671957672016
0 0.7342534722222223 0.3456183862433862 0.010255456349206327 0.014553571428571388
0 0.8865178571428571 0.3602943121693121 0.00960565476190478 0.010882936507936444
0 0.9029340277777778 0.29117724867724865 0.013301091269841248 0.009464285714285703
0 0.9144022817460317 0.3793981481481481 0.012867063492063568 0.016613756613756674
0 0.9932713293650793 0.4060085978835979 0.013013392857142758 0.014699074074074078
0 0.9676091269841269 0.4415839947089946 0.008241567460317567 0.012599206349206415
0 0.892626488095238 0.5412533068783069 0.012819940476190395 0.012470238095238026
0 0.9232837301587301 0.5593121693121693 0.008102678571428656 0.010853174603174587
0 0.9947619047619047 0.6600892857142856 0.010476190476190528 0.018283730158730194
0 0.9954960317460317 0.6428670634920635 0.007514880952380842 0.011590608465608407
0 0.9952554563492063 0.6293088624338624 0.007227182539682575 0.012225529100529098
0 0.9476587301587301 0.7038227513227513 0.03285466269841275 0.0212235449735451
0 0.9409623015873015 0.7559887566137565 0.012140376984127066 0.008905423280423245
0 0.8394568452380952 0.7310648148148147 0.007805059523809499 0.009417989417989325
0 0.45731894841269843 0.6858498677248678 0.011183035714285694 0.014394841269841288
0 0.505327380952381 0.640350529100529 0.013110119047619051 0.011309523809523844
0 0.6342261904761904 0.5833035714285714 0.008231646825396899 0.01140542328042334
0 0.9457291666666666 0.6895039682539682 0.009846230158730096 0.010330687830687838
0 0.8616393849206349 0.6317228835978835 0.006939484126984086 0.011835317460317482
0 0.8669642857142856 0.5100264550264549 0.008554067460317505 0.009900793650793696
0 0.7704489087301586 0.4227645502645503 0.011458333333333348 0.01097552910052905
0 0.7136334325396825 0.46085317460317454 0.01049107142857153 0.013128306878306942
0 0.7161359126984127 0.4713988095238095 0.01000744047619051 0.011835317460317482
0 0.8337971230158729 0.38553240740740735 0.013556547619047565 0.010545634920634908
0 0.7426860119047619 0.3305489417989418 0.010813492063492136 0.015062830687830727
0 0.63890625 0.35540343915343914 0.012428075396825333 0.017860449735449684
0 0.6455456349206349 0.4058134920634921 0.00665674603174593 0.010790343915343984
0 0.7541220238095238 0.6865641534391534 0.01452876984126994 0.01227843915343918