0 0.384765625 0.61767578125 0.053385416666666664 0.03759765625
0 0.7477213541666666 0.55322265625 0.068359375 0.04296875
0 0.6826171875 0.570556640625 0.042317708333333336 0.0361328125
0 0.3421223958333333 0.502685546875 0.05078125 0.03173828125
0 0.2470703125 0.4013671875 0.044921875 0.03173828125
0 0.3004557291666667 0.56005859375 0.055338541666666664 0.03662109375
0 0.6487630208333334 0.60693359375 0.027994791666666668 0.017578125
0 0.6087239583333334 0.63427734375 0.029296875 0.02099609375
0 0.7975260416666666 0.607666015625 0.034505208333333336 0.02490234375
0 0.5579427083333334 0.625732421875 0.024088541666666668 0.0166015625
0 0.1845703125 0.509033203125 0.024088541666666668 0.01513671875
0 0.8141276041666666 0.458740234375 0.018880208333333332 0.01513671875
0 0.7223307291666666 0.471923828125 0.029296875 0.017578125
0 0.599609375 0.682861328125 0.038411458333333336 0.01513671875
0 0.4944661458333333 0.60986328125 0.024088541666666668 0.01708984375
0 0.6783854166666666 0.605224609375 0.024088541666666668 0.01806640625
0 0.4651692708333333 0.54931640625 0.020182291666666668 0.01513671875
0 0.6044921875 0.551025390625 0.013671875 0.01123046875
0 0.6858723958333334 0.4541015625 0.027994791666666668 0.01318359375
0 0.9833984375 0.668212890625 0.024088541666666668 0.01708984375
0 0.21354166666666666 0.626708984375 0.038411458333333336 0.02978515625
0 0.14322916666666666 0.556640625 0.026041666666666668 0.0146484375
0 0.8033854166666666 0.68017578125 0.022135416666666668 0.01806640625
0 0.7945963541666666 0.53369140625 0.018880208333333332 0.0107421875
0 0.15234375 0.676513671875 0.024739583333333332 0.01416015625
0 0.7493489583333334 0.40869140625 0.024739583333333332 0.017578125
0 0.7177734375 0.498046875 0.025390625 0.0185546875
0 0.5348307291666666 0.67333984375 0.035807291666666664 0.02490234375
0 0.4329427083333333 0.69140625 0.022135416666666668 0.01416015625
0 0.330078125 0.34814453125 0.025390625 0.017578125
0 0.3017578125 0.64404296875 0.012369791666666666 0.01025390625
0 0.18229166666666666 0.67529296875 0.016927083333333332 0.00830078125
0 0.5006510416666666 0.470703125 0.020182291666666668 0.0078125
0 0.326171875 0.598388671875 0.01171875 0.01123046875
0 0.6083984375 0.368896484375 0.03125 0.01171875
0 0.3388671875 0.65185546875 0.01171875 0.00732421875
0 0.6722005208333334 0.36376953125 0.013020833333333334 0.01513671875
0 0.5830078125 0.34765625 0.017578125 0.01025390625
0 0.583984375 0.37939453125 0.021484375 0.01708984375
0 0.5068359375 0.58984375 0.009765625 0.00830078125
0 0.15852864583333334 0.650390625 0.018229166666666668 0.00927734375
0 0.908203125 0.684814453125 0.020182291666666668 0.01611328125
0 0.2548828125 0.5029296875 0.01953125 0.0126953125
0 0.2981770833333333 0.697998046875 0.010416666666666666 0.00634765625
0 0.5690104166666666 0.552978515625 0.016276041666666668 0.009765625
0 0.5091145833333334 0.4580078125 0.016927083333333332 0.0078125
0 0.8463541666666666 0.337890625 0.025390625 0.01318359375
0 0.13997395833333334 0.4716796875 0.024088541666666668 0.01953125
0 0.14583333333333334 0.5869140625 0.014973958333333334 0.01123046875
0 0.19401041666666666 0.645751953125 0.026041666666666668 0.0234375
0 0.3151041666666667 0.5361328125 0.032552083333333336 0.017578125
0 0.37109375 0.58740234375 0.018880208333333332 0.0087890625
0 0.3121744791666667 0.59619140625 0.018880208333333332 0.01220703125
0 0.3170572916666667 0.48974609375 0.020182291666666668 0.01171875
0 0.3981119791666667 0.529541015625 0.016276041666666668 0.013671875
0 0.4417317708333333 0.56787109375 0.026041666666666668 0.02880859375
0 0.1767578125 0.619873046875 0.016927083333333332 0.0126953125
0 0.12858072916666666 0.660888671875 0.013020833333333334 0.01416015625
0 0.2333984375 0.609130859375 0.013671875 0.017578125
0 0.2848307291666667 0.564453125 0.014973958333333334 0.0087890625
0 0.275390625 0.559814453125 0.018229166666666668 0.00830078125
0 0.6048177083333334 0.348388671875 0.02734375 0.0244140625
0 0.5211588541666666 0.396728515625 0.13541666666666666 0.09033203125
0 0.6516927083333334 0.40185546875 0.016276041666666668 0.01318359375
0 0.720703125 0.36279296875 0.015625 0.0146484375
0 0.5279947916666666 0.591796875 0.021484375 0.01611328125
0 0.7672526041666666 0.5849609375 0.024088541666666668 0.01953125
0 0.7259114583333334 0.412109375 0.03125 0.02490234375
0 0.5149739583333334 0.661865234375 0.025390625 0.01318359375