0 0.4762152777777777 0.7680787037037037 0.02085069444444443 0.028124999999999883
0 0.4702529761904761 0.28829365079365077 0.014774305555555589 0.024837962962962996
0 0.5327256944444444 0.7209424603174602 0.03436259920634921 0.04818452380952376
0 0.38487599206349205 0.5605919312169312 0.034955357142857135 0.037807539682539616
0 0.35064484126984125 0.7005224867724867 0.042006448412698405 0.04628306878306887
0 0.6522123015873015 0.496739417989418 0.016939484126984095 0.020529100529100546
0 0.7621502976190475 0.4455919312169312 0.016309523809523885 0.022463624338624328
0 0.3098611111111111 0.6202149470899471 0.020600198412698445 0.017761243386243446
0 0.159422123015873 0.33746362433862437 0.019620535714285736 0.037824074074074066
0 0.9136185515873015 0.6093419312169311 0.022304067460317434 0.02464285714285719
0 0.47067212301587297 0.5648214285714285 0.02283978174603174 0.04420634920634914
0 0.5887450396825397 0.3848677248677248 0.014449404761904816 0.01824404761904767
0 0.25337301587301586 0.7936111111111112 0.02053075396825399 0.01678240740740744
0 0.760406746031746 0.5931283068783068 0.018673115079365088 0.024867724867724927
0 0.8029985119047619 0.6607506613756613 0.013581349206349236 0.020697751322751312
0 0.24584573412698413 0.6734953703703703 0.016314484126984108 0.017685185185185286
0 0.4736235119047619 0.39729828042328047 0.023196924603174573 0.0167162698412698
0 0.6956622023809523 0.38085978835978834 0.012219742063491967 0.022212301587301624
0 0.1508110119047619 0.7496693121693121 0.013745039682539706 0.017106481481481417
0 0.5755233134920635 0.29387235449735444 0.013573908730158735 0.01921296296296293
0 0.3939657738095238 0.37117394179894175 0.017604166666666643 0.020978835978836024
0 0.983563988095238 0.4807374338624338 0.015672123015872952 0.02092261904761905
0 0.6673933531746031 0.3931448412698412 0.011019345238095335 0.021276455026455032
0 0.7733110119047618 0.6176322751322751 0.03344742063492068 0.03804563492063492
0 0.922735615079365 0.32059854497354495 0.034062499999999885 0.017916666666666654
0 0.7038368055555555 0.7937896825396825 0.0133482142857142 0.022172619047619097
0 0.6204340277777778 0.6424966931216931 0.01531498015873023 0.01873015873015878
0 0.5528273809523809 0.6171296296296296 0.011656746031746046 0.01075727513227509
0 0.5385491071428571 0.28658730158730156 0.017299107142857206 0.018277116402116416
0 0.7907837301587302 0.43062830687830683 0.015848214285714368 0.022132936507936574
0 0.17765873015873015 0.4080588624338624 0.013792162698412713 0.014646164021163996
0 0.7873809523809523 0.3628339947089947 0.016011904761904727 0.012291666666666737
0 0.6652083333333333 0.5819609788359787 0.01239087301587305 0.009480820105820076
0 0.6839632936507936 0.7769047619047619 0.008965773809523903 0.01947420634920623
0 0.4507291666666666 0.48007275132275135 0.012884424603174627 0.013019179894179889
0 0.7422519841269841 0.5789087301587301 0.013834325396825387 0.019285714285714278
0 0.8146428571428571 0.6135482804232804 0.011232638888888813 0.013789682539682602
0 0.4400024801587301 0.6815542328042327 0.011143353174603132 0.018601190476190393
0 0.28070932539682536 0.5849570105820106 0.012289186507936534 0.02493055555555553
0 0.46613095238095237 0.4800925925925925 0.008831845238095215 0.016603835978836006
0 0.28233134920634917 0.5487797619047619 0.011604662698412649 0.023290343915343865
0 0.8406175595238095 0.367662037037037 0.01464285714285718 0.014983465608465677
0 0.17889632936507935 0.5149999999999999 0.012943948412698414 0.019090608465608394
0 0.429828869047619 0.7042658730158728 0.016798115079365128 0.015046296296296427
0 0.5733903769841269 0.3554794973544973 0.012061011904761942 0.020621693121693152
0 0.44533978174603167 0.5261111111111111 0.017628968253968202 0.01634589947089952
0 0.9307936507936507 0.33249007936507935 0.014072420634920535 0.015856481481481517
0 0.8929613095238095 0.6510681216931217 0.0037797619047619246 0.0084292328042328
0 0.2623065476190476 0.28762566137566137 0.012167658730158681 0.014894179894179885
0 0.25970982142857146 0.5846296296296296 0.016195436507936534 0.0214285714285715
0 0.25672619047619044 0.5299636243386242 0.027616567460317487 0.03029100529100533
0 0.22561507936507935 0.7013425925925926 0.010739087301587291 0.02347222222222219
0 0.3564211309523809 0.44982142857142854 0.011592261904761925 0.023330026455026392
0 0.5221329365079365 0.5518981481481481 0.016448412698412795 0.027447089947089925
0 0.5450421626984127 0.5975826719576719 0.013692956349206309 0.017099867724867785
0 0.5741195436507937 0.6277182539682539 0.00956597222222233 0.02034391534391533
0 0.5712127976190476 0.7028769841269841 0.00975446428571436 0.023587962962963022
0 0.6114632936507937 0.7624107142857143 0.010250496031745993 0.014533730158730052
0 0.8722147817460317 0.7544808201058202 0.0085243055555555 0.010585317460317434
0 0.8900446428571428 0.7309060846560848 0.017782738095238004 0.009738756613756708
0 0.833157242063492 0.6092394179894179 0.009583333333333277 0.020810185185185254
0 0.7606969246031746 0.4701025132275132 0.013993055555555634 0.014517195767195753
0 0.7851463293650793 0.4515376984126984 0.014144345238095157 0.01912367724867729
0 0.6886210317460317 0.40429563492063486 0.013692956349206309 0.011703042328042349
0 0.8001934523809524 0.3814186507936508 0.009630456349206451 0.009292328042327972
0 0.6675545634920634 0.3119312169312169 0.0108010912698413 0.014206349206349186
0 0.6645089285714286 0.3262797619047619 0.009747023809523858 0.019041005291005348
0 0.4916220238095238 0.33209325396825395 0.015314980158730118 0.015456349206349232
0 0.17522817460317458 0.4696494708994709 0.006862599206349185 0.006891534391534411
0 0.24109126984126983 0.39173611111111106 0.014079861111111092 0.015211640211640157
0 0.8065674603174603 0.5581779100529101 0.012844742063492065 0.012751322751322736
0 0.6473710317460316 0.2532275132275132 0.009206349206349218 0.007794312169312183
0 0.5677480158730158 0.3612566137566138 0.007653769841269753 0.013032407407407446
0 0.2363690476190476 0.4463657407407407 0.012519841269841292 0.012351190476190451
0 0.3248214285714286 0.7581878306878308 0.015148809523809481 0.017695105820105955
0 0.35824900793650793 0.7843948412698413 0.013395337301587262 0.011018518518518464
0 0.6386954365079365 0.5739583333333333 0.019005456349206362 0.019742063492063533
0 0.8758878968253968 0.5634986772486772 0.014489087301587267 0.017192460317460245
0 0.8535565476190475 0.5798941798941798 0.012361111111111045 0.023392857142857142
0 0.5303769841269841 0.49210317460317454 0.012537202380952461 0.015221560846560825
0 0.280374503968254 0.32462301587301584 0.025347222222222188 0.025496031746031766
0 0.26581101190476186 0.6720701058201057 0.013117559523809552 0.014821428571428541
0 0.21256200396825395 0.7407010582010582 0.008449900793650766 0.019861111111111107
0 0.16153273809523808 0.7374404761904761 0.017120535714285734 0.014527116402116272
0 0.43690476190476185 0.781167328042328 0.014231150793650782 0.014229497354497411
0 0.4531374007936508 0.5819477513227512 0.011116071428571406 0.013637566137566134
0 0.5862103174603174 0.467959656084656 0.009561011904761996 0.010968915343915272
0 0.5296230158730159 0.4162268518518519 0.010672123015873058 0.020158730158730116
0 0.43868551587301585 0.4649966931216931 0.009784226190476142 0.016898148148148124
0 0.3777628968253968 0.5081316137566138 0.02312499999999995 0.021345899470899415