0 0.49909060846560843 0.5748090277777778 0.025830026455026484 0.03485367063492073
0 0.6315939153439153 0.7972073412698413 0.03009589947089945 0.03171626984126985
0 0.44811507936507927 0.36681795634920633 0.016058201058201032 0.018544146825396846
0 0.42856812169312164 0.6617336309523809 0.017182539682539726 0.015897817460317487
0 0.5323445767195767 0.8071775793650793 0.017185846560846613 0.01629712301587305
0 0.42812500000000003 0.5833110119047619 0.022476851851851887 0.02319196428571435
0 0.43688822751322753 0.7748189484126984 0.029781746031745993 0.03355902777777775
0 0.4021263227513227 0.4014459325396825 0.017490079365079403 0.018559027777777737
0 0.6166798941798941 0.7084176587301587 0.03580026455026456 0.03206349206349213
0 0.6643915343915343 0.6231274801587301 0.03148148148148137 0.03345486111111118
0 0.6336607142857142 0.33371527777777776 0.042113095238095255 0.03566468253968258
0 0.6047685185185184 0.542641369047619 0.023419312169312107 0.017832341269841345
0 0.3921726190476191 0.2618799603174603 0.015294312169312096 0.01362599206349202
0 0.3579530423280423 0.6024255952380952 0.013660714285714212 0.014861111111111214
0 0.6926587301587301 0.7932118055555555 0.01946097883597897 0.01379960317460327
0 0.607662037037037 0.7691121031746031 0.018931878306878296 0.01052331349206348
0 0.5787301587301587 0.4970114087301587 0.02005621693121699 0.013524305555555616
0 0.4554563492063492 0.4661755952380952 0.010958994708994751 0.01256200396825402
0 0.6408597883597883 0.5862152777777777 0.032208994708994666 0.025629960317460343
0 0.3306746031746032 0.5644816468253967 0.011974206349206318 0.01323412698412696
0 0.2658234126984127 0.7383854166666667 0.01348544973544974 0.012147817460317567
0 0.5250396825396825 0.7501835317460317 0.010072751322751353 0.012224702380952301
0 0.6818253968253969 0.4480530753968254 0.012619047619047604 0.009650297619047565
0 0.4449338624338624 0.5005977182539683 0.009057539682539714 0.006535218253968189
0 0.5284424603174603 0.5980158730158729 0.016653439153439198 0.015342261904761845
0 0.300188492063492 0.7727579365079366 0.012850529100529121 0.012038690476190439
0 0.25265873015873014 0.5659399801587301 0.019907407407407412 0.010133928571428585
0 0.4078339947089947 0.4192633928571428 0.011527777777777803 0.014496527777777768
0 0.5098578042328042 0.7271602182539681 0.014411375661375589 0.013000992063492145
0 0.27730820105820103 0.8673338293650793 0.028379629629629626 0.03541170634920632
0 0.33694444444444444 0.48435267857142855 0.014728835978835933 0.015496031746031758
0 0.29491402116402116 0.43636160714285716 0.008409391534391538 0.011019345238095224
0 0.6593617724867725 0.3976835317460317 0.017169312169312168 0.014231150793650782
0 0.35318452380952375 0.4126264880952381 0.015582010582010586 0.012599206349206304
0 0.3196296296296296 0.7697519841269841 0.013958333333333295 0.010153769841269922
0 0.40458994708994706 0.7221775793650793 0.013538359788359747 0.0076240079365079705
0 0.7168121693121692 0.759375 0.01045965608465623 0.011572420634920588
0 0.6257506613756613 0.5275595238095238 0.01367063492063488 0.010895337301587205
0 0.5046428571428571 0.23676091269841268 0.009546957671957715 0.007745535714285712
0 0.35509259259259257 0.43411210317460314 0.01191468253968253 0.008779761904761929
0 0.5524570105820106 0.47794642857142855 0.009563492063492015 0.011361607142857166
0 0.6643783068783068 0.6801686507936507 0.009490740740740744 0.006307043650793709
0 0.649973544973545 0.6418477182539681 0.0090145502645503 0.005974702380952435
0 0.3474041005291005 0.5056398809523809 0.028376322751322736 0.019789186507936485
0 0.5437367724867724 0.4941418650793651 0.02144179894179891 0.00905009920634925
0 0.40056547619047617 0.617641369047619 0.03989748677248676 0.025947420634920615
0 0.6194212962962963 0.858189484126984 0.011097883597883662 0.010602678571428603
0 0.6856514550264549 0.36770337301587297 0.012529761904761886 0.007499999999999951
0 0.2461772486772487 0.7772222222222223 0.015701058201058233 0.018472222222222223
0 0.5344510582010582 0.5685987103174603 0.009421296296296363 0.006894841269841301
0 0.26950066137566137 0.7657514880952381 0.01183862433862437 0.012366071428571379
0 0.39339947089947086 0.46469742063492064 0.009599867724867798 0.008122519841269882
0 0.5479365079365079 0.6124652777777777 0.011504629629629578 0.010091765873015968
0 0.5919080687830688 0.8171651785714286 0.010525793650793721 0.008958333333333401
0 0.27572089947089945 0.579719742063492 0.008998015873015852 0.00632936507936499
0 0.5961078042328042 0.749203869047619 0.008392857142857165 0.01116071428571419
0 0.6443320105820106 0.43888640873015866 0.013859126984126982 0.010944940476190435
0 0.5549206349206349 0.41343501984126985 0.01155753968253966 0.010319940476190448
0 0.25378968253968254 0.5757713293650794 0.007228835978835946 0.0058085317460316865
0 0.2519246031746032 0.8029241071428571 0.012357804232804229 0.008608630952380958
0 0.5165079365079365 0.5906820436507937 0.013144841269841242 0.010654761904761889
0 0.5775066137566137 0.5661309523809523 0.013399470899470836 0.009404761904761916
0 0.6390145502645502 0.5629241071428571 0.01569775132275127 0.007777777777777883
0 0.5462433862433862 0.5334424603174603 0.009824735449735389 0.006240079365079421
0 0.6414914021164021 0.41693700396825395 0.020449735449735496 0.009965277777777781
0 0.4083267195767195 0.5469419642857143 0.014074074074074053 0.00822172619047623
0 0.3492228835978836 0.5393477182539682 0.024249338624338684 0.010248015873015826
0 0.47955687830687826 0.5603373015873016 0.014722222222222156 0.008382936507936423
0 0.4870271164021163 0.5467757936507937 0.013855820105820094 0.00691220238095247
0 0.43831349206349207 0.5732093253968253 0.014507275132275085 0.007011408730158708
0 0.5472916666666666 0.6586160714285714 0.013650793650793691 0.01210317460317456
0 0.6656977513227513 0.8105803571428571 0.026570767195767193 0.022653769841269877
0 0.4051785714285714 0.6007762896825396 0.011375661375661336 0.010947420634920713
0 0.3962533068783069 0.4468253968253968 0.013779761904761934 0.010917658730158708
0 0.3133564814814815 0.4728844246031746 0.016001984126984132 0.011919642857142865
0 0.4330555555555555 0.752140376984127 0.017228835978836027 0.009846230158730096
0 0.49185515873015867 0.808033234126984 0.019417989417989407 0.01333333333333342