0 0.8356119791666666 0.36279296875 0.040364583333333336 0.0458984375
0 0.5305989583333334 0.709228515625 0.041666666666666664 0.0439453125
0 0.8567708333333334 0.760986328125 0.048828125 0.04296875
0 0.7421875 0.442138671875 0.04296875 0.03662109375
0 0.06966145833333333 0.273681640625 0.053385416666666664 0.0322265625
0 0.2945963541666667 0.8203125 0.08463541666666667 0.08251953125
0 0.5491536458333334 0.7900390625 0.029947916666666668 0.03662109375
0 0.5983072916666666 0.61328125 0.043619791666666664 0.029296875
0 0.8118489583333334 0.20654296875 0.06380208333333333 0.0791015625
0 0.4007161458333333 0.613525390625 0.048177083333333336 0.0361328125
0 0.21321614583333334 0.792724609375 0.054036458333333336 0.0546875
0 0.7985026041666666 0.85595703125 0.03125 0.0244140625
0 0.876953125 0.366943359375 0.027994791666666668 0.0224609375
0 0.7194010416666666 0.572021484375 0.022135416666666668 0.0146484375
0 0.059244791666666664 0.53564453125 0.016276041666666668 0.01171875
0 0.10677083333333333 0.33056640625 0.024739583333333332 0.017578125
0 0.6783854166666666 0.576416015625 0.02734375 0.02197265625
0 0.7125651041666666 0.127685546875 0.024739583333333332 0.01708984375
0 0.7679036458333334 0.14013671875 0.024088541666666668 0.015625
0 0.7613932291666666 0.631591796875 0.01953125 0.0146484375
0 0.4345703125 0.53759765625 0.020182291666666668 0.0146484375
0 0.8919270833333334 0.850341796875 0.012369791666666666 0.01220703125
0 0.197265625 0.27587890625 0.052083333333333336 0.0439453125
0 0.2939453125 0.06396484375 0.013020833333333334 0.0146484375
0 0.111328125 0.257568359375 0.020833333333333332 0.01708984375
0 0.5426432291666666 0.4970703125 0.011067708333333334 0.01416015625
0 0.09407552083333333 0.31201171875 0.015625 0.0146484375
0 0.7154947916666666 0.264892578125 0.060546875 0.06787109375
0 0.18619791666666666 0.741455078125 0.051432291666666664 0.07421875
0 0.19954427083333334 0.833251953125 0.032552083333333336 0.02197265625
0 0.5602213541666666 0.47802734375 0.018880208333333332 0.0185546875
0 0.2620442708333333 0.450927734375 0.026692708333333332 0.01708984375
0 0.4052734375 0.223388671875 0.022135416666666668 0.01611328125