0 0.199951171875 0.3645833333333333 0.041015625 0.05078125
0 0.4990234375 0.4212239583333333 0.01953125 0.0234375
0 0.534423828125 0.337890625 0.02197265625 0.032552083333333336
0 0.587890625 0.5013020833333334 0.03076171875 0.022786458333333332
0 0.220947265625 0.5921223958333334 0.021484375 0.029296875
0 0.494140625 0.6943359375 0.01953125 0.024739583333333332
0 0.292724609375 0.796875 0.013671875 0.017578125
0 0.298095703125 0.6031901041666666 0.04541015625 0.0546875
0 0.219482421875 0.6949869791666666 0.0224609375 0.03125
0 0.23681640625 0.3616536458333333 0.02880859375 0.018229166666666668
0 0.53125 0.6448567708333334 0.033203125 0.046875
0 0.710693359375 0.3977864583333333 0.0234375 0.027994791666666668
0 0.38916015625 0.6412760416666666 0.02978515625 0.048177083333333336
0 0.65283203125 0.6201171875 0.0205078125 0.026692708333333332
0 0.47265625 0.5983072916666666 0.01953125 0.028645833333333332
0 0.528076171875 0.7884114583333334 0.015625 0.015625
0 0.513671875 0.7041015625 0.0234375 0.022135416666666668
0 0.126953125 0.5485026041666666 0.01611328125 0.014973958333333334
0 0.738525390625 0.6341145833333334 0.02392578125 0.027994791666666668
0 0.478759765625 0.3297526041666667 0.01708984375 0.014322916666666666
0 0.24951171875 0.7024739583333334 0.015625 0.024739583333333332
0 0.110595703125 0.7789713541666666 0.02783203125 0.033203125
0 0.0576171875 0.4085286458333333 0.021484375 0.025390625
0 0.671875 0.73828125 0.01416015625 0.014973958333333334
0 0.15966796875 0.798828125 0.017578125 0.013020833333333334
0 0.230224609375 0.544921875 0.01708984375 0.022135416666666668
0 0.1552734375 0.7102864583333334 0.00927734375 0.015625
0 0.77001953125 0.6295572916666666 0.02294921875 0.033854166666666664
0 0.114990234375 0.412109375 0.01025390625 0.008463541666666666
0 0.068359375 0.7174479166666666 0.02197265625 0.018880208333333332
0 0.72265625 0.5179036458333334 0.021484375 0.022135416666666668
0 0.36376953125 0.5836588541666666 0.00927734375 0.014322916666666666
0 0.558349609375 0.6552734375 0.0185546875 0.020182291666666668
0 0.282958984375 0.4554036458333333 0.015625 0.029296875
0 0.44970703125 0.6201171875 0.00537109375 0.015625
0 0.602783203125 0.7106119791666666 0.01708984375 0.020833333333333332
0 0.40869140625 0.6946614583333334 0.01416015625 0.024739583333333332
0 0.07080078125 0.689453125 0.029296875 0.038411458333333336
0 0.09521484375 0.6875 0.02001953125 0.035807291666666664
0 0.61865234375 0.5654296875 0.01171875 0.017578125
0 0.65771484375 0.541015625 0.00830078125 0.018229166666666668
0 0.80029296875 0.5631510416666666 0.0126953125 0.014973958333333334
0 0.710693359375 0.4602864583333333 0.0126953125 0.026041666666666668
0 0.76708984375 0.40625 0.0107421875 0.01953125
0 0.543212890625 0.4781901041666667 0.0068359375 0.014973958333333334
0 0.448974609375 0.5696614583333334 0.01025390625 0.020833333333333332
0 0.416015625 0.4918619791666667 0.01171875 0.01953125
0 0.36376953125 0.5179036458333334 0.00927734375 0.020182291666666668
0 0.258056640625 0.5237630208333334 0.0107421875 0.01171875
0 0.141357421875 0.673828125 0.0078125 0.014322916666666666
0 0.17724609375 0.6435546875 0.01171875 0.014973958333333334
0 0.216552734375 0.6477864583333334 0.00732421875 0.012369791666666666
0 0.055419921875 0.7835286458333334 0.017578125 0.013671875
0 0.03662109375 0.7906901041666666 0.0078125 0.01171875
0 0.105712890625 0.7412109375 0.01220703125 0.009765625
0 0.412109375 0.7877604166666666 0.0126953125 0.016276041666666668
0 0.466064453125 0.7779947916666666 0.01220703125 0.01171875
0 0.451416015625 0.7701822916666666 0.01611328125 0.011067708333333334
0 0.550537109375 0.7600911458333334 0.01123046875 0.014973958333333334
0 0.502685546875 0.7457682291666666 0.00830078125 0.013671875
0 0.522216796875 0.7239583333333334 0.013671875 0.01953125
0 0.565673828125 0.7626953125 0.0146484375 0.018229166666666668
0 0.62646484375 0.7721354166666666 0.01611328125 0.022135416666666668
0 0.594482421875 0.8001302083333334 0.00927734375 0.016927083333333332
0 0.605712890625 0.796875 0.01123046875 0.010416666666666666
0 0.65771484375 0.7861328125 0.0068359375 0.012369791666666666
0 0.643310546875 0.771484375 0.01611328125 0.022135416666666668
0 0.72119140625 0.7587890625 0.01171875 0.01953125
0 0.711181640625 0.72265625 0.01318359375 0.016276041666666668
0 0.804931640625 0.7470703125 0.009765625 0.014322916666666666
0 0.760009765625 0.7337239583333334 0.0087890625 0.013671875
0 0.781494140625 0.7054036458333334 0.0078125 0.013671875
0 0.741455078125 0.5634765625 0.00732421875 0.012369791666666666
0 0.748046875 0.4967447916666667 0.009765625 0.011067708333333334
0 0.728515625 0.53515625 0.01025390625 0.013020833333333334
0 0.10693359375 0.3196614583333333 0.01171875 0.018229166666666668
0 0.08984375 0.328125 0.00927734375 0.015625
0 0.187744140625 0.3251953125 0.009765625 0.009765625
0 0.181884765625 0.4091796875 0.02783203125 0.035807291666666664
0 0.62890625 0.3147786458333333 0.02197265625 0.026041666666666668
0 0.37548828125 0.3619791666666667 0.0126953125 0.018229166666666668
0 0.05517578125 0.6865234375 0.013671875 0.014973958333333334
0 0.16064453125 0.7880859375 0.015625 0.014973958333333334
0 0.301025390625 0.64453125 0.01611328125 0.0234375
0 0.41796875 0.7444661458333334 0.017578125 0.024088541666666668
0 0.456298828125 0.6227213541666666 0.0107421875 0.013020833333333334
0 0.571533203125 0.7076822916666666 0.01904296875 0.024739583333333332
0 0.81982421875 0.3873697916666667 0.01123046875 0.013020833333333334