0 0.4484887566137566 0.7168774801587301 0.03311838624338629 0.022852182539682575
0 0.24259589947089946 0.5116542658730158 0.02507605820105822 0.02634424603174601
0 0.48194113756613755 0.18506944444444445 0.021233465608465618 0.01882688492063489
0 0.3013293650793651 0.6781200396825396 0.02460317460317459 0.022442956349206344
0 0.38695105820105824 0.7865128968253967 0.027367724867724874 0.02416666666666667
0 0.3642030423280423 0.25422123015873016 0.029024470899470838 0.03420386904761907
0 0.17592923280423278 0.7010639880952381 0.025115740740740744 0.029007936507936538
0 0.587579365079365 0.8317286706349206 0.022222222222222292 0.024263392857142962
0 0.30773478835978835 0.3069518849206349 0.021402116402116384 0.020607638888888835
0 0.7341071428571428 0.6308234126984127 0.0231845238095237 0.023457341269841336
0 0.47021164021164025 0.3641790674603174 0.018915343915343847 0.018199404761904736
0 0.6483465608465607 0.3576760912698413 0.03690476190476192 0.02902281746031743
0 0.5671263227513227 0.38677331349206345 0.03082010582010586 0.028298611111111094
0 0.24657407407407406 0.8050545634920635 0.026898148148148133 0.017199900793650746
0 0.5193419312169312 0.1132862103174603 0.036514550264550305 0.016302083333333328
0 0.21816468253968255 0.6604315476190477 0.016187169312169347 0.020942460317460387
0 0.4000496031746032 0.2576364087301587 0.04586309523809525 0.028452380952380896
0 0.3424007936507936 0.3203794642857143 0.030122354497354564 0.02521329365079361
0 0.47164351851851855 0.6574429563492064 0.03151785714285715 0.022239583333333313
0 0.6750595238095238 0.8210342261904761 0.02535383597883604 0.01700892857142855
0 0.5157242063492063 0.8293824404761905 0.017757936507936556 0.015007440476190403
0 0.4265178571428571 0.24349950396825396 0.023941798941799004 0.014012896825396803
0 0.2543386243386243 0.6346453373015872 0.04171296296296297 0.043112599206349245
0 0.24450066137566137 0.7548660714285713 0.04474206349206352 0.035620039682539684
0 0.25699735449735445 0.860907738095238 0.019715608465608492 0.019069940476190483
0 0.5506117724867724 0.8552455357142856 0.0497222222222223 0.04460813492063487
0 0.24227513227513228 0.5531622023809524 0.019669312169312187 0.0183928571428571
0 0.25116732804232805 0.43669642857142854 0.02117063492063494 0.020602678571428612
0 0.451656746031746 0.23757192460317458 0.017628968253968313 0.017405753968253945
0 0.13969246031746033 0.8344642857142857 0.029616402116402114 0.0424702380952382
0 0.18674603174603174 0.7273139880952381 0.048485449735449736 0.030664682539682575
0 0.41922288359788357 0.8086631944444445 0.05259589947089941 0.046510416666666554
0 0.27713293650793647 0.4093179563492063 0.0140906084656085 0.0126438492063492
0 0.3009424603174603 0.6103025793650793 0.01666997354497357 0.014508928571428603
0 0.6484523809523809 0.14932787698412697 0.032235449735449784 0.031994047619047616
0 0.2166137566137566 0.48975694444444445 0.020949074074074092 0.015121527777777755
0 0.6867261904761904 0.7236284722222222 0.023528439153439013 0.026438492063492136
0 0.1580753968253968 0.5077728174603174 0.05824735449735452 0.04442708333333334
0 0.718912037037037 0.7845287698412697 0.01490079365079359 0.014439484126984148
0 0.396193783068783 0.2888814484126984 0.03706349206349202 0.021731150793650844
0 0.682387566137566 0.6483730158730158 0.022900132275132396 0.022080853174603066
0 0.3802843915343915 0.06463541666666667 0.015102513227513251 0.009828869047619038
0 0.3451058201058201 0.06888392857142857 0.022996031746031747 0.016269841269841268
0 0.41872354497354497 0.19682539682539682 0.02951719576719573 0.022462797619047625
0 0.3720469576719576 0.19798363095238095 0.021279761904761923 0.01602678571428573
0 0.6943287037037037 0.2461284722222222 0.09472883597883601 0.052083333333333315
0 0.5721130952380952 0.26977926587301587 0.018872354497354433 0.016401289682539733
0 0.5616931216931217 0.25893849206349207 0.01808862433862431 0.01713045634920629
0 0.5467526455026456 0.2595287698412698 0.0173015873015873 0.013000992063492034
0 0.5261078042328042 0.2595287698412698 0.021626984126984123 0.01713045634920629
0 0.550978835978836 0.24648313492063495 0.021035052910052848 0.009030257936507913
0 0.5153968253968254 0.48208085317460314 0.06581349206349207 0.04471974206349216
0 0.6022222222222221 0.580500992063492 0.04555886243386246 0.057460317460317434
0 0.5635681216931216 0.8199925595238095 0.02951388888888884 0.020518353174603154
0 0.4647023809523809 0.8278224206349206 0.027962962962962894 0.018864087301587285
0 0.669404761904762 0.8529166666666667 0.01917658730158737 0.015324900793650897
0 0.6800859788359789 0.8349999999999999 0.02128306878306881 0.013690476190476142
0 0.6039914021164021 0.790813492063492 0.049507275132275076 0.04771825396825391
0 0.34016203703703707 0.5408482142857142 0.01736111111111116 0.012204861111111187
0 0.2588359788359788 0.5139459325396826 0.02010251322751322 0.020768849206349138
0 0.2732275132275132 0.5125744047619046 0.0187334656084656 0.015282738095238058
0 0.48342923280423283 0.4337475198412698 0.0292890211640211 0.013117559523809552
0 0.3802910052910053 0.41797619047619045 0.02246031746031744 0.007986111111111138
0 0.4007771164021164 0.4394097222222222 0.019226190476190414 0.019052579365079314
0 0.38775462962962953 0.3872767857142857 0.019295634920634946 0.02149553571428575
0 0.6058002645502646 0.5176066468253967 0.026329365079365008 0.02094742063492072
0 0.6438756613756613 0.022123015873015874 0.01685515873015871 0.012219742063492064
0 0.6340443121693121 0.21511656746031746 0.02528439153439151 0.016433531746031738
0 0.14355489417989417 0.20768601190476188 0.015178571428571411 0.011059027777777786
0 0.3200727513227513 0.5725545634920635 0.0182903439153439 0.01669890873015878
0 0.165271164021164 0.588658234126984 0.02147156084656084 0.011133432539682575
0 0.7602314814814815 0.7790773809523809 0.0377976190476191 0.01836061507936515
0 0.7522850529100529 0.7956671626984126 0.01846891534391541 0.016106150793650853
0 0.6683167989417989 0.6863020833333333 0.021474867724867803 0.01514136904761898
0 0.7177116402116402 0.5870858134920635 0.015462962962963012 0.01256200396825391
0 0.4277910052910053 0.4762723214285714 0.02319444444444437 0.015783730158730136
0 0.7043948412698412 0.2723635912698413 0.01374338624338615 0.019650297619047574
0 0.18213955026455023 0.2703075396825397 0.017519841269841258 0.012628968253968309
0 0.2765046296296296 0.3456125992063492 0.015300925925925949 0.010158730158730145
0 0.3731481481481482 0.44582837301587297 0.017916666666666654 0.01209573412698417
0 0.4681150793650793 0.5115104166666666 0.0192625661375662 0.015119047619047699
0 0.4454927248677249 0.5404017857142857 0.022847222222222168 0.01545386904761914
0 0.5281415343915343 0.5715649801587301 0.018812830687830722 0.013271329365079465
0 0.3499669312169312 0.8032961309523808 0.01411044973544969 0.017805059523809508
0 0.16257936507936507 0.839828869047619 0.015092592592592583 0.020057043650793638
0 0.6471230158730158 0.6443005952380952 0.01938492063492066 0.015190972222222321
0 0.721193783068783 0.654501488095238 0.013019179894180036 0.01475694444444442
0 0.6830026455026456 0.6718625992063492 0.047741402116402064 0.02213541666666674
0 0.7249570105820106 0.6699082341269841 0.025171957671957717 0.01736111111111116
0 0.6228174603174603 0.5397023809523809 0.01649140211640206 0.00998263888888884
0 0.6623148148148147 0.47666170634920635 0.013888888888888987 0.020181051587301546
0 0.5091038359788359 0.4511631944444444 0.021121031746031676 0.015625
0 0.6656415343915344 0.36707093253968254 0.020542328042327956 0.014538690476190497
0 0.5454166666666665 0.3863864087301587 0.012731481481481547 0.017576884920634916
0 0.7203273809523809 0.2839558531746032 0.013597883597883609 0.017576884920634916
0 0.3182804232804233 0.10351438492063492 0.017939814814814808 0.016927083333333343
0 0.17664682539682539 0.08148809523809523 0.015333994708994695 0.014538690476190469
0 0.22207341269841266 0.07714781746031746 0.0269080687830688 0.010632440476190469
0 0.6841435185185185 0.39223214285714286 0.01388227513227521 0.011061507936507953
0 0.5988955026455026 0.49684027777777773 0.01605158730158725 0.012363591269841212
0 0.516253306878307 0.5294568452380952 0.01518518518518519 0.012527281746031793
0 0.39499338624338626 0.3574156746031746 0.018435846560846514 0.011324404761904772
0 0.44405092592592593 0.14746031746031743 0.011944444444444388 0.008395337301587313
0 0.6941600529100529 0.1297222222222222 0.019573412698412618 0.010677083333333337
0 0.7110648148148148 0.17349454365079364 0.017794312169312043 0.022953869047619035
0 0.25784060846560847 0.12118055555555556 0.013167989417989393 0.016014384920634922
0 0.14573743386243385 0.2698536706349206 0.01957341269841269 0.017616567460317478
0 0.13434854497354495 0.2755902777777778 0.013167989417989431 0.016815476190476186
0 0.25517195767195766 0.28520089285714284 0.016372354497354486 0.016282242063492047
0 0.2042791005291005 0.2976116071428571 0.01565806878306882 0.010677083333333282
0 0.14039682539682538 0.3863616071428571 0.024556878306878322 0.012011408730158712
0 0.30392857142857144 0.41051835317460317 0.014236111111111116 0.014947916666666616
0 0.23204034391534392 0.47551091269841267 0.014236111111111116 0.015213293650793602
0 0.2685185185185185 0.5547867063492063 0.023131613756613767 0.02108630952380941
0 0.15659060846560843 0.6081696428571428 0.020641534391534377 0.01574900793650791
0 0.20534722222222224 0.5517162698412698 0.019930555555555562 0.02028521825396834
0 0.25481481481481477 0.7228100198412698 0.022777777777777786 0.02081845238095248
0 0.38631613756613753 0.6181795634920635 0.016015211640211618 0.016014384920634894
0 0.28916005291005287 0.8753521825396825 0.02099867724867721 0.013613591269841185
0 0.21976190476190471 0.7653819444444444 0.022420634920634914 0.01841765873015877
0 0.45749338624338626 0.8094246031746031 0.021709656084656064 0.01841765873015877
0 0.7258333333333332 0.8868303571428571 0.018862433862433765 0.020553075396825493
0 0.7333068783068782 0.8677455357142857 0.019573412698412618 0.019218750000000062
0 0.652876984126984 0.8086235119047618 0.02028439153439147 0.01895089285714291
0 0.6302777777777778 0.6139087301587302 0.025624999999999936 0.019218750000000062
0 0.524401455026455 0.3104241071428572 0.02455687830687836 0.016014384920634894
0 0.6044775132275132 0.23061507936507936 0.016015211640211618 0.010143849206349198
0 0.7112433862433862 0.10650049603174604 0.014589947089947172 0.014947916666666672
0 0.3564219576719576 0.26931795634920636 0.02455687830687836 0.015481150793650755
0 0.5009126984126984 0.34085317460317455 0.015304232804232765 0.018149801587301617
0 0.5395271164021164 0.7059945436507936 0.01708333333333334 0.016547619047619033
0 0.27474537037037033 0.9033779761904761 0.019930555555555562 0.013613591269841185