0 0.9013671875 0.447021484375 0.044270833333333336 0.03125
0 0.830078125 0.489990234375 0.029947916666666668 0.017578125
0 0.8033854166666666 0.390869140625 0.064453125 0.03662109375
0 0.8987630208333334 0.374755859375 0.017578125 0.01513671875
0 0.9039713541666666 0.345458984375 0.014973958333333334 0.0107421875
0 0.8714192708333334 0.382568359375 0.016927083333333332 0.01171875
0 0.7701822916666666 0.427978515625 0.022135416666666668 0.01171875
0 0.6800130208333334 0.3818359375 0.026692708333333332 0.0224609375
0 0.650390625 0.3056640625 0.013020833333333334 0.01904296875
0 0.6774088541666666 0.439697265625 0.043619791666666664 0.03271484375
0 0.66015625 0.491455078125 0.01953125 0.0126953125
0 0.7672526041666666 0.6259765625 0.03125 0.02197265625
0 0.8108723958333334 0.67626953125 0.018229166666666668 0.0126953125
0 0.8782552083333334 0.66015625 0.031901041666666664 0.02685546875
0 0.8362630208333334 0.3876953125 0.020182291666666668 0.0087890625
0 0.8694661458333334 0.38134765625 0.01171875 0.01025390625
0 0.853515625 0.50390625 0.014973958333333334 0.0166015625
0 0.9361979166666666 0.51904296875 0.011067708333333334 0.01123046875
0 0.828125 0.34814453125 0.011067708333333334 0.00927734375
0 0.6009114583333334 0.462890625 0.046875 0.02490234375
0 0.8795572916666666 0.46044921875 0.018880208333333332 0.01318359375
0 0.7880859375 0.638671875 0.021484375 0.0126953125
0 0.78515625 0.333251953125 0.009114583333333334 0.00732421875
0 0.9085286458333334 0.599365234375 0.025390625 0.0166015625
0 0.5498046875 0.463623046875 0.017578125 0.013671875
0 0.4967447916666667 0.51416015625 0.026692708333333332 0.02490234375
0 0.9462890625 0.677734375 0.016927083333333332 0.0107421875
0 0.9046223958333334 0.5068359375 0.01171875 0.01416015625
0 0.6165364583333334 0.592041015625 0.03125 0.03369140625
0 0.5582682291666666 0.314208984375 0.009765625 0.0078125
0 0.5279947916666666 0.32666015625 0.013020833333333334 0.01171875
0 0.5192057291666666 0.376953125 0.017578125 0.0166015625
0 0.90625 0.528076171875 0.0078125 0.00732421875
0 0.4739583333333333 0.5361328125 0.021484375 0.015625
0 0.4036458333333333 0.66943359375 0.02734375 0.0224609375
0 0.6881510416666666 0.45654296875 0.014322916666666666 0.01171875
0 0.8427734375 0.658203125 0.01171875 0.00634765625
0 0.75 0.63916015625 0.014973958333333334 0.01123046875
0 0.19856770833333334 0.342041015625 0.016927083333333332 0.01171875
0 0.2760416666666667 0.322998046875 0.022135416666666668 0.017578125
0 0.17447916666666666 0.6376953125 0.020833333333333332 0.0107421875
0 0.23177083333333334 0.488525390625 0.014973958333333334 0.01220703125
0 0.09440104166666667 0.2978515625 0.011067708333333334 0.00927734375
0 0.6949869791666666 0.41748046875 0.014973958333333334 0.0078125
0 0.030598958333333332 0.555908203125 0.011067708333333334 0.009765625
0 0.6015625 0.681640625 0.014322916666666666 0.00732421875
0 0.4921875 0.401611328125 0.008463541666666666 0.0078125
0 0.15559895833333334 0.447021484375 0.012369791666666666 0.009765625
0 0.14713541666666666 0.490234375 0.01171875 0.0107421875
0 0.19140625 0.468017578125 0.021484375 0.009765625
0 0.06966145833333333 0.30078125 0.025390625 0.0126953125
0 0.014973958333333334 0.333251953125 0.016927083333333332 0.0146484375
0 0.0859375 0.281982421875 0.020833333333333332 0.00830078125
0 0.728515625 0.43359375 0.010416666666666666 0.005859375
0 0.1171875 0.571044921875 0.014973958333333334 0.01025390625
0 0.3717447916666667 0.646484375 0.014322916666666666 0.01025390625
0 0.662109375 0.52392578125 0.024088541666666668 0.01904296875
0 0.10677083333333333 0.3759765625 0.01171875 0.00830078125
0 0.7213541666666666 0.503173828125 0.0078125 0.00634765625
0 0.014973958333333334 0.358154296875 0.018880208333333332 0.0185546875
0 0.035807291666666664 0.39306640625 0.038411458333333336 0.01513671875
0 0.011067708333333334 0.65966796875 0.018880208333333332 0.01708984375
0 0.2643229166666667 0.458251953125 0.011067708333333334 0.01171875
0 0.267578125 0.41015625 0.013020833333333334 0.0126953125
0 0.19010416666666666 0.2900390625 0.025390625 0.0146484375
0 0.08658854166666667 0.37109375 0.022786458333333332 0.01171875
0 0.035807291666666664 0.66162109375 0.026692708333333332 0.017578125
0 0.6705729166666666 0.597900390625 0.015625 0.0107421875
0 0.8186848958333334 0.366943359375 0.009765625 0.00732421875
0 0.7115885416666666 0.601806640625 0.012369791666666666 0.01025390625