0 0.7683068783068783 0.9103373015873015 0.03133597883597883 0.031039186507936467
0 0.7071593915343914 0.13236359126984126 0.03859457671957678 0.025585317460317447
0 0.44867394179894177 0.13172123015873016 0.017268518518518555 0.022244543650793647
0 0.7088161375661376 0.6023090277777778 0.03678240740740731 0.0286879960317461
0 0.4848214285714285 0.5096924603174603 0.02098214285714291 0.019610615079365123
0 0.5001984126984126 0.278234126984127 0.024821428571428623 0.0184002976190476
0 0.5290707671957672 0.6229241071428572 0.017867063492063462 0.019330357142857135
0 0.7335218253968253 0.06762152777777777 0.022513227513227523 0.017296626984126984
0 0.4293253968253968 0.4038268849206349 0.021114417989418044 0.013018353174603203
0 0.3040575396825397 0.3754489087301587 0.02157407407407404 0.018772321428571437
0 0.5096097883597883 0.5477504960317461 0.04721230158730153 0.04528025793650792
0 0.41676256613756607 0.30147569444444444 0.0513029100529101 0.0412723214285714
0 0.27791666666666665 0.4876289682539682 0.04085317460317461 0.04288442460317454
0 0.5373710317460317 0.7842410714285714 0.0308068783068783 0.018258928571428523
0 0.2991600529100529 0.2823735119047619 0.012708333333333321 0.01130208333333338
0 0.34950066137566144 0.5867435515873015 0.014761904761904828 0.0149131944444445
0 0.7730026455026454 0.06354910714285715 0.040684523809523775 0.026555059523809516
0 0.7706679894179893 0.19572916666666665 0.02201058201058211 0.018799603174603163
0 0.7541600529100528 0.2836582341269841 0.013005952380952479 0.009074900793650809
0 0.5520734126984127 0.3306845238095238 0.018339947089947017 0.013087797619047659
0 0.6506150793650792 0.32067708333333333 0.05068783068783075 0.04411458333333329
0 0.7238128306878306 0.3638194444444444 0.015006613756613755 0.013328373015872974
0 0.6839616402116402 0.2725272817460317 0.010671296296296262 0.008824404761904714
0 0.6220866402116402 0.2475297619047619 0.011388888888888893 0.008692956349206304
0 0.5814715608465607 0.1733234126984127 0.011610449735449743 0.009533730158730158
0 0.4912896825396826 0.21842261904761903 0.012384259259259197 0.006837797619047625
0 0.41607473544973544 0.21716517857142856 0.01780423280423286 0.015161210317460316
0 0.40614087301587304 0.16896329365079363 0.01032076719576717 0.008549107142857115
0 0.5239616402116402 0.12781994047619047 0.007519841269841325 0.009117063492063482
0 0.6137962962962963 0.11339781746031746 0.011977513227513281 0.007227182539682547
0 0.3309424603174603 0.3195486111111111 0.012083333333333298 0.008427579365079318
0 0.3234457671957672 0.28833581349206344 0.010965608465608456 0.007420634920634939
0 0.3589252645502646 0.598953373015873 0.01578703703703699 0.013772321428571432
0 0.41854828042328046 0.7558333333333332 0.018713624338624335 0.012891865079365017
0 0.446683201058201 0.8190848214285714 0.05121693121693127 0.036986607142857064
0 0.5483465608465609 0.9156671626984126 0.07106150793650794 0.03305307539682545
0 0.7527281746031745 0.8741443452380953 0.010803571428571542 0.007316468253968145
0 0.7612070105820106 0.8530580357142857 0.012172619047619015 0.00925347222222217
0 0.40824735449735444 0.5708804563492063 0.0232638888888889 0.021703869047619007
0 0.7249239417989418 0.43031994047619043 0.024884259259259228 0.0189732142857143
0 0.6711970899470899 0.6156349206349205 0.013432539682539732 0.009124503968253928
0 0.7234027777777778 0.6231423611111111 0.01140542328042334 0.009312996031745957
0 0.6044212962962963 0.662485119047619 0.012166005291005236 0.007792658730158664
0 0.6706911375661376 0.6443353174603175 0.01292328042328054 0.011783234126984121
0 0.48315476190476186 0.6860540674603174 0.00937830687830695 0.009312996031745957
0 0.4972222222222222 0.6807316468253968 0.010135582010581956 0.013494543650793611
0 0.2954695767195767 0.6765029761904762 0.010257936507936494 0.007222222222222241
0 0.5044146825396825 0.17141121031746032 0.013713624338624294 0.00965029761904762
0 0.5034821428571429 0.2134375 0.009818121693121759 0.008124999999999993
0 0.6462830687830687 0.25629216269841265 0.009649470899470844 0.010029761904761902
0 0.4161210317460317 0.45636904761904756 0.013548280423280415 0.010429067460317465
0 0.6695105820105819 0.48196676587301585 0.012493386243386103 0.008963293650793625
0 0.2353174603174603 0.44777281746031744 0.013330026455026456 0.008273809523809517
0 0.29012566137566137 0.4307093253968253 0.010800264550264579 0.006894841269841301