0 0.10286458333333333 0.27197265625 0.06315104166666667 0.03759765625
0 0.8684895833333334 0.266357421875 0.046223958333333336 0.02490234375
0 0.1943359375 0.342529296875 0.03125 0.01904296875
0 0.3297526041666667 0.623779296875 0.029947916666666668 0.01953125
0 0.7171223958333334 0.41748046875 0.029296875 0.017578125
0 0.2522786458333333 0.381591796875 0.026692708333333332 0.01953125
0 0.5511067708333334 0.410400390625 0.0390625 0.02294921875
0 0.2613932291666667 0.29248046875 0.0234375 0.013671875
0 0.6305338541666666 0.467041015625 0.057291666666666664 0.03076171875
0 0.6031901041666666 0.540771484375 0.033203125 0.0224609375
0 0.4111328125 0.551513671875 0.0390625 0.02392578125
0 0.6940104166666666 0.49755859375 0.020182291666666668 0.01513671875
0 0.7985026041666666 0.56689453125 0.033203125 0.02099609375
0 0.8570963541666666 0.421630859375 0.022135416666666668 0.0166015625
0 0.291015625 0.3388671875 0.018880208333333332 0.01611328125
0 0.6627604166666666 0.274658203125 0.048177083333333336 0.02880859375
0 0.572265625 0.295166015625 0.029296875 0.0185546875
0 0.3841145833333333 0.574462890625 0.022786458333333332 0.0185546875
0 0.39453125 0.29541015625 0.021484375 0.015625
0 0.1474609375 0.524169921875 0.0234375 0.01220703125
0 0.10709635416666667 0.424072265625 0.018880208333333332 0.01904296875
0 0.3053385416666667 0.296630859375 0.026041666666666668 0.0146484375
0 0.8717447916666666 0.538818359375 0.025390625 0.01708984375
0 0.4674479166666667 0.4833984375 0.064453125 0.03955078125
0 0.23404947916666666 0.57958984375 0.0234375 0.013671875
0 0.767578125 0.566650390625 0.032552083333333336 0.0263671875
0 0.8274739583333334 0.28271484375 0.021484375 0.0107421875
0 0.5725911458333334 0.358642578125 0.024739583333333332 0.01708984375
0 0.0546875 0.40576171875 0.027994791666666668 0.0185546875
0 0.6227213541666666 0.26904296875 0.026692708333333332 0.01806640625
0 0.3294270833333333 0.581298828125 0.025390625 0.01611328125
0 0.552734375 0.514404296875 0.018880208333333332 0.01220703125
0 0.50390625 0.52490234375 0.014973958333333334 0.01123046875
0 0.4700520833333333 0.533203125 0.028645833333333332 0.017578125
0 0.7115885416666666 0.304443359375 0.041015625 0.02734375
0 0.6614583333333334 0.404541015625 0.017578125 0.01904296875
0 0.5491536458333334 0.462158203125 0.037109375 0.02197265625
0 0.1943359375 0.27880859375 0.020182291666666668 0.01318359375
0 0.6149088541666666 0.31982421875 0.03515625 0.01708984375
0 0.8294270833333334 0.377197265625 0.021484375 0.009765625
0 0.7591145833333334 0.42333984375 0.015625 0.0126953125
0 0.6184895833333334 0.352294921875 0.026041666666666668 0.01416015625
0 0.5983072916666666 0.2685546875 0.01953125 0.01220703125
0 0.6800130208333334 0.457275390625 0.017578125 0.01513671875
0 0.10026041666666667 0.381591796875 0.017578125 0.0126953125
0 0.7893880208333334 0.418701171875 0.015625 0.0126953125
0 0.12760416666666666 0.499267578125 0.027994791666666668 0.02001953125
0 0.8756510416666666 0.355712890625 0.024739583333333332 0.02001953125
0 0.3577473958333333 0.275146484375 0.014322916666666666 0.00830078125
0 0.4059244791666667 0.571044921875 0.016927083333333332 0.00927734375
0 0.14127604166666666 0.408203125 0.021484375 0.00927734375
0 0.018229166666666668 0.4248046875 0.017578125 0.00927734375
0 0.4635416666666667 0.619140625 0.015625 0.01171875
0 0.0478515625 0.390380859375 0.024739583333333332 0.01220703125
0 0.0908203125 0.41455078125 0.013671875 0.013671875
0 0.359375 0.386962890625 0.016276041666666668 0.013671875
0 0.6858723958333334 0.4296875 0.012369791666666666 0.01123046875
0 0.8863932291666666 0.484619140625 0.014973958333333334 0.01318359375
0 0.8831380208333334 0.4248046875 0.012369791666666666 0.009765625
0 0.7350260416666666 0.406982421875 0.018229166666666668 0.0087890625
0 0.8509114583333334 0.445068359375 0.014973958333333334 0.0078125
0 0.5686848958333334 0.4541015625 0.017578125 0.015625
0 0.4837239583333333 0.537841796875 0.017578125 0.01513671875
0 0.4602864583333333 0.54296875 0.013671875 0.013671875
0 0.028971354166666668 0.494140625 0.022786458333333332 0.01611328125
0 0.3030598958333333 0.30908203125 0.024088541666666668 0.01416015625
0 0.4827473958333333 0.46435546875 0.020182291666666668 0.01513671875
0 0.4254557291666667 0.3125 0.01171875 0.00830078125
0 0.4143880208333333 0.316162109375 0.02734375 0.02587890625
0 0.396484375 0.323974609375 0.024739583333333332 0.017578125
0 0.4801432291666667 0.323486328125 0.022135416666666668 0.021484375
0 0.50390625 0.323486328125 0.029947916666666668 0.013671875
0 0.5807291666666666 0.381103515625 0.01953125 0.015625
0 0.8824869791666666 0.552734375 0.014322916666666666 0.00830078125
0 0.7278645833333334 0.40234375 0.014973958333333334 0.015625
0 0.6002604166666666 0.376708984375 0.014322916666666666 0.01123046875
0 0.595703125 0.36083984375 0.009114583333333334 0.01220703125
0 0.6917317708333334 0.507080078125 0.025390625 0.0107421875
0 0.4127604166666667 0.46044921875 0.013671875 0.00830078125
0 0.326171875 0.52734375 0.013020833333333334 0.01318359375