0 0.38955605158730156 0.6795469576719576 0.04160962301587301 0.02456679894179903
0 0.4004365079365079 0.7162070105820105 0.017559523809523858 0.020515873015873137
0 0.4082614087301587 0.733260582010582 0.020994543650793673 0.032242063492063565
0 0.4225768849206349 0.5891798941798941 0.01679563492063496 0.021970899470899436
0 0.5132366071428571 0.6581746031746031 0.0293923611111111 0.05409060846560839
0 0.5493105158730159 0.7900396825396824 0.017559523809523858 0.031779100529100525
0 0.3907018849206349 0.4713690476190476 0.012596726190476137 0.01946097883597882
0 0.3011855158730159 0.565300925925926 0.022140376984126964 0.016964285714285765
0 0.5015947420634921 0.3219742063492063 0.015270337301587222 0.026051587301587336
0 0.43798859126984124 0.7141931216931217 0.014114583333333375 0.02291005291005277
0 0.43286210317460316 0.5153009259259259 0.008544146825396837 0.01207341269841263
0 0.43212797619047616 0.4827480158730158 0.015128968253968256 0.018045634920634896
0 0.8671875 0.36783730158730155 0.02288938492063486 0.033326719576719586
0 0.6977529761904762 0.7408862433862433 0.014900793650793664 0.023700396825396968
0 0.4079588293650794 0.3264980158730159 0.010987103174603163 0.015707671957671938
0 0.4934077380952381 0.7376289682539682 0.0070386904761904345 0.012166005291005236
0 0.7001959325396825 0.34733134920634917 0.007123015873015781 0.016071428571428587
0 0.5771478174603174 0.38444113756613757 0.010369543650793567 0.014262566137566157
0 0.5161135912698412 0.3701157407407407 0.011961805555555483 0.017701719576719583
0 0.6625967261904762 0.5917956349206349 0.009675099206349236 0.01002645502645505
0 0.6699231150793651 0.6194675925925925 0.008576388888888786 0.01221560846560843
0 0.6538095238095237 0.7246097883597883 0.007842261904762005 0.013296957671957562
0 0.9072271825396825 0.5397123015873015 0.011825396825396739 0.014821428571428541
0 0.6513665674603174 0.42382936507936503 0.017440476190476284 0.022298280423280453
0 0.9428720238095237 0.5445965608465607 0.008216765873015897 0.014649470899470884
0 0.6020510912698411 0.3248710317460317 0.015014880952380905 0.013773148148148154
0 0.36767609126984124 0.3837896825396825 0.00881200396825399 0.010916005291005337
0 0.9057614087301588 0.43033730158730155 0.00927083333333334 0.009718915343915372
0 0.9384771825396825 0.4358730158730158 0.0112921626984126 0.020102513227513292
0 0.8916021825396825 0.764973544973545 0.006718750000000107 0.012900132275132314
0 0.5966790674603174 0.45996031746031746 0.017775297619047725 0.022989417989417966
0 0.2792981150793651 0.3987632275132274 0.00993303571428572 0.012552910052910113
0 0.69921875 0.5260416666666666 0.020798611111111143 0.02579695767195774
0 0.89453125 0.5722652116402116 0.017579365079364973 0.016071428571428587
0 0.3784176587301587 0.7916666666666666 0.01963789682539685 0.026388888888888868
0 0.6123040674603174 0.42805886243386243 0.009414682539682584 0.014374999999999952
0 0.7441418650793651 0.5572916666666666 0.01751736111111102 0.02943783068783068
0 0.22717261904761904 0.3146164021164021 0.019836309523809548 0.020955687830687797
0 0.6762698412698411 0.31868386243386243 0.021941964285714377 0.0318816137566138
0 0.7724603174603174 0.48046957671957674 0.010329861111111116 0.009497354497354523
0 0.7138665674603174 0.43033730158730155 0.02111855158730158 0.01933862433862436
0 0.8198239087301588 0.3831382275132275 0.011421130952380842 0.02178902116402111
0 0.7895510912698411 0.53125 0.017105654761904843 0.011891534391534453
0 0.7988293650793651 0.6155588624338625 0.015364583333333348 0.017771164021163965
0 0.8730481150793651 0.5986342592592592 0.02566468253968246 0.0341600529100529
0 0.4194345238095238 0.41569113756613757 0.022155257936507966 0.021038359788359735
0 0.5659176587301588 0.7903637566137566 0.03402777777777777 0.0408333333333332
0 0.6362301587301588 0.38183531746031746 0.018234126984127075 0.02325396825396823
0 0.6259771825396825 0.49544312169312166 0.02532986111111102 0.05444444444444437
0 0.4397718253968254 0.5359953703703703 0.009873511904761934 0.01373677248677252
0 0.4902083333333333 0.573912037037037 0.010731646825396846 0.01402116402116397
0 0.2612003968253968 0.6108300264550265 0.014595734126984117 0.012304894179894147
0 0.41390873015873014 0.6390178571428572 0.010086805555555522 0.012020502645502695
0 0.4668154761904762 0.6797949735449734 0.013306051587301582 0.019745370370370274
0 0.5335639880952381 0.6992559523809524 0.009873511904761934 0.015165343915343854
0 0.7832812499999999 0.7719411375661375 0.014809027777777706 0.02203373015873004
0 0.8460912698412698 0.733941798941799 0.00925347222222217 0.013220899470899402
0 0.8789980158730158 0.6824801587301588 0.01280009920634928 0.016593915343915338
0 0.7495362103174603 0.4593353174603174 0.010682043650793727 0.018197751322751365
0 0.7227306547619048 0.5494973544973545 0.007554563492063515 0.011292989417989396
0 0.6724875992063492 0.4699933862433862 0.013276289682539577 0.022582671957671902
0 0.23094494047619046 0.3446693121693121 0.009114583333333315 0.018369708994709022
0 0.6425892857142858 0.3157705026455026 0.011515376984126968 0.020859788359788373
0 0.9340624999999999 0.510595238095238 0.016512896825396917 0.026362433862433903
0 0.3809598214285714 0.6520039682539682 0.012889384920634961 0.01781084656084649
0 0.2887375992063492 0.5270833333333333 0.009702380952380962 0.01752645502645504
0 0.9119122023809523 0.6892162698412698 0.009702380952380851 0.02128306878306881
0 0.8201140873015872 0.7806613756613756 0.009412202380952417 0.0153406084656084