0 0.3704427083333333 0.1884765625 0.037760416666666664 0.0244140625
0 0.3971354166666667 0.2080078125 0.028645833333333332 0.0166015625
0 0.24153645833333334 0.261474609375 0.029296875 0.0185546875
0 0.375 0.283447265625 0.039713541666666664 0.03125
0 0.4475911458333333 0.306884765625 0.031901041666666664 0.021484375
0 0.4013671875 0.32373046875 0.03125 0.029296875
0 0.3551432291666667 0.31640625 0.024088541666666668 0.02001953125
0 0.2532552083333333 0.353759765625 0.02734375 0.017578125
0 0.283203125 0.33447265625 0.026692708333333332 0.0146484375
0 0.2952473958333333 0.35498046875 0.024739583333333332 0.017578125
0 0.353515625 0.36328125 0.024088541666666668 0.02001953125
0 0.5439453125 0.199462890625 0.01953125 0.02001953125
0 0.6940104166666666 0.28271484375 0.02734375 0.017578125
0 0.23307291666666666 0.389404296875 0.03125 0.02587890625
0 0.24967447916666666 0.4296875 0.038411458333333336 0.029296875
0 0.255859375 0.45458984375 0.027994791666666668 0.017578125
0 0.24446614583333334 0.48388671875 0.03515625 0.0224609375
0 0.2757161458333333 0.496826171875 0.044921875 0.033203125
0 0.3284505208333333 0.47802734375 0.039713541666666664 0.021484375
0 0.4186197916666667 0.507568359375 0.05078125 0.02734375
0 0.5439453125 0.565185546875 0.0546875 0.03662109375
0 0.625 0.562255859375 0.02734375 0.03076171875
0 0.638671875 0.47998046875 0.026692708333333332 0.01953125
0 0.6383463541666666 0.376220703125 0.021484375 0.02587890625
0 0.6536458333333334 0.52734375 0.020182291666666668 0.021484375
0 0.5641276041666666 0.673095703125 0.03125 0.02685546875
0 0.5709635416666666 0.69677734375 0.014973958333333334 0.01611328125
0 0.2610677083333333 0.6787109375 0.029296875 0.0341796875
0 0.22102864583333334 0.702392578125 0.018229166666666668 0.015625
0 0.41796875 0.72998046875 0.022786458333333332 0.02001953125
0 0.3971354166666667 0.7900390625 0.0234375 0.0263671875
0 0.2333984375 0.837890625 0.029296875 0.0244140625
0 0.4583333333333333 0.8798828125 0.053385416666666664 0.0361328125
0 0.6129557291666666 0.86279296875 0.033203125 0.037109375
0 0.7112630208333334 0.916015625 0.044921875 0.03564453125
0 0.7376302083333334 0.938720703125 0.029947916666666668 0.02197265625
0 0.21354166666666666 0.906005859375 0.029947916666666668 0.02392578125
0 0.2649739583333333 0.931640625 0.018229166666666668 0.01708984375
0 0.7177734375 0.78759765625 0.01953125 0.01806640625
0 0.341796875 0.731689453125 0.031901041666666664 0.02001953125
0 0.6207682291666666 0.204345703125 0.020182291666666668 0.017578125
0 0.24283854166666666 0.202880859375 0.01953125 0.0146484375
0 0.5315755208333334 0.395263671875 0.01953125 0.013671875
0 0.6969401041666666 0.42626953125 0.022135416666666668 0.01318359375
0 0.4934895833333333 0.918212890625 0.034505208333333336 0.0341796875
0 0.3876953125 0.844970703125 0.027994791666666668 0.02197265625
0 0.3583984375 0.813720703125 0.02734375 0.0126953125
0 0.23893229166666666 0.806396484375 0.024088541666666668 0.01171875
0 0.73828125 0.1982421875 0.044270833333333336 0.03173828125
0 0.658203125 0.252685546875 0.0234375 0.01611328125
0 0.4469401041666667 0.320068359375 0.018880208333333332 0.00732421875
0 0.4469401041666667 0.341796875 0.013020833333333334 0.00732421875
0 0.2825520833333333 0.382080078125 0.018880208333333332 0.015625
0 0.3004557291666667 0.382080078125 0.017578125 0.01953125
0 0.3541666666666667 0.4033203125 0.021484375 0.01025390625
0 0.3430989583333333 0.41748046875 0.018229166666666668 0.013671875
0 0.24739583333333334 0.407470703125 0.013020833333333334 0.00927734375
0 0.23307291666666666 0.53369140625 0.013020833333333334 0.013671875
0 0.2594401041666667 0.572509765625 0.020833333333333332 0.017578125
0 0.2620442708333333 0.628662109375 0.020833333333333332 0.01611328125
0 0.3639322916666667 0.627197265625 0.020833333333333332 0.0126953125
0 0.5257161458333334 0.6171875 0.020833333333333332 0.0126953125
0 0.490234375 0.5791015625 0.018880208333333332 0.0107421875
0 0.6354166666666666 0.5390625 0.013671875 0.0107421875
0 0.5777994791666666 0.538818359375 0.016927083333333332 0.0126953125
0 0.5543619791666666 0.463623046875 0.021484375 0.017578125
0 0.6136067708333334 0.339599609375 0.015625 0.01318359375
0 0.7242838541666666 0.341064453125 0.015625 0.01318359375
0 0.6946614583333334 0.35693359375 0.016276041666666668 0.01171875
0 0.7174479166666666 0.382568359375 0.014322916666666666 0.0126953125
0 0.7135416666666666 0.507080078125 0.01171875 0.01318359375
0 0.6865234375 0.550048828125 0.014322916666666666 0.0107421875
0 0.6907552083333334 0.577880859375 0.014973958333333334 0.0146484375
0 0.2542317708333333 0.75244140625 0.018229166666666668 0.013671875
0 0.2822265625 0.853515625 0.020182291666666668 0.013671875
0 0.3063151041666667 0.867431640625 0.026041666666666668 0.00830078125
0 0.2975260416666667 0.885009765625 0.017578125 0.02197265625
0 0.5250651041666666 0.9072265625 0.024088541666666668 0.0146484375
0 0.5208333333333334 0.85693359375 0.026692708333333332 0.01416015625
0 0.626953125 0.88671875 0.020182291666666668 0.01171875
0 0.6611328125 0.876708984375 0.016276041666666668 0.01611328125
0 0.7408854166666666 0.8857421875 0.015625 0.0224609375
0 0.6790364583333334 0.7685546875 0.013020833333333334 0.0107421875
0 0.7125651041666666 0.76171875 0.013020833333333334 0.01416015625
0 0.7220052083333334 0.2724609375 0.020182291666666668 0.01611328125
0 0.7158203125 0.2216796875 0.011067708333333334 0.0087890625
0 0.6891276041666666 0.2958984375 0.012369791666666666 0.00732421875
0 0.6637369791666666 0.39501953125 0.013020833333333334 0.0107421875
0 0.4069010416666667 0.191650390625 0.016927083333333332 0.01123046875
0 0.4541015625 0.211669921875 0.013020833333333334 0.009765625
0 0.4514973958333333 0.783203125 0.016927083333333332 0.01416015625
0 0.19368489583333334 0.974853515625 0.0234375 0.013671875
0 0.18717447916666666 0.833251953125 0.022786458333333332 0.01513671875
0 0.6985677083333334 0.968505859375 0.014322916666666666 0.01806640625
0 0.6321614583333334 0.853271484375 0.026692708333333332 0.05078125
0 0.6507161458333334 0.857177734375 0.020833333333333332 0.015625
0 0.4459635416666667 0.801025390625 0.020833333333333332 0.017578125
0 0.6979166666666666 0.642822265625 0.022135416666666668 0.013671875
0 0.6852213541666666 0.63720703125 0.018229166666666668 0.0126953125
0 0.7259114583333334 0.56298828125 0.016276041666666668 0.0205078125