0 0.44772817460317454 0.07533978174603173 0.032824074074074026 0.03089285714285714
0 0.7705059523809524 0.337609126984127 0.0295734126984127 0.019608134920634956
0 0.60619708994709 0.1803224206349206 0.033458994708994716 0.021371527777777788
0 0.043009259259259254 0.48331349206349206 0.027933201058201056 0.028263888888888866
0 0.3797420634920634 0.7034846230158729 0.03220568783068778 0.030553075396825502
0 0.5640542328042327 0.3182862103174603 0.028247354497354493 0.026944444444444438
0 0.3216898148148148 0.21904017857142855 0.01889550264550266 0.020200892857142883
0 0.9592791005291005 0.7712921626984126 0.027516534391534304 0.02797371031746021
0 0.8622585978835978 0.7759275793650793 0.016891534391534496 0.0206622023809524
0 0.684017857142857 0.23612351190476188 0.01990410052910067 0.014365079365079358
0 0.11161044973544972 0.8656622023809523 0.05205026455026455 0.05477678571428579
0 0.455515873015873 0.826125992063492 0.043842592592592634 0.040220734126984015
0 0.7257043650793652 0.16398561507936507 0.04495370370370377 0.030486111111111103
0 0.740459656084656 0.2608878968253968 0.04458664021164024 0.04538690476190477
0 0.5833333333333334 0.47374751984126984 0.03794312169312164 0.027693452380952333
0 0.7847817460317459 0.5868576388888889 0.05768518518518532 0.03779265873015869
0 0.6457671957671957 0.8408655753968253 0.06718253968253969 0.03542906746031749
0 0.1844808201058201 0.27261160714285715 0.04662698412698411 0.030233134920634952
0 0.49611441798941797 0.3016964285714286 0.047695105820105756 0.04189484126984122
0 0.37650132275132275 0.008950892857142855 0.022083333333333382 0.014662698412698412
0 0.4012797619047619 0.5262053571428571 0.016610449735449784 0.01348710317460311
0 0.6119378306878306 0.7600967261904762 0.05587962962962963 0.05751488095238089
0 0.8964351851851852 0.37447668650793653 0.02550925925925925 0.016867559523809472
0 0.11790343915343915 0.7579613095238095 0.024236111111111125 0.01965277777777774
0 0.7751587301587302 0.08671130952380952 0.08915674603174602 0.07473958333333333
0 0.8167063492063491 0.4152157738095238 0.01904431216931209 0.01826884920634919
0 0.9114914021164021 0.38209573412698405 0.023373015873015806 0.013053075396825431
0 0.7043948412698412 0.5645362103174603 0.022073412698412714 0.011778273809523787
0 0.2613359788359788 0.41896577380952377 0.03586970899470902 0.02509920634920637
0 0.14559854497354496 0.2661706349206349 0.044553571428571415 0.0221527777777778
0 0.2603637566137566 0.24871031746031744 0.027447089947089925 0.014084821428571426
0 0.4340046296296296 0.1672519841269841 0.03023478835978836 0.021232638888888877
0 0.23673611111111112 0.035895337301587296 0.025697751322751355 0.03999007936507937
0 0.8424603174603175 0.01011656746031746 0.02427910052910054 0.01861359126984127
0 0.7112169312169311 0.4558655753968254 0.02383597883597884 0.0144940476190476
0 0.5857738095238095 0.5891517857142857 0.020816798941798886 0.024250992063492127
0 0.4752645502645503 0.7398040674603173 0.04163690476190481 0.030562996031745948
0 0.37848544973544973 0.7236929563492063 0.026134259259259274 0.024250992063492127