0 0.4819775132275132 0.49801587301587297 0.034060846560846514 0.03472222222222221
0 0.5613425925925926 0.7028769841269841 0.053240740740740776 0.048115079365079305
0 0.6192129629629629 0.7978670634920635 0.02414021164021163 0.020337301587301626
0 0.5314153439153438 0.759796626984127 0.04960317460317457 0.03298611111111116
0 0.44477513227513227 0.5224454365079365 0.01984126984126977 0.020585317460317443
0 0.4485780423280423 0.7223462301587301 0.02347883597883597 0.020585317460317443
0 0.5628306878306878 0.562375992063492 0.0443121693121693 0.03893849206349209
0 0.4151785714285714 0.5868055555555555 0.047288359788359845 0.0367063492063493
0 0.3723544973544974 0.4239831349206349 0.023148148148148213 0.0200892857142857
0 0.5474537037037036 0.9141865079365079 0.0327380952380952 0.034226190476190466
0 0.2508267195767196 0.5923859126984127 0.027447089947089925 0.02008928571428581
0 0.6820436507936507 0.7173859126984127 0.01752645502645489 0.01909722222222232
0 0.6284722222222222 0.9144345238095237 0.026785714285714263 0.01835317460317465
0 0.40922619047619047 0.6858878968253967 0.02347883597883597 0.022073412698412787
0 0.42658730158730157 0.40141369047619047 0.019179894179894113 0.017113095238095233
0 0.31382275132275134 0.34610615079365076 0.056216931216931165 0.03844246031746035
0 0.3609457671957672 0.47817460317460314 0.02281746031746031 0.016865079365079416
0 0.6564153439153438 0.23759920634920634 0.023148148148148213 0.016369047619047616
0 0.4088955026455026 0.4596974206349206 0.016865079365079378 0.015128968253968256
0 0.2523148148148148 0.4005456349206349 0.022486772486772482 0.017857142857142905
0 0.4809854497354497 0.540798611111111 0.043981481481481545 0.03645833333333326
0 0.24570105820105817 0.44258432539682535 0.03505291005291008 0.030505952380952328
0 0.6784060846560847 0.43737599206349204 0.01554232804232806 0.017113095238095233
0 0.24338624338624337 0.8504464285714285 0.02314814814814814 0.022817460317460236
0 0.5433201058201058 0.8661954365079365 0.024470899470899532 0.016121031746031633
0 0.5952380952380952 0.7622767857142857 0.023148148148148213 0.020585317460317443
0 0.4376653439153439 0.7798859126984127 0.040013227513227445 0.02604166666666674
0 0.4411375661375661 0.6908482142857143 0.01388888888888884 0.010168650793650702
0 0.38310185185185186 0.7161458333333333 0.02347883597883597 0.020585317460317443
0 0.6446759259259259 0.5364583333333333 0.01752645502645504 0.015376984126984183
0 0.6610449735449735 0.34697420634920634 0.024470899470899532 0.02083333333333337
0 0.39732142857142855 0.6236359126984127 0.07638888888888884 0.049851190476190466
0 0.41451719576719576 0.2550843253968254 0.04332010582010589 0.035962301587301626
0 0.6613756613756614 0.626736111111111 0.017195767195767136 0.01835317460317465
0 0.2157738095238095 0.923735119047619 0.04530423280423279 0.02951388888888884
0 0.24669312169312166 0.3334573412698413 0.019179894179894186 0.013144841269841279
0 0.26537698412698413 0.30865575396825395 0.019510582010582016 0.013640873015873023
0 0.5388558201058201 0.20808531746031744 0.02281746031746031 0.021825396825396803
0 0.6795634920634921 0.7486359126984127 0.01851851851851845 0.018105158730158832
0 0.42956349206349204 0.884796626984127 0.01322751322751318 0.016121031746031633
0 0.24834656084656082 0.23821924603174602 0.025793650793650775 0.016121031746031744
0 0.28984788359788355 0.8473462301587301 0.02347883597883597 0.015625
0 0.24206349206349206 0.5088045634920635 0.02314814814814814 0.018105158730158832
0 0.4796626984126984 0.7306547619047619 0.01554232804232806 0.015376984126984183
0 0.515542328042328 0.8578869047619048 0.019179894179894113 0.011904761904761862
0 0.31663359788359785 0.5394345238095237 0.029431216931216902 0.02430555555555558
0 0.6792328042328042 0.8489583333333333 0.013888888888888987 0.015873015873015817
0 0.35714285714285715 0.31299603174603174 0.04100529100529101 0.0401785714285714
0 0.337797619047619 0.5830853174603174 0.024801587301587286 0.02430555555555558
0 0.3890542328042328 0.9450644841269841 0.014219576719576743 0.011656746031746046
0 0.2845568783068783 0.5704365079365079 0.012235449735449766 0.009424603174603252
0 0.3116732804232804 0.8940972222222222 0.012896825396825426 0.02430555555555558
0 0.31994047619047616 0.7873263888888888 0.014219576719576743 0.015625
0 0.4249338624338624 0.9202628968253967 0.01388888888888884 0.010168650793650702
0 0.2693452380952381 0.7896825396825397 0.02215608465608465 0.018849206349206282
0 0.2696759259259259 0.7681051587301587 0.016865079365079378 0.012400793650793718
0 0.2640542328042328 0.6638144841269841 0.014880952380952403 0.009176587301587213
0 0.6000330687830687 0.40513392857142855 0.028108465608465583 0.031001984126984072
0 0.701223544973545 0.9166666666666666 0.011574074074074106 0.01388888888888884
0 0.32407407407407407 0.947296626984127 0.013227513227513255 0.010168650793650702
0 0.27397486772486773 0.6006944444444444 0.011574074074074106 0.01140873015873023
0 0.26818783068783064 0.19419642857142855 0.019841269841269844 0.01438492063492064
0 0.6789021164021164 0.6722470238095237 0.013888888888888987 0.011656746031746046
0 0.3716931216931217 0.939236111111111 0.016534391534391474 0.01835317460317465
0 0.30456349206349204 0.3767361111111111 0.02447089947089946 0.015873015873015928
0 0.6298710317460318 0.294734623015873 0.014070767195767164 0.010597718253968269
0 0.2746362433862434 0.3251488095238095 0.010912698412698374 0.009920634920634885
0 0.3187830687830688 0.6375248015873015 0.010582010582010545 0.011656746031746046
0 0.3958333333333333 0.8916170634920635 0.01851851851851845 0.01041666666666674
0 0.2266865079365079 0.5713045634920635 0.011574074074074106 0.011656746031746046
0 0.6529431216931216 0.558407738095238 0.01752645502645504 0.009176587301587213
0 0.6228505291005291 0.22544642857142855 0.014880952380952403 0.012896825396825407
0 0.5046164021164021 0.2650818452380952 0.040873015873015874 0.025245535714285672
0 0.6210780423280423 0.2774801587301587 0.010519179894179942 0.012624007936507975
0 0.4443584656084656 0.32233630952380954 0.012321428571428594 0.010369543650793678
0 0.25471230158730157 0.32053323412698415 0.01592923280423279 0.011269841269841319
0 0.39912698412698416 0.37102430555555554 0.017430555555555543 0.010369543650793678
0 0.38620370370370377 0.2966393849206349 0.010218253968253896 0.00946676587301587
0 0.4889880952380952 0.3785763888888889 0.013826058201058236 0.009241071428571446
0 0.23472552910052905 0.47268353174603167 0.01623015873015876 0.009918154761904718
0 0.6790839947089947 0.5470684523809524 0.015929232804232935 0.014427083333333313
0 0.5478968253968254 0.5874181547619047 0.02705026455026453 0.013975694444444464
0 0.5194940476190476 0.5364756944444444 0.05560185185185181 0.02795138888888893
0 0.5530059523809524 0.37970238095238096 0.015026455026455091 0.012847222222222232
0 0.555109126984127 0.39999007936507935 0.010820105820105841 0.007889384920634956
0 0.5702876984126983 0.22586061507936506 0.01112103174603174 0.011269841269841263
0 0.44390873015873017 0.498720238095238 0.018634259259259284 0.008792162698412653
0 0.34006944444444437 0.625625 0.01532738095238099 0.01329861111111108
0 0.35945436507936507 0.6306969246031745 0.024044312169312132 0.015778769841269913
0 0.48914021164021165 0.7732688492063492 0.054398148148148216 0.04260168650793661
0 0.45683201058201056 0.7582787698412699 0.012020502645502695 0.011721230158730167
0 0.27890873015873013 0.8066294642857142 0.03907076719576722 0.024119543650793718
0 0.22796296296296295 0.7977256944444444 0.022539682539682564 0.015778769841269913
0 0.21879629629629627 0.8038120039682539 0.01683201058201056 0.01081845238095247
0 0.237281746031746 0.7831870039682539 0.018333333333333313 0.017807539682539675
0 0.28191137566137564 0.7470089285714285 0.012622354497354493 0.01803323412698421
0 0.23006944444444444 0.9007366071428571 0.013525132275132265 0.00856646825396834
0 0.6581977513227514 0.9388318452380952 0.011421957671957639 0.013975694444444464
0 0.6559424603174603 0.7618849206349206 0.00871693121693129 0.011269841269841319
0 0.5835119047619047 0.7852157738095237 0.01592923280423279 0.017807539682539675
0 0.5537566137566138 0.7955828373015873 0.017129629629629644 0.016455853174603075
0 0.6140178571428571 0.7188318452380952 0.01562830687830689 0.013072916666666767
0 0.3914616402116402 0.5830233134920635 0.011722883597883538 0.008792162698412653
0 0.5710383597883597 0.4334623015873016 0.012020502645502695 0.01081845238095236
0 0.5333201058201058 0.2250719246031746 0.012923280423280392 0.010143849206349198
0 0.31407076719576715 0.284015376984127 0.012622354497354493 0.009918154761904718
0 0.32804563492063493 0.4451835317460317 0.024345238095238104 0.01623015873015876
0 0.39566798941798936 0.7434027777777777 0.010519179894179942 0.013524305555555616
0 0.6128141534391535 0.8812400793650793 0.010218253968253896 0.01239831349206355
0 0.5872685185185186 0.7241294642857142 0.007814153439153445 0.011044146825396783
0 0.5453406084656084 0.33552331349206344 0.01112103174603174 0.010143849206349254
0 0.31362103174603173 0.48350446428571425 0.014725529100529119 0.013524305555555505