0 0.2883300264550264 0.7299950396825396 0.03709325396825395 0.03798115079365072
0 0.4799272486772486 0.6370362103174604 0.02636574074074079 0.030535714285714333
0 0.4057109788359788 0.6956175595238094 0.03138888888888891 0.029895833333333233
0 0.41885582010582006 0.9274603174603174 0.01759259259259253 0.009878472222222268
0 0.5055820105820106 0.933844246031746 0.0168584656084656 0.012088293650793558
0 0.2542857142857143 0.34622767857142855 0.02000330687830691 0.013955853174603128
0 0.23302579365079365 0.5975992063492063 0.02070436507936509 0.01524057539682544
0 0.2215343915343915 0.8145461309523809 0.019642857142857146 0.018509424603174507
0 0.2836210317460317 0.242906746031746 0.014553571428571463 0.018692956349206313
0 0.3323313492063492 0.2444816468253968 0.009606481481481502 0.011336805555555607
0 0.27003306878306876 0.61796875 0.0327281746031746 0.03140376984126991
0 0.38645502645502644 0.671688988095238 0.0192625661375662 0.02489583333333334
0 0.24586309523809524 0.7444419642857143 0.01565476190476193 0.015625
0 0.6236507936507937 0.932782738095238 0.018002645502645482 0.013655753968254025
0 0.4190178571428571 0.26131200396825394 0.024246031746031793 0.01272569444444449
0 0.5638789682539682 0.9019990079365079 0.012969576719576695 0.015500992063492092
0 0.5938988095238095 0.9173487103174602 0.012050264550264552 0.013794642857142936
0 0.6308333333333334 0.7739186507936507 0.024503968253968278 0.01372519841269848
0 0.2641435185185185 0.8999851190476189 0.013687169312169326 0.012016369047619158
0 0.5634986772486772 0.7180679563492063 0.017748015873015888 0.01659970238095232
0 0.46529100529100526 0.7973387896825396 0.015294312169312096 0.015220734126984103
0 0.21053571428571427 0.8514136904761904 0.023548280423280426 0.012008928571428656
0 0.25765873015873014 0.2821180555555555 0.009659391534391512 0.010877976190476146
0 0.38606150793650795 0.9341914682539681 0.005965608465608489 0.010029761904762013
0 0.5131117724867725 0.42897569444444444 0.021984126984126995 0.017986111111111147
0 0.6023445767195766 0.48012648809523806 0.028396164021164072 0.01924355158730162
0 0.3248710317460317 0.5589360119047619 0.012040343915343884 0.01741071428571428
0 0.31896825396825396 0.5303100198412698 0.013964947089947074 0.015691964285714288
0 0.3550859788359788 0.24050595238095238 0.00813492063492068 0.00675595238095239
0 0.42218253968253966 0.22240575396825396 0.010664682539682483 0.010364583333333344
0 0.4541269841269841 0.23658730158730157 0.014421296296296257 0.0159077380952381
0 0.4621957671957672 0.8284722222222222 0.023389550264550252 0.019970238095238013
0 0.6171263227513227 0.4958085317460317 0.037384259259259256 0.013149801587301502
0 0.6641335978835978 0.5092460317460318 0.011729497354497317 0.008685515873015914
0 0.5802645502645503 0.45302827380952376 0.012969576719576695 0.012465277777777728
0 0.6492724867724867 0.31360119047619045 0.01713624338624342 0.01137400793650789
0 0.6594047619047618 0.3244518849206349 0.014927248677248706 0.009030257936507913
0 0.5080291005291006 0.31380952380952376 0.007000661375661317 0.0051612103174603075
0 0.5317989417989418 0.26646825396825397 0.023217592592592595 0.01910466269841271
0 0.618313492063492 0.26564236111111106 0.014927248677248706 0.00971230158730163
0 0.40115410052910044 0.25451636904761904 0.01658399470899467 0.01620535714285709
0 0.4071428571428571 0.2417956349206349 0.01676917989417988 0.01094494047619049
0 0.47329365079365077 0.22776785714285713 0.015661375661375636 0.008591269841269844
0 0.45597222222222217 0.22521081349206346 0.010502645502645494 0.007068452380952384
0 0.5014880952380952 0.22852926587301584 0.010135582010581956 0.011220238095238089
0 0.5730753968253968 0.5141989087301587 0.013634259259259244 0.013998015873015968
0 0.6322255291005291 0.559672619047619 0.013634259259259244 0.010967261904761827
0 0.544239417989418 0.5384523809523809 0.02414021164021163 0.010815972222222303
0 0.5547420634920635 0.5519990079365079 0.016398809523809454 0.012760416666666607
0 0.5581514550264549 0.575500992063492 0.011792328042328068 0.008072916666666652
0 0.6386772486772486 0.5716939484126984 0.01068783068783071 0.007095734126984166
0 0.6624470899470899 0.5551041666666666 0.008475529100529103 0.005151289682539639
0 0.6851124338624338 0.6620758928571427 0.011054894179894248 0.00902529761904769
0 0.6833597883597884 0.6746552579365079 0.0127149470899471 0.009585813492063444
0 0.687228835978836 0.7289732142857142 0.01676917989417988 0.013737599206349316
0 0.6195105820105821 0.7999999999999999 0.01547949735449731 0.01123511904761898
0 0.5601785714285714 0.8071205357142857 0.012900132275132314 0.014419642857142811
0 0.6428207671957672 0.8854811507936508 0.014927248677248706 0.009997519841269842
0 0.6428207671957672 0.917408234126984 0.020085978835978846 0.01027777777777783
0 0.4330324074074074 0.9290848214285714 0.014004629629629672 0.00903273809523819
0 0.24674272486772486 0.9007738095238095 0.015360449735449736 0.009382440476190412
0 0.24014880952380954 0.8827430555555554 0.010843253968253993 0.0066617063492062645
0 0.2324669312169312 0.8784722222222222 0.014275793650793641 0.01275793650793644
0 0.3919609788359788 0.7484102182539683 0.011686507936507903 0.012564484126984077
0 0.35749999999999993 0.7498412698412699 0.01287698412698409 0.013638392857142856
0 0.3439054232804233 0.7454563492063492 0.01287698412698409 0.00665674603174593
0 0.32947751322751323 0.7388392857142857 0.012162698412698422 0.007018849206349209
0 0.3960152116402116 0.718531746031746 0.01693452380952376 0.008258928571428514
0 0.3663227513227513 0.7059201388888888 0.01669312169312172 0.008077876984126986
0 0.24994047619047619 0.6951041666666666 0.0176488095238095 0.009340277777777795
0 0.19675595238095236 0.6966269841269841 0.009064153439153419 0.01345486111111116
0 0.43131283068783066 0.6255208333333333 0.014546957671957609 0.012552083333333242
0 0.3065806878306878 0.629905753968254 0.00930224867724864 0.009161706349206433
0 0.4043287037037037 0.561515376984127 0.015727513227513274 0.013435019841269824
0 0.42762566137566144 0.5710565476190476 0.010677910052910041 0.00659970238095231
0 0.3075396825396825 0.5173239087301587 0.012814153439153412 0.012423115079365
0 0.308125 0.5082911706349206 0.010873015873015849 0.006882440476190466
0 0.3556911375661375 0.4934350198412698 0.02019179894179901 0.006582341269841252
0 0.4317030423280423 0.4825173611111111 0.031646825396825395 0.01095734126984127
0 0.4237433862433862 0.45011408730158725 0.013396164021163948 0.009642857142857175
0 0.481114417989418 0.4500421626984127 0.02485119047619048 0.015905257936507988
0 0.3654960317460317 0.44727926587301586 0.017668650793650837 0.008923611111111063
0 0.3254993386243386 0.42485367063492063 0.0192228835978836 0.010376984126984179
0 0.39859788359788356 0.4224503968253968 0.01708664021164023 0.00964781746031751
0 0.4099140211640211 0.3535987103174603 0.016405423280423232 0.018504464285714284
0 0.3568948412698412 0.3424627976190476 0.009570105820105793 0.008831845238095215
0 0.3717361111111111 0.3177752976190476 0.008396164021164054 0.008670634920634912
0 0.4518055555555555 0.3508878968253968 0.015426587301587228 0.005466269841269855
0 0.46147156084656077 0.37564980158730155 0.01367063492063488 0.01134176587301583
0 0.29767195767195764 0.5932886904761904 0.011402116402116377 0.014399801587301697
0 0.32990079365079367 0.9114707341269841 0.011071428571428546 0.011354166666666776
0 0.3617493386243386 0.917750496031746 0.006871693121693075 0.0082390873015874
0 0.3553042328042328 0.9158531746031745 0.013528439153439079 0.013593750000000071
0 0.41723214285714283 0.9750768849206349 0.0064847883597883476 0.004809027777777697
0 0.6231977513227512 0.9473536706349206 0.010641534391534405 0.009722222222222188
0 0.6403009259259259 0.8112499999999999 0.011395502645502672 0.008437500000000098
0 0.6843220899470898 0.6889360119047618 0.007483465608465541 0.008732638888888866
0 0.5561342592592592 0.6624950396825396 0.012668650793650796 0.007175099206349289
0 0.5677149470899471 0.5444246031746032 0.008349867724867751 0.006468253968253901
0 0.4588921957671958 0.5644370039682539 0.014057539682539607 0.011929563492063533
0 0.45741402116402113 0.3161706349206349 0.01533068783068788 0.01149801587301591
0 0.44641534391534393 0.2680034722222222 0.005800264550264611 0.005193452380952368
0 0.5291071428571429 0.39875744047619044 0.01221230158730154 0.010766369047619073
0 0.4349404761904762 0.4724355158730158 0.011140873015873076 0.009320436507936458
0 0.5456051587301587 0.6421279761904761 0.013925264550264623 0.008998015873015852
0 0.3043452380952381 0.6845560515873016 0.01810185185185187 0.013576388888888902
0 0.2049239417989418 0.7146056547619047 0.01098214285714283 0.008236607142857233
0 0.2756117724867725 0.5975843253968254 0.014371693121693138 0.010496031746031642
0 0.40127314814814813 0.2863045634920635 0.014411375661375589 0.01166170634920638