0 0.4397786458333333 0.384521484375 0.029947916666666668 0.01806640625
0 0.4095052083333333 0.337890625 0.024739583333333332 0.01513671875
0 0.8206380208333334 0.583740234375 0.044270833333333336 0.02685546875
0 0.5556640625 0.479248046875 0.037760416666666664 0.03466796875
0 0.24934895833333334 0.302490234375 0.0234375 0.0146484375
0 0.7584635416666666 0.635498046875 0.035807291666666664 0.0205078125
0 0.3580729166666667 0.313232421875 0.026041666666666668 0.013671875
0 0.8743489583333334 0.31689453125 0.026041666666666668 0.02099609375
0 0.5869140625 0.419677734375 0.020182291666666668 0.0126953125
0 0.1201171875 0.347412109375 0.036458333333333336 0.0283203125
0 0.3095703125 0.41015625 0.017578125 0.01123046875
0 0.6998697916666666 0.34619140625 0.022135416666666668 0.01708984375
0 0.6207682291666666 0.287109375 0.017578125 0.0146484375
0 0.9430338541666666 0.30126953125 0.033854166666666664 0.02001953125
0 0.3115234375 0.4599609375 0.022135416666666668 0.01416015625
0 0.8746744791666666 0.536376953125 0.017578125 0.01025390625
0 0.17122395833333334 0.2783203125 0.018880208333333332 0.01806640625
0 0.6402994791666666 0.309326171875 0.016276041666666668 0.01123046875
0 0.2708333333333333 0.313232421875 0.014973958333333334 0.01025390625
0 0.1181640625 0.28271484375 0.014322916666666666 0.0087890625
0 0.4117838541666667 0.4638671875 0.031901041666666664 0.015625
0 0.5608723958333334 0.298583984375 0.013020833333333334 0.0107421875
0 0.3792317708333333 0.366943359375 0.013671875 0.01025390625
0 0.9222005208333334 0.3779296875 0.014322916666666666 0.009765625
0 0.4264322916666667 0.61328125 0.014973958333333334 0.01513671875
0 0.5677083333333334 0.45703125 0.0234375 0.009765625
0 0.12109375 0.550048828125 0.013020833333333334 0.0078125
0 0.20377604166666666 0.635009765625 0.010416666666666666 0.00634765625
0 0.9306640625 0.279541015625 0.017578125 0.0107421875
0 0.326171875 0.275146484375 0.012369791666666666 0.01220703125
0 0.14095052083333334 0.293701171875 0.013020833333333334 0.01025390625
0 0.3854166666666667 0.594970703125 0.017578125 0.021484375
0 0.9039713541666666 0.377685546875 0.020182291666666668 0.02001953125
0 0.22819010416666666 0.3701171875 0.014973958333333334 0.0087890625
0 0.19140625 0.434326171875 0.025390625 0.00927734375
0 0.10221354166666667 0.29931640625 0.015625 0.00830078125
0 0.2705078125 0.49365234375 0.011067708333333334 0.01123046875
0 0.1611328125 0.643310546875 0.016927083333333332 0.0126953125
0 0.21061197916666666 0.60400390625 0.01171875 0.00732421875
0 0.21744791666666666 0.637939453125 0.012369791666666666 0.00634765625
0 0.6048177083333334 0.311279296875 0.01171875 0.01171875