0 0.3282564484126984 0.4448511904761905 0.040302579365079305 0.041881613756613735
0 0.2794791666666666 0.7044212962962964 0.018772321428571437 0.02203373015873004
0 0.43745039682539677 0.6349140211640211 0.02039186507936508 0.029606481481481445
0 0.6533903769841269 0.3506712962962963 0.01528025793650789 0.01565145502645497
0 0.9256622023809523 0.5733399470899471 0.013923611111111178 0.01880952380952383
0 0.4991691468253968 0.6356613756613756 0.0255009920634921 0.03782738095238095
0 0.952063492063492 0.36315806878306883 0.054970238095238155 0.058541666666666714
0 0.5239781746031745 0.4706183862433862 0.015582837301587382 0.01838293650793658
0 0.3878645833333333 0.7396031746031745 0.01180059523809529 0.01789021164021154
0 0.9857043650793651 0.33642526455026456 0.015128968253968145 0.01868386243386248
0 0.8412003968253967 0.7214285714285714 0.012966269841269806 0.013072089947089971
0 0.5949578373015872 0.508720238095238 0.010131448412698418 0.01750000000000007
0 0.531187996031746 0.38239417989417984 0.015344742063492012 0.0265046296296297
0 0.25895089285714284 0.46458994708994705 0.012085813492063502 0.016951058201058206
0 0.7277852182539681 0.4088723544973545 0.013509424603174613 0.01446097883597878
0 0.6781919642857142 0.6782671957671957 0.029216269841269904 0.03462962962962971
0 0.6948759920634919 0.6843948412698412 0.016135912698412636 0.022916666666666547
0 0.5927157738095238 0.3843121693121693 0.00922123015873022 0.013872354497354541
0 0.2786904761904762 0.3576521164021164 0.011817956349206349 0.012337962962962893
0 0.9005431547619046 0.34808201058201055 0.010193452380952372 0.013101851851851828
0 0.6987152777777776 0.3381679894179894 0.010979662698412662 0.014785052910052906
0 0.265843253968254 0.44605820105820104 0.009097222222222201 0.020072751322751287
0 0.27619047619047615 0.39656415343915347 0.0105803571428571 0.015287698412698466
0 0.2518923611111111 0.39459656084656086 0.009471726190476204 0.012658730158730128
0 0.3411235119047619 0.35833002645502643 0.009893353174603159 0.014444444444444482
0 0.3270039682539682 0.3841170634920634 0.007914186507936516 0.011822089947089923
0 0.41280257936507936 0.4248875661375661 0.014749503968253919 0.014695767195767187
0 0.48834821428571423 0.3766765873015872 0.023742559523809548 0.034355158730158784
0 0.46955109126984124 0.3719973544973545 0.012051091269841274 0.024517195767195837
0 0.4757564484126984 0.42057539682539674 0.00971230158730163 0.014708994708994746
0 0.5355877976190475 0.41922288359788357 0.010059523809523796 0.018763227513227527
0 0.6208457341269841 0.36836640211640215 0.012519841269841292 0.021921296296296244
0 0.7138715277777777 0.39200396825396827 0.00952380952380949 0.01840608465608466
0 0.6618477182539683 0.41599206349206347 0.008816964285714324 0.01277447089947096
0 0.7115773809523809 0.4508002645502645 0.013754960317460263 0.02172288359788362
0 0.7547842261904761 0.3676686507936508 0.007760416666666714 0.007357804232804188
0 0.7310639880952381 0.32109788359788355 0.013226686507936458 0.014854497354497362
0 0.9031845238095237 0.3229761904761905 0.010052083333333295 0.0214285714285715
0 0.9183506944444444 0.316739417989418 0.008993055555555518 0.00801917989417992
0 0.8867832341269841 0.40998346560846555 0.008993055555555518 0.013452380952380919
0 0.9165873015873015 0.4240873015873016 0.010404265873015905 0.01344246031746025
0 0.99109375 0.411031746031746 0.0105803571428571 0.015079365079365026
0 0.9639360119047619 0.5329563492063493 0.010935019841269877 0.011564153439153438
0 0.9195833333333333 0.5407175925925926 0.013226686507936458 0.019093915343915285
0 0.8554811507936508 0.6178472222222221 0.012698412698412653 0.020515873015872987
0 0.8084821428571428 0.6299603174603174 0.01287450396825407 0.016524470899470955
0 0.8143030753968253 0.6054960317460317 0.012519841269841292 0.014626322751322807
0 0.8321130952380952 0.5617493386243386 0.010052083333333295 0.021656746031745982
0 0.807688492063492 0.5570436507936508 0.010935019841269877 0.012245370370370434
0 0.9695808531746031 0.6700462962962962 0.012343750000000098 0.01721891534391536
0 0.7923462301587301 0.6952050264550266 0.013754960317460263 0.03697089947089941
0 0.8034573412698413 0.7541203703703703 0.010935019841269877 0.012311507936508074
0 0.7033779761904762 0.7320105820105819 0.012167658730158681 0.013237433862433848
0 0.7061979166666666 0.7160185185185184 0.009699900793650684 0.015578703703703844
0 0.7463194444444443 0.6699272486772486 0.00952380952380949 0.01745039682539673
0 0.7821180555555555 0.6586342592592592 0.014107142857142874 0.012741402116402067
0 0.7874975198412698 0.6440509259259258 0.008288690476190519 0.013201058201058213
0 0.6332787698412699 0.7279001322751323 0.010935019841269877 0.021474867724867803
0 0.5379588293650793 0.7150727513227513 0.011111111111111072 0.015575396825396956
0 0.48320188492063487 0.7262433862433862 0.011639384920634877 0.016752645502645436
0 0.3747470238095238 0.6912003968253968 0.016225198412698427 0.020968915343915207
0 0.34653025793650793 0.6875628306878306 0.008112599206349214 0.010873015873015923
0 0.3609027777777778 0.6494609788359788 0.011815476190476182 0.014143518518518583
0 0.30570436507936505 0.6769808201058201 0.017457837301587342 0.0273280423280422
0 0.25738591269841266 0.6582903439153439 0.046026785714285756 0.04355820105820104
0 0.3318923611111111 0.5734027777777778 0.013050595238095264 0.017685185185185137
0 0.25403521825396824 0.5885714285714285 0.011815476190476182 0.016517857142857178
0 0.413015873015873 0.5636474867724868 0.0098759920634921 0.015575396825396806
0 0.34423859126984124 0.5386044973544973 0.0105803571428571 0.014398148148148179
0 0.3169915674603174 0.507910052910053 0.008288690476190519 0.02355158730158724
0 0.751969246031746 0.471683201058201 0.01112103174603174 0.015165343915343854
0 0.7133506944444444 0.5005257936507935 0.011326884920634939 0.01353174603174597
0 0.6535193452380952 0.5391005291005291 0.013182043650793673 0.017632275132275204
0 0.6033680555555556 0.5459689153439153 0.009268353174603172 0.019282407407407387
0 0.5250148809523809 0.5186309523809524 0.012227182539682468 0.01670965608465602
0 0.5012748015873015 0.5491633597883597 0.016775793650793736 0.03151785714285715
0 0.4921031746031746 0.5768419312169312 0.012653769841269868 0.015228174603174605
0 0.4621081349206349 0.5488723544973545 0.007819940476190501 0.014259259259259268
0 0.4140550595238095 0.5390178571428571 0.010376984126984179 0.011607142857142852
0 0.6030084325396825 0.427010582010582 0.009677579365079403 0.01670304232804239
0 0.7145188492063492 0.5625628306878306 0.009890873015873103 0.009212962962962923
0 0.751421130952381 0.5632242063492063 0.00821428571428573 0.011514550264550246
0 0.6485292658730158 0.5045304232804233 0.010952380952381047 0.013759920634920597
0 0.3074131944444444 0.6480390211640211 0.006951884920634921 0.009828042328042278
0 0.4517410714285714 0.6474371693121692 0.007772817460317438 0.01280092592592593
0 0.4886631944444444 0.6847751322751323 0.013487103174603221 0.01737433862433857
0 0.8563888888888889 0.4800892857142857 0.012346230158730265 0.01584986772486774
0 0.9797271825396825 0.35313161375661367 0.01623263888888893 0.022860449735449723
0 0.8272395833333333 0.4692691798941799 0.008916170634920562 0.011888227513227564