0 0.3597005208333333 0.409912109375 0.034505208333333336 0.0185546875
0 0.20345052083333334 0.328125 0.024739583333333332 0.02294921875
0 0.9244791666666666 0.724609375 0.009765625 0.01171875
0 0.13346354166666666 0.693115234375 0.026041666666666668 0.01513671875
0 0.005533854166666667 0.64404296875 0.011067708333333334 0.013671875
0 0.016927083333333332 0.406982421875 0.020833333333333332 0.01953125
0 0.09602864583333333 0.52392578125 0.018880208333333332 0.013671875
0 0.0419921875 0.50244140625 0.020182291666666668 0.01318359375
0 0.019856770833333332 0.333984375 0.011067708333333334 0.01220703125
0 0.022786458333333332 0.32080078125 0.013671875 0.00732421875
0 0.11946614583333333 0.368408203125 0.01171875 0.0126953125
0 0.7373046875 0.41259765625 0.016927083333333332 0.013671875
0 0.7483723958333334 0.345458984375 0.014973958333333334 0.009765625
0 0.5908203125 0.416015625 0.016276041666666668 0.009765625
0 0.3499348958333333 0.70263671875 0.016276041666666668 0.01904296875
0 0.4778645833333333 0.71630859375 0.012369791666666666 0.01220703125