0 0.9059244791666666 0.346923828125 0.018880208333333332 0.01806640625
0 0.9407552083333334 0.489990234375 0.03125 0.01513671875
0 0.7848307291666666 0.354736328125 0.037109375 0.02294921875
0 0.6917317708333334 0.489990234375 0.029947916666666668 0.025390625
0 0.7027994791666666 0.524169921875 0.033854166666666664 0.02392578125
0 0.7001953125 0.557373046875 0.03515625 0.021484375
0 0.54296875 0.68798828125 0.035807291666666664 0.01953125
0 0.5400390625 0.601318359375 0.037760416666666664 0.02001953125
0 0.5026041666666666 0.5546875 0.03515625 0.0224609375
0 0.5960286458333334 0.53173828125 0.022786458333333332 0.0166015625
0 0.623046875 0.531005859375 0.026692708333333332 0.0166015625
0 0.4332682291666667 0.344970703125 0.03515625 0.0322265625
0 0.3209635416666667 0.4736328125 0.044921875 0.03564453125
0 0.21354166666666666 0.525634765625 0.029296875 0.02685546875
0 0.2431640625 0.54052734375 0.031901041666666664 0.0224609375
0 0.18880208333333334 0.49169921875 0.04296875 0.03662109375
0 0.6175130208333334 0.662353515625 0.024088541666666668 0.01416015625
0 0.6373697916666666 0.59228515625 0.014322916666666666 0.00830078125
0 0.630859375 0.607666015625 0.016927083333333332 0.01025390625
0 0.7027994791666666 0.613525390625 0.020182291666666668 0.01513671875
0 0.6949869791666666 0.383544921875 0.024088541666666668 0.01318359375
0 0.7158203125 0.422607421875 0.014322916666666666 0.0185546875
0 0.4635416666666667 0.429931640625 0.016276041666666668 0.01708984375
0 0.4869791666666667 0.429931640625 0.018880208333333332 0.0185546875
0 0.4456380208333333 0.439697265625 0.018229166666666668 0.01416015625
0 0.31640625 0.31201171875 0.026041666666666668 0.02099609375
0 0.3603515625 0.30712890625 0.027994791666666668 0.0185546875
0 0.341796875 0.329833984375 0.020833333333333332 0.01318359375
0 0.359375 0.32470703125 0.018229166666666668 0.01318359375
0 0.361328125 0.34619140625 0.024088541666666668 0.01806640625
0 0.2799479166666667 0.32080078125 0.018229166666666668 0.01513671875
0 0.21712239583333334 0.400634765625 0.026041666666666668 0.01318359375
0 0.23860677083333334 0.40576171875 0.016927083333333332 0.0166015625
0 0.13020833333333334 0.509033203125 0.03515625 0.0244140625
0 0.16666666666666666 0.53271484375 0.039713541666666664 0.0244140625
0 0.13118489583333334 0.568603515625 0.016927083333333332 0.0185546875
0 0.046875 0.648193359375 0.05078125 0.03369140625
0 0.055989583333333336 0.309326171875 0.03515625 0.0322265625
0 0.0517578125 0.556884765625 0.0234375 0.0166015625
0 0.055338541666666664 0.59375 0.031901041666666664 0.02001953125
0 0.12044270833333333 0.312744140625 0.029296875 0.01806640625
0 0.1103515625 0.36962890625 0.025390625 0.02294921875
0 0.181640625 0.326171875 0.026041666666666668 0.01806640625
0 0.2565104166666667 0.670166015625 0.028645833333333332 0.0224609375
0 0.2698567708333333 0.582275390625 0.029947916666666668 0.01953125
0 0.3538411458333333 0.57080078125 0.030598958333333332 0.02001953125
0 0.814453125 0.680419921875 0.018229166666666668 0.02294921875
0 0.9140625 0.516845703125 0.016927083333333332 0.0146484375
0 0.8951822916666666 0.38623046875 0.013020833333333334 0.01123046875
0 0.8056640625 0.334228515625 0.014322916666666666 0.013671875
0 0.7425130208333334 0.37353515625 0.01953125 0.01025390625
0 0.7360026041666666 0.35400390625 0.01171875 0.009765625
0 0.7568359375 0.335205078125 0.010416666666666666 0.01318359375
0 0.744140625 0.341796875 0.013020833333333334 0.0078125
0 0.7643229166666666 0.432373046875 0.013020833333333334 0.01123046875
0 0.7890625 0.373046875 0.015625 0.00927734375
0 0.7887369791666666 0.4345703125 0.014322916666666666 0.01123046875
0 0.7838541666666666 0.490234375 0.016927083333333332 0.01025390625
0 0.7633463541666666 0.505859375 0.018229166666666668 0.009765625
0 0.7887369791666666 0.54443359375 0.0234375 0.025390625
0 0.8141276041666666 0.49462890625 0.008463541666666666 0.01416015625
0 0.8154296875 0.467041015625 0.013020833333333334 0.0078125
0 0.8499348958333334 0.52587890625 0.012369791666666666 0.009765625
0 0.8802083333333334 0.6298828125 0.015625 0.0107421875
0 0.9378255208333334 0.50439453125 0.01171875 0.01025390625
0 0.8929036458333334 0.35400390625 0.013671875 0.01025390625
0 0.7330729166666666 0.56201171875 0.014322916666666666 0.0185546875
0 0.7659505208333334 0.604248046875 0.013020833333333334 0.0146484375
0 0.6930338541666666 0.663818359375 0.015625 0.0107421875
0 0.6832682291666666 0.62646484375 0.016927083333333332 0.0166015625
0 0.5703125 0.579833984375 0.016276041666666668 0.01318359375
0 0.5231119791666666 0.579345703125 0.016276041666666668 0.01953125
0 0.5296223958333334 0.53955078125 0.016276041666666668 0.013671875
0 0.5631510416666666 0.50927734375 0.013671875 0.013671875
0 0.5162760416666666 0.418701171875 0.016276041666666668 0.0107421875
0 0.5589192708333334 0.438720703125 0.022786458333333332 0.037109375
0 0.6012369791666666 0.396484375 0.021484375 0.01318359375
0 0.6761067708333334 0.415283203125 0.012369791666666666 0.01220703125
0 0.6438802083333334 0.389404296875 0.009765625 0.015625
0 0.6533203125 0.336669921875 0.036458333333333336 0.033203125
0 0.6959635416666666 0.362548828125 0.013020833333333334 0.01025390625
0 0.6959635416666666 0.33203125 0.012369791666666666 0.009765625
0 0.720703125 0.3369140625 0.012369791666666666 0.01123046875
0 0.537109375 0.3212890625 0.01953125 0.01318359375
0 0.4729817708333333 0.34716796875 0.013020833333333334 0.0107421875
0 0.474609375 0.32958984375 0.013020833333333334 0.00830078125
0 0.4384765625 0.314453125 0.011067708333333334 0.0126953125
0 0.4573567708333333 0.304931640625 0.024088541666666668 0.0087890625
0 0.41015625 0.385498046875 0.018880208333333332 0.0146484375
0 0.3850911458333333 0.335205078125 0.01171875 0.01171875
0 0.392578125 0.41943359375 0.013671875 0.01025390625
0 0.3759765625 0.451171875 0.014973958333333334 0.00830078125
0 0.365234375 0.4619140625 0.01953125 0.0166015625
0 0.490234375 0.508544921875 0.013020833333333334 0.0087890625
0 0.5735677083333334 0.6328125 0.013020833333333334 0.0146484375
0 0.556640625 0.59130859375 0.01171875 0.0078125
0 0.5107421875 0.534912109375 0.010416666666666666 0.01416015625
0 0.3583984375 0.526123046875 0.014973958333333334 0.0166015625
0 0.2958984375 0.657470703125 0.018229166666666668 0.01806640625
0 0.240234375 0.552978515625 0.032552083333333336 0.0185546875
0 0.1796875 0.676513671875 0.021484375 0.01171875
0 0.22916666666666666 0.6494140625 0.01953125 0.009765625
0 0.14453125 0.656005859375 0.025390625 0.015625
0 0.13346354166666666 0.64990234375 0.011067708333333334 0.015625
0 0.10709635416666667 0.644775390625 0.013671875 0.017578125
0 0.12044270833333333 0.629150390625 0.014973958333333334 0.0107421875
0 0.1650390625 0.615234375 0.013020833333333334 0.01220703125
0 0.087890625 0.574951171875 0.009765625 0.009765625
0 0.0703125 0.56689453125 0.017578125 0.0126953125
0 0.023763020833333332 0.580078125 0.016927083333333332 0.0107421875
0 0.0029296875 0.489013671875 0.005859375 0.01123046875
0 0.005859375 0.541259765625 0.01171875 0.01025390625
0 0.011393229166666666 0.411376953125 0.022786458333333332 0.02294921875
0 0.005533854166666667 0.310546875 0.011067708333333334 0.0087890625
0 0.07486979166666667 0.332763671875 0.01953125 0.01806640625
0 0.06380208333333333 0.35498046875 0.013020833333333334 0.01171875
0 0.08854166666666667 0.43017578125 0.022135416666666668 0.01904296875
0 0.09375 0.458740234375 0.021484375 0.01806640625
0 0.07845052083333333 0.46240234375 0.01953125 0.0205078125
0 0.4563802083333333 0.59326171875 0.018229166666666668 0.01708984375
0 0.45703125 0.465576171875 0.014322916666666666 0.0126953125
0 0.7259114583333334 0.605224609375 0.016276041666666668 0.00927734375
0 0.2822265625 0.46484375 0.014322916666666666 0.01220703125
0 0.24153645833333334 0.469970703125 0.016276041666666668 0.01171875
0 0.142578125 0.356689453125 0.013020833333333334 0.0078125
0 0.240234375 0.348388671875 0.013671875 0.0078125
0 0.22493489583333334 0.43603515625 0.015625 0.01220703125
0 0.22786458333333334 0.39208984375 0.01171875 0.0068359375
0 0.8717447916666666 0.337158203125 0.009765625 0.00830078125
0 0.7350260416666666 0.46240234375 0.016927083333333332 0.009765625
0 0.8082682291666666 0.478271484375 0.022786458333333332 0.01416015625
0 0.7389322916666666 0.656005859375 0.015625 0.01416015625
0 0.5826822916666666 0.568603515625 0.016276041666666668 0.0146484375
0 0.4749348958333333 0.68408203125 0.015625 0.0146484375
0 0.4300130208333333 0.646728515625 0.022786458333333332 0.0185546875
0 0.4713541666666667 0.546875 0.010416666666666666 0.0087890625
0 0.4798177083333333 0.541259765625 0.011067708333333334 0.0068359375
0 0.4889322916666667 0.672119140625 0.012369791666666666 0.00830078125
0 0.2633463541666667 0.55322265625 0.013020833333333334 0.013671875
0 0.13541666666666666 0.51611328125 0.014322916666666666 0.0126953125
0 0.060872395833333336 0.482666015625 0.015625 0.01123046875
0 0.1884765625 0.35693359375 0.016276041666666668 0.015625
0 0.5198567708333334 0.484130859375 0.020833333333333332 0.01904296875
0 0.8723958333333334 0.45751953125 0.010416666666666666 0.00927734375