0 0.6575520833333334 0.4013671875 0.045572916666666664 0.0322265625
0 0.658203125 0.245361328125 0.025390625 0.02392578125
0 0.4788411458333333 0.715576171875 0.037109375 0.03076171875
0 0.2802734375 0.665771484375 0.052734375 0.04296875
0 0.8141276041666666 0.436279296875 0.059244791666666664 0.05322265625
0 0.7659505208333334 0.554931640625 0.06640625 0.04541015625
0 0.8483072916666666 0.6376953125 0.047526041666666664 0.03955078125
0 0.6285807291666666 0.696533203125 0.037760416666666664 0.03955078125
0 0.4212239583333333 0.14990234375 0.049479166666666664 0.03857421875
0 0.9065755208333334 0.256591796875 0.046223958333333336 0.03271484375
0 0.55859375 0.446533203125 0.039713541666666664 0.0361328125
0 0.7825520833333334 0.057373046875 0.030598958333333332 0.02294921875
0 0.314453125 0.0703125 0.034505208333333336 0.021484375
0 0.6090494791666666 0.2705078125 0.020182291666666668 0.02197265625
0 0.7158203125 0.61669921875 0.026692708333333332 0.02197265625
0 0.07877604166666667 0.465087890625 0.048177083333333336 0.037109375
0 0.3955078125 0.364990234375 0.042317708333333336 0.0341796875
0 0.7766927083333334 0.24755859375 0.016927083333333332 0.01806640625
0 0.5716145833333334 0.665771484375 0.041015625 0.0458984375
0 0.7291666666666666 0.313720703125 0.044921875 0.0263671875
0 0.6731770833333334 0.707763671875 0.020833333333333332 0.01708984375
0 0.6949869791666666 0.240478515625 0.029296875 0.0234375
0 0.2119140625 0.626708984375 0.017578125 0.01611328125
0 0.6806640625 0.278076171875 0.015625 0.0126953125
0 0.7532552083333334 0.409423828125 0.031901041666666664 0.015625
0 0.4886067708333333 0.45556640625 0.018880208333333332 0.01708984375
0 0.9300130208333334 0.40234375 0.038411458333333336 0.0224609375
0 0.876953125 0.060791015625 0.012369791666666666 0.01171875
0 0.12369791666666667 0.498779296875 0.01953125 0.01318359375
0 0.380859375 0.305908203125 0.012369791666666666 0.013671875
0 0.1953125 0.347900390625 0.020833333333333332 0.02001953125
0 0.4811197916666667 0.681396484375 0.048828125 0.0361328125
0 0.9303385416666666 0.612060546875 0.031901041666666664 0.02587890625
0 0.6839192708333334 0.54248046875 0.025390625 0.0205078125
0 0.6155598958333334 0.48681640625 0.020833333333333332 0.015625
0 0.7457682291666666 0.42236328125 0.021484375 0.01220703125
0 0.18098958333333334 0.01220703125 0.035807291666666664 0.0244140625
0 0.7919921875 0.240234375 0.021484375 0.01708984375
0 0.6731770833333334 0.460693359375 0.020833333333333332 0.01708984375