0 0.974609375 0.6875 0.041015625 0.0244140625
0 0.4098307291666667 0.389404296875 0.032552083333333336 0.01904296875
0 0.9505208333333334 0.66064453125 0.028645833333333332 0.02197265625
0 0.5882161458333334 0.638427734375 0.035807291666666664 0.01708984375
0 0.6214192708333334 0.67578125 0.033854166666666664 0.0224609375
0 0.423828125 0.308837890625 0.024088541666666668 0.02294921875
0 0.6259765625 0.3017578125 0.027994791666666668 0.02734375
0 0.572265625 0.31396484375 0.03125 0.0283203125
0 0.010091145833333334 0.1796875 0.020182291666666668 0.0234375
0 0.6497395833333334 0.438720703125 0.076171875 0.04150390625
0 0.9029947916666666 0.7041015625 0.022135416666666668 0.01318359375
0 0.6979166666666666 0.795654296875 0.048177083333333336 0.0205078125
0 0.4381510416666667 0.55908203125 0.028645833333333332 0.029296875
0 0.4873046875 0.4560546875 0.014973958333333334 0.01513671875
0 0.5520833333333334 0.22509765625 0.047526041666666664 0.0341796875
0 0.5302734375 0.27197265625 0.022786458333333332 0.017578125
0 0.6197916666666666 0.60302734375 0.018229166666666668 0.01513671875
0 0.6764322916666666 0.778564453125 0.042317708333333336 0.01416015625
0 0.4290364583333333 0.760009765625 0.027994791666666668 0.02001953125
0 0.9127604166666666 0.5390625 0.02734375 0.017578125
0 0.3704427083333333 0.353759765625 0.05078125 0.05029296875