0 0.5944010416666666 0.3310546875 0.046875 0.03955078125
0 0.5797526041666666 0.519287109375 0.017578125 0.0185546875
0 0.5201822916666666 0.1884765625 0.024088541666666668 0.01708984375
0 0.21419270833333334 0.321533203125 0.026692708333333332 0.01953125
0 0.5283203125 0.093505859375 0.03125 0.03173828125
0 0.4453125 0.617919921875 0.030598958333333332 0.0185546875
0 0.5198567708333334 0.73095703125 0.014322916666666666 0.015625
0 0.4329427083333333 0.7578125 0.0234375 0.01513671875
0 0.6953125 0.384765625 0.020833333333333332 0.015625
0 0.4586588541666667 0.75244140625 0.016276041666666668 0.01611328125
0 0.6393229166666666 0.080810546875 0.021484375 0.01904296875
0 0.5758463541666666 0.707763671875 0.014322916666666666 0.01123046875
0 0.6276041666666666 0.614013671875 0.018880208333333332 0.01318359375
0 0.5791015625 0.158447265625 0.024088541666666668 0.01806640625
0 0.5166015625 0.454833984375 0.013671875 0.01904296875
0 0.4612630208333333 0.21044921875 0.016927083333333332 0.01904296875
0 0.6184895833333334 0.59326171875 0.015625 0.017578125
0 0.228515625 0.2197265625 0.013020833333333334 0.0087890625
0 0.7063802083333334 0.09716796875 0.014322916666666666 0.0166015625
0 0.6813151041666666 0.54931640625 0.028645833333333332 0.0283203125
0 0.5348307291666666 0.7626953125 0.020182291666666668 0.015625
0 0.470703125 0.065673828125 0.016276041666666668 0.013671875
0 0.6819661458333334 0.67626953125 0.016927083333333332 0.01123046875
0 0.4518229166666667 0.3212890625 0.021484375 0.013671875
0 0.34765625 0.67578125 0.009765625 0.0078125
0 0.4899088541666667 0.720947265625 0.01953125 0.013671875
0 0.4957682291666667 0.748779296875 0.0078125 0.01171875
0 0.6761067708333334 0.61669921875 0.020833333333333332 0.01171875
0 0.525390625 0.63916015625 0.020833333333333332 0.00927734375
0 0.5104166666666666 0.64208984375 0.0078125 0.0126953125
0 0.4996744791666667 0.587890625 0.015625 0.01123046875
0 0.6357421875 0.57861328125 0.016927083333333332 0.01025390625
0 0.5973307291666666 0.5673828125 0.014322916666666666 0.009765625
0 0.5305989583333334 0.557373046875 0.020833333333333332 0.01416015625
0 0.5309244791666666 0.61279296875 0.018229166666666668 0.0126953125
0 0.6998697916666666 0.486572265625 0.018880208333333332 0.01025390625
0 0.5777994791666666 0.448486328125 0.017578125 0.009765625
0 0.4371744791666667 0.45556640625 0.01953125 0.01318359375
0 0.4176432291666667 0.507568359375 0.020182291666666668 0.01513671875
0 0.5397135416666666 0.48095703125 0.013020833333333334 0.01123046875
0 0.4622395833333333 0.518310546875 0.018229166666666668 0.0087890625
0 0.4000651041666667 0.447265625 0.01953125 0.01416015625
0 0.3219401041666667 0.443603515625 0.014322916666666666 0.01220703125
0 0.3587239583333333 0.4921875 0.014973958333333334 0.0107421875
0 0.29296875 0.478271484375 0.018229166666666668 0.01220703125
0 0.224609375 0.526611328125 0.013020833333333334 0.01123046875
0 0.259765625 0.6044921875 0.020182291666666668 0.01123046875
0 0.4293619791666667 0.71484375 0.021484375 0.0126953125
0 0.37890625 0.71728515625 0.015625 0.00927734375
0 0.23079427083333334 0.469970703125 0.01953125 0.0087890625
0 0.24251302083333334 0.421142578125 0.013671875 0.01611328125
0 0.4459635416666667 0.3955078125 0.020833333333333332 0.01416015625
0 0.3108723958333333 0.39453125 0.015625 0.01513671875
0 0.25 0.36181640625 0.01953125 0.0068359375
0 0.2662760416666667 0.350830078125 0.015625 0.00830078125
0 0.3665364583333333 0.236572265625 0.020182291666666668 0.0146484375
0 0.4453125 0.274658203125 0.0234375 0.03564453125
0 0.3951822916666667 0.780029296875 0.016276041666666668 0.009765625
0 0.3395182291666667 0.656494140625 0.018229166666666668 0.0087890625
0 0.6500651041666666 0.37548828125 0.013671875 0.01220703125
0 0.7265625 0.361083984375 0.017578125 0.01171875
0 0.6575520833333334 0.54296875 0.011067708333333334 0.0087890625
0 0.451171875 0.175537109375 0.012369791666666666 0.0068359375
0 0.4231770833333333 0.12841796875 0.016927083333333332 0.01123046875
0 0.2796223958333333 0.098388671875 0.01171875 0.0078125
0 0.724609375 0.1572265625 0.020182291666666668 0.01708984375
0 0.689453125 0.13525390625 0.017578125 0.01513671875
0 0.5397135416666666 0.355712890625 0.016276041666666668 0.01123046875
0 0.3499348958333333 0.591796875 0.016276041666666668 0.01611328125
0 0.7067057291666666 0.554931640625 0.017578125 0.013671875