0 0.7610677083333334 0.43798828125 0.029296875 0.02294921875
0 0.3020833333333333 0.39794921875 0.037760416666666664 0.02294921875
0 0.8352864583333334 0.541015625 0.02734375 0.02392578125
0 0.9443359375 0.621826171875 0.029947916666666668 0.015625
0 0.9905598958333334 0.705810546875 0.018880208333333332 0.01904296875
0 0.5315755208333334 0.481689453125 0.02734375 0.01513671875
0 0.13997395833333334 0.62353515625 0.035807291666666664 0.02734375
0 0.9436848958333334 0.544677734375 0.040364583333333336 0.03759765625
0 0.4462890625 0.687255859375 0.028645833333333332 0.01953125
0 0.1435546875 0.451904296875 0.050130208333333336 0.0380859375
0 0.6487630208333334 0.35400390625 0.018229166666666668 0.0107421875
0 0.8154296875 0.526123046875 0.016927083333333332 0.01318359375
0 0.9524739583333334 0.604248046875 0.011067708333333334 0.009765625
0 0.9176432291666666 0.516357421875 0.015625 0.0078125
0 0.8391927083333334 0.43603515625 0.017578125 0.0146484375
0 0.8069661458333334 0.576416015625 0.017578125 0.013671875
0 0.728515625 0.57421875 0.04296875 0.03466796875
0 0.52734375 0.661865234375 0.020833333333333332 0.01806640625
0 0.14127604166666666 0.42822265625 0.016927083333333332 0.01220703125
0 0.4072265625 0.68017578125 0.03515625 0.03076171875
0 0.4860026041666667 0.409423828125 0.022135416666666668 0.0126953125
0 0.7330729166666666 0.429443359375 0.01171875 0.00830078125
0 0.4397786458333333 0.303466796875 0.022135416666666668 0.01513671875
0 0.55078125 0.50341796875 0.018880208333333332 0.017578125
0 0.2542317708333333 0.41357421875 0.013671875 0.01318359375
0 0.6705729166666666 0.556396484375 0.013671875 0.01123046875