0 0.4147135416666667 0.255615234375 0.0234375 0.0244140625
0 0.30859375 0.60205078125 0.024739583333333332 0.0234375
0 0.7037760416666666 0.46142578125 0.024088541666666668 0.0234375
0 0.5208333333333334 0.577392578125 0.027994791666666668 0.01953125
0 0.2646484375 0.634033203125 0.033203125 0.0322265625
0 0.443359375 0.619873046875 0.047526041666666664 0.029296875
0 0.4820963541666667 0.7978515625 0.026692708333333332 0.0205078125
0 0.4052734375 0.733642578125 0.027994791666666668 0.02783203125
0 0.3206380208333333 0.1640625 0.017578125 0.01416015625
0 0.6435546875 0.412353515625 0.018229166666666668 0.021484375
0 0.5836588541666666 0.6494140625 0.025390625 0.0166015625
0 0.24088541666666666 0.7216796875 0.033203125 0.025390625
0 0.6549479166666666 0.453125 0.026041666666666668 0.02294921875
0 0.3486328125 0.69287109375 0.028645833333333332 0.02392578125
0 0.2877604166666667 0.096923828125 0.017578125 0.01220703125
0 0.2607421875 0.760009765625 0.035807291666666664 0.0263671875
0 0.6389973958333334 0.57568359375 0.022786458333333332 0.0224609375
0 0.326171875 0.67236328125 0.0234375 0.02392578125
0 0.4671223958333333 0.55322265625 0.026692708333333332 0.02001953125
0 0.3896484375 0.5439453125 0.017578125 0.009765625
0 0.2861328125 0.612548828125 0.01953125 0.017578125
0 0.373046875 0.531982421875 0.033854166666666664 0.03662109375
0 0.7151692708333334 0.402587890625 0.020182291666666668 0.01318359375
0 0.2776692708333333 0.2783203125 0.022135416666666668 0.01220703125
0 0.6419270833333334 0.77734375 0.018229166666666668 0.01611328125
0 0.4951171875 0.50537109375 0.018229166666666668 0.01123046875
0 0.7216796875 0.076416015625 0.01171875 0.01171875
0 0.3203125 0.107177734375 0.018880208333333332 0.01416015625
0 0.310546875 0.19287109375 0.024739583333333332 0.01123046875
0 0.6009114583333334 0.7275390625 0.022786458333333332 0.01611328125
0 0.5149739583333334 0.7587890625 0.014322916666666666 0.0107421875
0 0.2958984375 0.6279296875 0.015625 0.013671875
0 0.2776692708333333 0.260986328125 0.013020833333333334 0.0126953125
0 0.3837890625 0.737060546875 0.014973958333333334 0.0185546875
0 0.318359375 0.293212890625 0.024088541666666668 0.01513671875
0 0.6787109375 0.6650390625 0.017578125 0.01171875
0 0.673828125 0.416259765625 0.024088541666666668 0.01953125
0 0.7093098958333334 0.212646484375 0.01953125 0.01123046875
0 0.3206380208333333 0.4970703125 0.026692708333333332 0.0146484375
0 0.3509114583333333 0.217041015625 0.01171875 0.0166015625
0 0.5667317708333334 0.252685546875 0.013671875 0.01171875
0 0.4244791666666667 0.292236328125 0.011067708333333334 0.01806640625
0 0.5159505208333334 0.630615234375 0.01953125 0.00927734375
0 0.2887369791666667 0.57080078125 0.01171875 0.0126953125
0 0.2542317708333333 0.6103515625 0.015625 0.01171875
0 0.6936848958333334 0.78271484375 0.018880208333333332 0.015625
0 0.349609375 0.55419921875 0.01953125 0.01025390625
0 0.20052083333333334 0.303955078125 0.01171875 0.01318359375
0 0.4694010416666667 0.771484375 0.012369791666666666 0.0146484375
0 0.5947265625 0.18212890625 0.013020833333333334 0.0107421875
0 0.23893229166666666 0.423828125 0.015625 0.01123046875
0 0.591796875 0.67529296875 0.010416666666666666 0.0087890625
0 0.2718098958333333 0.596435546875 0.01953125 0.01416015625
0 0.4873046875 0.475830078125 0.012369791666666666 0.01123046875
0 0.3118489583333333 0.0654296875 0.018229166666666668 0.013671875
0 0.3990885416666667 0.51953125 0.016276041666666668 0.01953125
0 0.6119791666666666 0.697021484375 0.016927083333333332 0.01318359375
0 0.6500651041666666 0.55859375 0.012369791666666666 0.01220703125
0 0.6233723958333334 0.60205078125 0.009114583333333334 0.01220703125
0 0.212890625 0.69580078125 0.01171875 0.01220703125
0 0.3287760416666667 0.079833984375 0.015625 0.0126953125
0 0.6259765625 0.63330078125 0.010416666666666666 0.01123046875
0 0.3811848958333333 0.683837890625 0.0078125 0.0087890625
0 0.7008463541666666 0.045654296875 0.016276041666666668 0.0166015625
0 0.5084635416666666 0.647705078125 0.013020833333333334 0.0107421875
0 0.3346354166666667 0.595703125 0.009765625 0.009765625
0 0.4342447916666667 0.76220703125 0.0078125 0.00927734375
0 0.2757161458333333 0.786865234375 0.038411458333333336 0.0244140625
0 0.5302734375 0.7451171875 0.015625 0.01416015625
0 0.5569661458333334 0.736083984375 0.013671875 0.00927734375
0 0.521484375 0.55078125 0.009765625 0.01171875
0 0.3053385416666667 0.6611328125 0.026692708333333332 0.0146484375
0 0.3688151041666667 0.6923828125 0.022786458333333332 0.02294921875
0 0.3111979166666667 0.681640625 0.029947916666666668 0.0205078125
0 0.251953125 0.70068359375 0.010416666666666666 0.0078125
0 0.333984375 0.56689453125 0.018880208333333332 0.0126953125
0 0.20735677083333334 0.673095703125 0.012369791666666666 0.00830078125
0 0.5592447916666666 0.660888671875 0.010416666666666666 0.00732421875
0 0.6516927083333334 0.504150390625 0.018880208333333332 0.017578125
0 0.4876302083333333 0.4345703125 0.016927083333333332 0.013671875
0 0.544921875 0.426513671875 0.012369791666666666 0.0068359375
0 0.3876953125 0.35888671875 0.01171875 0.0087890625
0 0.4222005208333333 0.4072265625 0.014322916666666666 0.00830078125
0 0.3160807291666667 0.472412109375 0.01953125 0.0107421875
0 0.3131510416666667 0.305419921875 0.015625 0.00830078125
0 0.4052734375 0.09619140625 0.013671875 0.01220703125
0 0.5859375 0.075439453125 0.020833333333333332 0.01611328125
0 0.6461588541666666 0.518310546875 0.012369791666666666 0.0087890625
0 0.4033203125 0.7109375 0.013020833333333334 0.0087890625
0 0.4348958333333333 0.6728515625 0.008463541666666666 0.0068359375
0 0.322265625 0.43896484375 0.016927083333333332 0.01025390625
0 0.3470052083333333 0.473388671875 0.018880208333333332 0.01611328125
0 0.2903645833333333 0.52197265625 0.009114583333333334 0.0078125
0 0.5865885416666666 0.228515625 0.009114583333333334 0.0078125
0 0.5009765625 0.254638671875 0.014322916666666666 0.0107421875
0 0.7194010416666666 0.054931640625 0.015625 0.0107421875
0 0.4554036458333333 0.704833984375 0.011067708333333334 0.00830078125
0 0.3577473958333333 0.45947265625 0.008463541666666666 0.00732421875
0 0.6285807291666666 0.359619140625 0.011067708333333334 0.0068359375
0 0.7044270833333334 0.429443359375 0.011067708333333334 0.0068359375