0 0.5520833333333334 0.41845703125 0.041015625 0.03271484375
0 0.5807291666666666 0.5478515625 0.02734375 0.02685546875
0 0.396484375 0.10498046875 0.014322916666666666 0.0166015625
0 0.5305989583333334 0.15380859375 0.022786458333333332 0.02294921875
0 0.322265625 0.083740234375 0.024088541666666668 0.0205078125
0 0.5065104166666666 0.1357421875 0.013671875 0.021484375
0 0.3854166666666667 0.135986328125 0.016276041666666668 0.01708984375
0 0.3203125 0.68798828125 0.020833333333333332 0.01025390625
0 0.3388671875 0.728515625 0.014973958333333334 0.0185546875
0 0.3125 0.723388671875 0.009114583333333334 0.01123046875
0 0.3118489583333333 0.743408203125 0.015625 0.0126953125
0 0.5009765625 0.221923828125 0.025390625 0.01708984375
0 0.4977213541666667 0.15869140625 0.021484375 0.0126953125
0 0.6097005208333334 0.163818359375 0.020833333333333332 0.01025390625
0 0.5888671875 0.167236328125 0.01171875 0.01220703125
0 0.6715494791666666 0.087890625 0.032552083333333336 0.021484375
0 0.5686848958333334 0.084716796875 0.016276041666666668 0.01513671875
0 0.5149739583333334 0.036376953125 0.018229166666666668 0.00927734375
0 0.2994791666666667 0.083740234375 0.018880208333333332 0.00927734375
0 0.7926432291666666 0.125732421875 0.013671875 0.01416015625
0 0.7838541666666666 0.25634765625 0.008463541666666666 0.0087890625
0 0.79296875 0.2685546875 0.014322916666666666 0.013671875
0 0.7897135416666666 0.28759765625 0.014973958333333334 0.01220703125
0 0.2913411458333333 0.048095703125 0.018880208333333332 0.01220703125
0 0.3671875 0.60400390625 0.018229166666666668 0.0087890625
0 0.7486979166666666 0.24462890625 0.018880208333333332 0.0126953125
0 0.5654296875 0.17431640625 0.009114583333333334 0.01220703125
0 0.6149088541666666 0.36572265625 0.01171875 0.00537109375
0 0.7112630208333334 0.439697265625 0.012369791666666666 0.0087890625
0 0.7093098958333334 0.45654296875 0.012369791666666666 0.01171875
0 0.615234375 0.4716796875 0.022135416666666668 0.0126953125
0 0.7913411458333334 0.632568359375 0.012369791666666666 0.01123046875