0 0.7242838541666666 0.546875 0.013671875 0.01611328125
0 0.5289713541666666 0.92236328125 0.024739583333333332 0.02392578125
0 0.439453125 0.65234375 0.013020833333333334 0.01318359375
0 0.4267578125 0.936279296875 0.026692708333333332 0.0224609375
0 0.4820963541666667 0.723876953125 0.0390625 0.02734375
0 0.3470052083333333 0.20263671875 0.02734375 0.017578125
0 0.7350260416666666 0.597412109375 0.033203125 0.0205078125
0 0.5638020833333334 0.888427734375 0.022135416666666668 0.021484375
0 0.6461588541666666 0.51171875 0.025390625 0.01220703125
0 0.4440104166666667 0.838623046875 0.01953125 0.0146484375
0 0.2877604166666667 0.39794921875 0.016927083333333332 0.01416015625
0 0.4547526041666667 0.1796875 0.013671875 0.013671875
0 0.7405598958333334 0.43603515625 0.02734375 0.01904296875
0 0.3167317708333333 0.715576171875 0.024739583333333332 0.02197265625
0 0.7067057291666666 0.87939453125 0.022135416666666668 0.02734375
0 0.6399739583333334 0.419677734375 0.017578125 0.01025390625
0 0.3401692708333333 0.29296875 0.016276041666666668 0.01513671875
0 0.5179036458333334 0.377685546875 0.024088541666666668 0.02880859375
0 0.28515625 0.5419921875 0.024088541666666668 0.01513671875
0 0.6022135416666666 0.885498046875 0.024088541666666668 0.02685546875
0 0.7109375 0.455810546875 0.018229166666666668 0.013671875
0 0.357421875 0.865234375 0.020182291666666668 0.01806640625
0 0.4212239583333333 0.407958984375 0.026041666666666668 0.01953125
0 0.4524739583333333 0.620361328125 0.014322916666666666 0.01025390625
0 0.2698567708333333 0.596923828125 0.020182291666666668 0.0146484375
0 0.5872395833333334 0.481201171875 0.032552083333333336 0.01318359375
0 0.4788411458333333 0.21337890625 0.0234375 0.01513671875
0 0.7317708333333334 0.4111328125 0.020182291666666668 0.01953125
0 0.41015625 0.5859375 0.014973958333333334 0.01025390625
0 0.2503255208333333 0.556884765625 0.01953125 0.02197265625
0 0.328125 0.279052734375 0.012369791666666666 0.01220703125
0 0.5123697916666666 0.399658203125 0.01953125 0.0126953125
0 0.6012369791666666 0.219970703125 0.016276041666666668 0.01171875
0 0.5716145833333334 0.833984375 0.014973958333333334 0.013671875
0 0.5777994791666666 0.71728515625 0.013020833333333334 0.013671875
0 0.7682291666666666 0.586181640625 0.017578125 0.01806640625
0 0.3444010416666667 0.406005859375 0.014973958333333334 0.01416015625
0 0.6246744791666666 0.390380859375 0.013671875 0.01318359375
0 0.7470703125 0.70849609375 0.044921875 0.06396484375
0 0.4235026041666667 0.37353515625 0.037109375 0.03173828125
0 0.4036458333333333 0.32470703125 0.010416666666666666 0.0146484375
0 0.3134765625 0.25244140625 0.013020833333333334 0.009765625
0 0.7265625 0.854736328125 0.016276041666666668 0.01123046875
0 0.7298177083333334 0.823486328125 0.010416666666666666 0.015625
0 0.7652994791666666 0.3037109375 0.017578125 0.0107421875
0 0.623046875 0.1748046875 0.014322916666666666 0.01123046875
0 0.6682942708333334 0.81103515625 0.037760416666666664 0.03369140625
0 0.5071614583333334 0.6416015625 0.009765625 0.0078125
0 0.359375 0.551025390625 0.020182291666666668 0.01953125
0 0.3688151041666667 0.76416015625 0.012369791666666666 0.009765625
0 0.7630208333333334 0.379638671875 0.011067708333333334 0.009765625
0 0.4322916666666667 0.869384765625 0.015625 0.00927734375
0 0.3450520833333333 0.787353515625 0.038411458333333336 0.02685546875
0 0.3203125 0.56640625 0.015625 0.01708984375
0 0.5797526041666666 0.38427734375 0.013020833333333334 0.01611328125
0 0.3466796875 0.622802734375 0.015625 0.01513671875
0 0.326171875 0.644775390625 0.015625 0.0126953125
0 0.6412760416666666 0.745361328125 0.009114583333333334 0.0078125
0 0.5263671875 0.456298828125 0.013671875 0.01123046875
0 0.423828125 0.17431640625 0.009765625 0.0078125
0 0.6149088541666666 0.66162109375 0.011067708333333334 0.009765625
0 0.3352864583333333 0.357421875 0.01171875 0.00732421875
0 0.5299479166666666 0.21923828125 0.022786458333333332 0.01416015625
0 0.5361328125 0.49462890625 0.009765625 0.005859375
0 0.5413411458333334 0.334716796875 0.01171875 0.0107421875
0 0.3772786458333333 0.544921875 0.009765625 0.00927734375
0 0.4772135416666667 0.359619140625 0.020182291666666668 0.01318359375
0 0.3115234375 0.449462890625 0.015625 0.01220703125
0 0.517578125 0.485107421875 0.014322916666666666 0.013671875
0 0.50390625 0.5419921875 0.013671875 0.0146484375
0 0.6513671875 0.551025390625 0.016276041666666668 0.013671875
0 0.7080078125 0.544189453125 0.016927083333333332 0.0166015625
0 0.4140625 0.194580078125 0.01171875 0.013671875
0 0.7340494791666666 0.30126953125 0.018880208333333332 0.01513671875
0 0.5556640625 0.24951171875 0.010416666666666666 0.01904296875
0 0.4091796875 0.435302734375 0.016927083333333332 0.009765625
0 0.7347005208333334 0.467041015625 0.012369791666666666 0.01220703125
0 0.7392578125 0.4521484375 0.013020833333333334 0.01220703125
0 0.6214192708333334 0.763916015625 0.014973958333333334 0.0126953125
0 0.6627604166666666 0.74462890625 0.016276041666666668 0.01806640625
0 0.4983723958333333 0.74365234375 0.016927083333333332 0.01513671875
0 0.3916015625 0.635009765625 0.024739583333333332 0.01025390625
0 0.39453125 0.50146484375 0.024088541666666668 0.01953125
0 0.3408203125 0.569091796875 0.014973958333333334 0.01123046875
0 0.541015625 0.668212890625 0.018880208333333332 0.013671875
0 0.765625 0.394287109375 0.016276041666666668 0.013671875
0 0.6442057291666666 0.403076171875 0.020833333333333332 0.01123046875
0 0.5885416666666666 0.1728515625 0.013020833333333334 0.01123046875
0 0.6236979166666666 0.33447265625 0.018229166666666668 0.01220703125
0 0.4143880208333333 0.3212890625 0.016276041666666668 0.01220703125
0 0.6865234375 0.4345703125 0.014973958333333334 0.00732421875
0 0.5022786458333334 0.877197265625 0.022135416666666668 0.013671875