0 0.4270271164021164 0.5852256944444444 0.02375992063492068 0.023990575396825475
0 0.33648809523809525 0.21159474206349205 0.021908068783068835 0.01669394841269839
0 0.5638425925925925 0.5681721230158729 0.031197089947089918 0.03300347222222211
0 0.38300595238095236 0.819236111111111 0.03088624338624335 0.03336557539682539
0 0.4953769841269841 0.22193204365079364 0.036534391534391496 0.01772569444444444
0 0.6792162698412697 0.7309027777777778 0.024715608465608458 0.019704861111111027
0 0.6993187830687829 0.5885590277777778 0.015257936507936462 0.014030257936507917
0 0.7050363756613757 0.48125 0.022414021164021136 0.012294146825396868
0 0.5886805555555555 0.5791319444444444 0.020836640211640223 0.023370535714285712
0 0.3174735449735449 0.26085565476190475 0.012394179894179866 0.015964781746031775
0 0.6454993386243386 0.47139632936507936 0.016084656084656146 0.01367559523809525
0 0.3377050264550265 0.26328373015873013 0.025462962962962948 0.01948908730158727
0 0.3618452380952381 0.3922172619047619 0.015287698412698466 0.013035714285714262
0 0.35608465608465606 0.3885813492063492 0.008816137566137527 0.010830853174603194
0 0.650922619047619 0.8465302579365079 0.027956349206349262 0.01899057539682536
0 0.27372354497354495 0.2513516865079365 0.021875000000000016 0.014246031746031784
0 0.3455588624338624 0.37636408730158727 0.014666005291005332 0.014481646825396877
0 0.5508366402116401 0.30874503968253963 0.012096560846560855 0.01488839285714283
0 0.3878240740740741 0.326969246031746 0.019027777777777793 0.007772817460317438
0 0.29135912698412697 0.22421378968253966 0.013756613756613781 0.00967509920634918
0 0.3579894179894179 0.5967311507936508 0.016775793650793663 0.01223462301587297
0 0.347010582010582 0.28187996031746027 0.013402777777777727 0.013082837301587324
0 0.679510582010582 0.35626984126984124 0.008425925925926059 0.0078125
0 0.3907473544973545 0.3189112103174603 0.015019841269841313 0.00857390873015873
0 0.3982572751322751 0.29028521825396825 0.014867724867724844 0.007078373015872996
0 0.3858928571428571 0.2944965277777778 0.02078373015873014 0.012998511904761867
0 0.38300925925925927 0.30650545634920634 0.02108796296296293 0.014940476190476226
0 0.35670304232804234 0.2534672619047619 0.01787367724867724 0.01350446428571428
0 0.30021494708994706 0.2544766865079365 0.016216931216931203 0.011165674603174636
0 0.24998015873015875 0.27799355158730155 0.012261904761904733 0.011326884920634939
0 0.29165013227513226 0.23176339285714284 0.013257275132275112 0.006359126984126995
0 0.3699735449735449 0.19925595238095237 0.013287037037037042 0.007234623015873021
0 0.44137235449735446 0.20263888888888887 0.020466269841269796 0.012393353174603161
0 0.5012400793650793 0.21569940476190477 0.009467592592592519 0.008504464285714275
0 0.5068915343915343 0.24376240079365075 0.018326719576719608 0.013544146825396841
0 0.575922619047619 0.2330505952380952 0.01985449735449733 0.007239583333333355
0 0.5059854497354497 0.2655679563492063 0.010264550264550198 0.006460813492063511
0 0.523449074074074 0.28419146825396824 0.0200694444444444 0.010381944444444402
0 0.6781382275132275 0.2466269841269841 0.016554232804232665 0.006763392857142836
0 0.6718452380952381 0.2594345238095238 0.01431216931216935 0.009099702380952368
0 0.6691732804232804 0.26803571428571427 0.007929894179894129 0.006646825396825373
0 0.5627876984126984 0.3257738095238095 0.019312169312169242 0.016597222222222263
0 0.47623346560846563 0.342328869047619 0.010343915343915397 0.009620535714285672
0 0.28171296296296294 0.3509126984126984 0.00846230158730162 0.00865575396825402
0 0.4091732804232804 0.3693005952380952 0.006941137566137605 0.007031250000000044
0 0.5775297619047619 0.37475198412698413 0.015621693121693111 0.011106150793650849
0 0.5563756613756613 0.3428546626984127 0.01323412698412696 0.010114087301587249
0 0.5853406084656084 0.38996527777777773 0.038617724867724856 0.021026785714285734
0 0.5457473544973545 0.42364583333333333 0.017139550264550312 0.012564484126984077
0 0.5945601851851852 0.43756200396825395 0.01844246031746029 0.013387896825396872
0 0.5497585978835978 0.45318700396825395 0.009110449735449796 0.007537202380952346
0 0.7049900793650793 0.5172073412698412 0.009328703703703608 0.0070337301587302115
0 0.728746693121693 0.7473462301587301 0.01869708994708989 0.013048115079365097
0 0.431359126984127 0.847579365079365 0.017701719576719583 0.01020337301587304
0 0.45075396825396824 0.9402306547619048 0.012235449735449766 0.008459821428571379
0 0.3241898148148148 0.8920436507936507 0.015059523809523837 0.012328869047619095
0 0.2893617724867725 0.9106125992063492 0.01619047619047616 0.01586309523809515
0 0.3670304232804233 0.965813492063492 0.01518849206349208 0.009317956349206291
0 0.3810218253968254 0.7043700396825396 0.021970899470899436 0.025441468253968313
0 0.38040013227513225 0.6037847222222222 0.012182539682539684 0.011860119047619078
0 0.41421957671957665 0.6027579365079365 0.01176256613756621 0.006659226190476097
0 0.3255787037037037 0.5131150793650794 0.010082671957671948 0.00885168650793644
0 0.3204960317460317 0.45759176587301587 0.009146825396825431 0.005949900793650764
0 0.4122288359788359 0.44988343253968255 0.011904761904761862 0.010458829365079358
0 0.45220568783068776 0.42586557539682535 0.012156084656084717 0.011297123015873045
0 0.2993121693121693 0.39262648809523804 0.006263227513227498 0.009709821428571463
0 0.28678902116402116 0.3423363095238095 0.013630952380952355 0.006381448412698387
0 0.3740046296296296 0.3947048611111111 0.010128968253968326 0.012760416666666718
0 0.6666435185185186 0.20044394841269841 0.01736441798941805 0.0063938492063492225
0 0.7020039682539682 0.34760664682539677 0.014837962962962989 0.009471726190476204
0 0.6901686507936509 0.23656746031746032 0.008597883597883715 0.009156746031746044
0 0.4938260582010581 0.6528025793650793 0.014957010582010563 0.011217757936508033
0 0.4857506613756614 0.7647445436507936 0.016749338624338694 0.013908730158730176
0 0.6190046296296295 0.8338368055555555 0.016451719576719537 0.011664186507936547
0 0.4556911375661375 0.8130877976190476 0.0176488095238095 0.011440972222222179
0 0.5929794973544974 0.9124652777777778 0.011666666666666714 0.014580853174603225
0 0.5557407407407408 0.9543030753968254 0.014957010582010563 0.01076884920634913
0 0.3547420634920635 0.7622767857142857 0.017946428571428513 0.015255456349206442
0 0.2967526455026455 0.5535391865079364 0.022837301587301573 0.01200644841269849
0 0.5962003968253968 0.31419642857142854 0.01265211640211635 0.008856646825396775