0 0.43973214285714285 0.5723139880952381 0.032533068783068796 0.03056051587301578
0 0.44123015873015875 0.2911483134920635 0.03501653439153444 0.021220238095238098
0 0.4263657407407407 0.30732390873015875 0.019804894179894134 0.010724206349206344
0 0.36748015873015866 0.9729513888888889 0.013386243386243427 0.013452380952380993
0 0.6671593915343915 0.2150099206349206 0.026286375661375594 0.022031250000000002
0 0.2597255291005291 0.3399330357142857 0.0222751322751323 0.013524305555555505
0 0.3568551587301587 0.7217063492063491 0.020978835978836024 0.012876984126984237
0 0.285515873015873 0.7585441468253967 0.01866732804232803 0.015111607142857197
0 0.6759623015873015 0.19469742063492063 0.01577380952380943 0.006227678571428585
0 0.3198710317460317 0.4475620039682539 0.017202380952380986 0.012733134920634881
0 0.49363425925925924 0.3181125992063492 0.020171957671957674 0.017068452380952337
0 0.6082605820105821 0.258546626984127 0.03331679894179892 0.024360119047619033
0 0.6133928571428572 0.2915079365079365 0.014408068783068847 0.010860615079365088
0 0.6440112433862434 0.28765376984126984 0.013687169312169326 0.005761408730158735
0 0.6531944444444444 0.217547123015873 0.011884920634920674 0.009895833333333326
0 0.5245171957671958 0.19207589285714285 0.016028439153439173 0.010520833333333313
0 0.3166633597883598 0.3693625992063492 0.014298941798941792 0.008459821428571379
0 0.3502380952380952 0.3729092261904762 0.015271164021164019 0.011455853174603181
0 0.29321759259259256 0.3257440476190476 0.015350529100529068 0.014007936507936525
0 0.21226521164021162 0.3427802579365079 0.01619047619047616 0.013680555555555585
0 0.259047619047619 0.2978323412698412 0.016822089947089964 0.009965277777777781
0 0.19954365079365077 0.2782018849206349 0.018925264550264515 0.012023809523809548
0 0.274292328042328 0.20257440476190475 0.015350529100529068 0.007395833333333324
0 0.5894146825396825 0.39482886904761905 0.01810515873015876 0.012058531746031775
0 0.6398842592592592 0.5117534722222221 0.01736111111111116 0.014818948412698374
0 0.6824206349206349 0.4818005952380952 0.013640873015872875 0.01270089285714282
0 0.6303373015873016 0.5424280753968254 0.01860119047619054 0.020803571428571477
0 0.5789980158730158 0.6045535714285714 0.030009920634920622 0.01969494047619058
0 0.6832870370370371 0.6397147817460317 0.013888888888888987 0.01156249999999992
0 0.6798578042328042 0.8700967261904762 0.035013227513227406 0.027095734126984183
0 0.6042162698412699 0.8160069444444443 0.018551587301587347 0.015721726190476293
0 0.5955919312169312 0.799345238095238 0.01489417989417996 0.012968749999999973
0 0.605 0.7883680555555554 0.024821428571428623 0.009823908730158815
0 0.47109126984126976 0.7849355158730159 0.010449735449735412 0.013891369047619007
0 0.40903769841269844 0.8327703373015872 0.04311177248677245 0.029655257936507917
0 0.4537169312169312 0.847078373015873 0.018551587301587347 0.018293650793650862
0 0.2896329365079365 0.8962549603174602 0.011759259259259247 0.017390873015872943
0 0.21373015873015874 0.8603844246031745 0.023515211640211604 0.010354662698412787
0 0.24442791005291 0.8179637896825397 0.010188492063492038 0.01062251984126994
0 0.33835978835978836 0.76906498015873 0.01411044973544969 0.009630456349206451
0 0.49643518518518515 0.7882762896825396 0.015155423280423333 0.011210317460317532
0 0.4633829365079365 0.816111111111111 0.014371693121693063 0.008482142857142883
0 0.42014219576719575 0.8154241071428571 0.007837301587301523 0.009461805555555536
0 0.24377645502645498 0.7651537698412698 0.01672288359788358 0.010037202380952293
0 0.3539054232804233 0.6612003968253968 0.019074074074074094 0.011312003968253936
0 0.3623974867724868 0.6151364087301587 0.017767857142857075 0.011341765873015941
0 0.24247023809523807 0.6398338293650793 0.022992724867724856 0.015637400793650835
0 0.22823082010582008 0.585657242063492 0.02168650793650791 0.011902281746031695
0 0.23698412698412696 0.5209871031746032 0.01672288359788358 0.012001488095238155
0 0.2085019841269841 0.5139310515873016 0.018812830687830722 0.015133928571428479
0 0.21242394179894178 0.49501488095238094 0.01620039682539683 0.011006944444444389
0 0.23044973544973543 0.4733730158730159 0.01515542328042326 0.014754464285714253
0 0.5025462962962962 0.6027876984126984 0.02138558201058194 0.015310019841269895
0 0.6767030423280422 0.7140848214285714 0.015876322751322707 0.013851686507936556
0 0.5994246031746032 0.8888095238095237 0.018792989417989386 0.014823908730158708
0 0.23701719576719574 0.8906324404761905 0.029484126984126984 0.010205853174603208
0 0.46868716931216925 0.8765376984126984 0.01846891534391541 0.014094742063492038
0 0.3306547619047619 0.9369270833333333 0.015876322751322707 0.01044890873015869
0 0.20996031746031743 0.8248983134920634 0.018144841269841283 0.013851686507936556
0 0.3520403439153439 0.540453869047619 0.016524470899470955 0.0126364087301587
0 0.2310218253968254 0.5281820436507937 0.018792989417989386 0.010935019841269877
0 0.21692791005291004 0.5462872023809524 0.013283730158730153 0.010691964285714395
0 0.224864417989418 0.2897891865079365 0.016848544973545005 0.008990575396825351
0 0.3306547619047619 0.3935540674603174 0.017820767195767157 0.01579613095238097