0 0.3873697916666667 0.8798828125 0.0234375 0.0146484375
0 0.4202473958333333 0.909423828125 0.037760416666666664 0.02978515625
0 0.4104817708333333 0.8857421875 0.016927083333333332 0.01708984375
0 0.5081380208333334 0.74267578125 0.01953125 0.01611328125
0 0.330078125 0.28076171875 0.014322916666666666 0.01806640625
0 0.578125 0.122314453125 0.022786458333333332 0.01513671875
0 0.4475911458333333 0.660400390625 0.020182291666666668 0.017578125
0 0.6005859375 0.2841796875 0.013020833333333334 0.01513671875
0 0.4899088541666667 0.492431640625 0.013020833333333334 0.01513671875
0 0.4788411458333333 0.529052734375 0.018229166666666668 0.01171875
0 0.7649739583333334 0.545166015625 0.016276041666666668 0.0146484375
0 0.744140625 0.483154296875 0.017578125 0.00927734375
0 0.2880859375 0.21923828125 0.018229166666666668 0.0126953125
0 0.4720052083333333 0.711669921875 0.013671875 0.013671875
0 0.3857421875 0.6435546875 0.022786458333333332 0.01708984375
0 0.4778645833333333 0.676025390625 0.024739583333333332 0.013671875
0 0.5690104166666666 0.637939453125 0.017578125 0.01025390625
0 0.3723958333333333 0.6904296875 0.015625 0.01318359375
0 0.4544270833333333 0.893310546875 0.030598958333333332 0.02392578125
0 0.5201822916666666 0.7294921875 0.016276041666666668 0.01025390625
0 0.2757161458333333 0.520751953125 0.016927083333333332 0.0146484375
0 0.6852213541666666 0.5068359375 0.0234375 0.0185546875
0 0.5888671875 0.514892578125 0.016276041666666668 0.013671875
0 0.392578125 0.514892578125 0.016927083333333332 0.0146484375
0 0.580078125 0.393310546875 0.018229166666666668 0.01708984375
0 0.5022786458333334 0.4189453125 0.016927083333333332 0.01025390625
0 0.6897786458333334 0.209716796875 0.016276041666666668 0.0166015625
0 0.744140625 0.083740234375 0.01953125 0.01611328125
0 0.4235026041666667 0.16015625 0.021484375 0.0126953125
0 0.3043619791666667 0.202392578125 0.020833333333333332 0.01416015625
0 0.3473307291666667 0.244140625 0.014322916666666666 0.01171875
0 0.18619791666666666 0.163330078125 0.014973958333333334 0.01611328125
0 0.1943359375 0.28662109375 0.018229166666666668 0.0166015625
0 0.2548828125 0.008544921875 0.024739583333333332 0.01708984375
0 0.564453125 0.0869140625 0.020833333333333332 0.02099609375
0 0.5423177083333334 0.087646484375 0.01953125 0.0185546875
0 0.3935546875 0.201416015625 0.016276041666666668 0.0146484375
0 0.7939453125 0.343017578125 0.016276041666666668 0.01416015625
0 0.7307942708333334 0.711181640625 0.01953125 0.01708984375