0 0.45033399470899466 0.3467881944444444 0.021693121693121615 0.018519345238095286
0 0.4386011904761904 0.9199801587301587 0.0515575396825397 0.03880704365079368
0 0.34145171957671955 0.7558878968253967 0.03742394179894178 0.026460813492063417
0 0.7094279100529101 0.2431374007936508 0.024801587301587286 0.027425595238095235
0 0.5018716931216931 0.6143749999999999 0.027794312169312125 0.021187996031746037
0 0.36190476190476195 0.966860119047619 0.032010582010582045 0.027348710317460334
0 0.3780191798941799 0.6307142857142857 0.03241732804232811 0.03142361111111103
0 0.26736772486772487 0.8415724206349205 0.043832671957671966 0.02491319444444451
0 0.6645701058201058 0.8687475198412697 0.038065476190476254 0.023514384920634956
0 0.38381283068783073 0.34359375 0.01881613756613761 0.010312499999999947
0 0.34018518518518515 0.47700148809523807 0.03388558201058197 0.02003968253968258
0 0.2756216931216931 0.6089260912698412 0.04755621693121692 0.038551587301587364
0 0.73192791005291 0.7786334325396824 0.04478174603174612 0.03185019841269843
0 0.7005092592592592 0.5807514880952381 0.040585317460317384 0.030500992063491994
0 0.5958101851851851 0.5548288690476191 0.026769179894179967 0.027673611111111107
0 0.6633895502645503 0.5650049603174603 0.03102182539682552 0.020545634920634992
0 0.7186937830687831 0.836282242063492 0.02167658730158717 0.016892361111111143
0 0.478260582010582 0.8245982142857143 0.029917328042328013 0.029623015873015968
0 0.35210648148148144 0.5819469246031745 0.024375000000000036 0.01963789682539674
0 0.6348743386243386 0.8952356150793651 0.01460648148148147 0.014151785714285658
0 0.581494708994709 0.3778025793650793 0.017043650793650816 0.01718005952380952
0 0.3101322751322751 0.3198139880952381 0.020310846560846585 0.015734126984127017
0 0.42906415343915344 0.570029761904762 0.015552248677248729 0.013690476190476142
0 0.5364649470899471 0.6935912698412698 0.03410052910052904 0.033948412698412644
0 0.6348247354497355 0.6158854166666666 0.016448412698412646 0.01500248015873007
0 0.5443518518518518 0.6575620039682539 0.03029100529100533 0.027879464285714306
0 0.30055886243386243 0.6666865079365079 0.031187169312169322 0.027150297619047636
0 0.4405125661375661 0.7015848214285714 0.016094576719576665 0.01743551587301595
0 0.5633763227513228 0.42308531746031747 0.01670634920634928 0.015096726190476195
0 0.7230456349206348 0.38110367063492057 0.017106481481481417 0.018985615079365026
0 0.46514550264550264 0.7810267857142856 0.019041005291005348 0.01361855158730152
0 0.5039880952380952 0.3575768849206349 0.015783730158730098 0.016269841269841212
0 0.7337698412698413 0.2552157738095238 0.02334986772486758 0.021098710317460356
0 0.37428240740740737 0.4243874007936508 0.02085317460317467 0.015491071428571423
0 0.5378439153439153 0.4147073412698412 0.030327380952380967 0.02740079365079362
0 0.39779431216931216 0.7569494047619048 0.01743386243386243 0.017693452380952435
0 0.589943783068783 0.46778273809523807 0.01554894179894184 0.013395337301587262
0 0.514970238095238 0.45171378968253967 0.012384259259259197 0.01420882936507939
0 0.38129629629629624 0.4391939484126984 0.03841600529100534 0.02108630952380952
0 0.6196957671957671 0.2154861111111111 0.013333333333333345 0.011098710317460292
0 0.530082671957672 0.38526785714285716 0.014966931216931231 0.013494543650793611
0 0.2983167989417989 0.23695436507936507 0.027820767195767166 0.026711309523809512
0 0.45952711640211635 0.4028819444444444 0.01584656084656085 0.011527777777777803
0 0.6350595238095238 0.6596999007936507 0.018769841269841308 0.012343750000000098
0 0.740734126984127 0.3542237103174603 0.020611772486772633 0.024531250000000004
0 0.6709093915343914 0.24736359126984125 0.019355158730158806 0.014878472222222272
0 0.28102513227513226 0.9637847222222222 0.03500661375661377 0.02253720238095247
0 0.3611541005291006 0.9154712301587301 0.01424603174603171 0.016626984126984157
0 0.732278439153439 0.8550967261904762 0.029206349206349163 0.023452380952381002
0 0.597470238095238 0.8035267857142857 0.04665674603174604 0.045381944444444544
0 0.3757572751322751 0.8206349206349206 0.013535052910052858 0.01383928571428572
0 0.3534953703703703 0.8112822420634921 0.013177910052909988 0.009035218253968358
0 0.31217923280423276 0.8196999007936508 0.013177910052910061 0.009831349206349316
0 0.2804828042328042 0.810344742063492 0.02386243386243388 0.02212797619047624
0 0.715539021164021 0.7399677579365079 0.052000661375661394 0.026773313492063577
0 0.5898115079365079 0.7085887896825397 0.06482142857142852 0.04522073412698413
0 0.5837566137566137 0.6836011904761905 0.023508597883597826 0.016078869047619015
0 0.5385251322751322 0.6387227182539682 0.023508597883597826 0.010739087301587347
0 0.5636342592592593 0.6177480158730159 0.016739417989418026 0.011527777777777803
0 0.5525925925925925 0.5957043650793651 0.026712962962962994 0.015523313492063595
0 0.7374437830687831 0.5690054563492063 0.030985449735449738 0.032646329365079385
0 0.6484027777777778 0.5369518849206348 0.016739417989418026 0.014484126984126933
0 0.6300595238095238 0.5067584325396826 0.03205357142857146 0.021411210317460405
0 0.5830456349206349 0.5122420634920635 0.04131613756613758 0.030776289682539648
0 0.5680853174603174 0.4987475198412698 0.038465608465608536 0.02943204365079366
0 0.47601851851851845 0.526671626984127 0.01816468253968247 0.013692956349206309
0 0.5137698412698413 0.5222643849206349 0.019589947089947064 0.016093750000000018
0 0.40948082010582004 0.5490277777777777 0.02951388888888884 0.02204613095238095
0 0.405651455026455 0.5348660714285713 0.017748015873015888 0.014122023809523876
0 0.40238425925925925 0.5249181547619047 0.017933201058201103 0.009923115079365052
0 0.5042857142857143 0.5097147817460317 0.024470899470899532 0.012023809523809437
0 0.47570436507936503 0.49296626984126984 0.016626984126984084 0.01778025793650795
0 0.5492129629629628 0.5308085317460317 0.016812169312169296 0.011031746031745948
0 0.5338955026455027 0.49304315476190474 0.017559523809523785 0.014546130952380887
0 0.5164285714285713 0.4741220238095238 0.01438492063492062 0.012876984126984126
0 0.44842923280423275 0.46032490079365074 0.018869047619047546 0.010245535714285658
0 0.5438888888888889 0.3787375992063492 0.018842592592592577 0.012770337301587276
0 0.4141964285714285 0.34117311507936504 0.01570105820105816 0.016200396825396868
0 0.41278439153439156 0.3189087301587301 0.01852843915343912 0.02021825396825394
0 0.4380621693121693 0.3140848214285714 0.031402116402116466 0.01912202380952377
0 0.40932870370370367 0.303015873015873 0.0304596560846561 0.03372023809523805
0 0.44858134920634923 0.22540426587301587 0.015386904761904704 0.01268849206349204
0 0.42283399470899474 0.24884672619047615 0.01852843915343912 0.011024305555555558
0 0.5179828042328042 0.25827628968253963 0.039880952380952316 0.02655009920634921
0 0.5536243386243386 0.23624999999999996 0.021352513227513192 0.016433531746031738
0 0.5002380952380953 0.21163194444444441 0.021980820105820104 0.01338541666666665
0 0.4317824074074074 0.18725446428571427 0.018842592592592577 0.0108705357142857
0 0.43413690476190475 0.19868055555555555 0.012245370370370434 0.007814980158730167
0 0.34354166666666663 0.5388963293650794 0.016957671957671987 0.012656250000000036
0 0.30994047619047616 0.5184052579365079 0.030145502645502642 0.01795882936507942
0 0.28607473544973544 0.5433730158730159 0.017585978835978826 0.009355158730158797
0 0.2882738095238095 0.5339508928571428 0.014444444444444407 0.010429067460317354
0 0.29942129629629627 0.6269742063492063 0.014130291005291026 0.021614583333333437
0 0.4071329365079365 0.6260317460317459 0.011620370370370411 0.009367559523809632
0 0.4790443121693122 0.7024627976190475 0.01852843915343912 0.01854166666666668
0 0.4857936507936507 0.7391914682539682 0.016329365079365072 0.010168650793650702
0 0.6922652116402115 0.8609672619047619 0.019785052910052947 0.013015873015872925
0 0.7415674603174603 0.9070238095238095 0.013501984126984112 0.012810019841269948
0 0.7365410052910053 0.3851066468253968 0.01664351851851838 0.01217757936507935
0 0.6943055555555554 0.3315104166666667 0.01821428571428581 0.013387896825396872
0 0.6756216931216931 0.2841666666666666 0.01664351851851838 0.012514880952380958
0 0.5820436507936507 0.3365848214285714 0.010992063492063497 0.009012896825396854
0 0.2920403439153439 0.6966914682539682 0.009421296296296289 0.008415178571428594
0 0.7197420634920634 0.8152653769841269 0.014444444444444334 0.008199404761904727
0 0.666517857142857 0.4818477182539682 0.01786044973544983 0.018717757936507984
0 0.6184424603174603 0.9630877976190476 0.021934523809523803 0.01351190476190478
0 0.6162466931216931 0.9752331349206348 0.022142857142857093 0.010540674603174649
0 0.4748247354497354 0.9457738095238095 0.015876322751322707 0.017735615079365052
0 0.5535780423280423 0.9743749999999999 0.01002645502645505 0.011954365079364981
0 0.5192129629629629 0.8420486111111111 0.021904761904761944 0.022881944444444358
0 0.6531084656084656 0.2360019841269841 0.015092592592592583 0.013583829365079347
0 0.44482804232804235 0.5625347222222221 0.014060846560846496 0.010788690476190466
0 0.49158399470899466 0.8382837301587301 0.010135582010581956 0.011525297619047636
0 0.32565145502645504 0.8266344246031745 0.012423941798941796 0.008338293650793638
0 0.33889219576719576 0.9035119047619047 0.015367063492063515 0.014466765873015763
0 0.48128306878306876 0.8845064484126983 0.01634920634920641 0.01422371031746028
0 0.5847652116402116 0.8933358134920634 0.016673280423280385 0.014712301587301635
0 0.6732109788359787 0.8180530753968254 0.01961640211640218 0.019126984126984103
0 0.6920105820105819 0.8724900793650794 0.016673280423280385 0.01667410714285711
0 0.6876851851851851 0.6168353174603174 0.021822089947090006 0.013179563492063506
0 0.6189583333333333 0.5307490079365079 0.024371693121693145 0.016153273809523805