0 0.4518229166666667 0.3173828125 0.0234375 0.01953125
0 0.2867838541666667 0.450439453125 0.0234375 0.0205078125
0 0.3098958333333333 0.44287109375 0.020182291666666668 0.0185546875
0 0.5302734375 0.778076171875 0.029296875 0.017578125
0 0.341796875 0.362548828125 0.024739583333333332 0.0185546875
0 0.4186197916666667 0.420166015625 0.020833333333333332 0.0185546875
0 0.3447265625 0.836181640625 0.0234375 0.02294921875
0 0.4410807291666667 0.8017578125 0.026041666666666668 0.02490234375
0 0.5830078125 0.913330078125 0.0234375 0.0224609375
0 0.3268229166666667 0.282958984375 0.022135416666666668 0.01904296875
0 0.3658854166666667 0.3486328125 0.020833333333333332 0.01513671875
0 0.2581380208333333 0.90771484375 0.032552083333333336 0.0302734375
0 0.2880859375 0.564208984375 0.016276041666666668 0.01611328125
0 0.24381510416666666 0.84814453125 0.026692708333333332 0.0185546875
0 0.5615234375 0.2099609375 0.0234375 0.0224609375
0 0.2734375 0.84814453125 0.0234375 0.0185546875
0 0.3629557291666667 0.251708984375 0.018880208333333332 0.0205078125
0 0.3046875 0.52880859375 0.01953125 0.0224609375
0 0.4176432291666667 0.48046875 0.022786458333333332 0.01513671875
0 0.4739583333333333 0.50048828125 0.024088541666666668 0.01953125
0 0.6959635416666666 0.28369140625 0.01953125 0.01953125
0 0.2649739583333333 0.403076171875 0.0234375 0.0224609375
0 0.240234375 0.932861328125 0.0234375 0.02392578125
0 0.30859375 0.85986328125 0.02734375 0.025390625
0 0.2893880208333333 0.3525390625 0.017578125 0.017578125
0 0.4055989583333333 0.830810546875 0.047526041666666664 0.03857421875
0 0.4765625 0.670166015625 0.025390625 0.02099609375
0 0.3050130208333333 0.306884765625 0.026041666666666668 0.0166015625
0 0.3753255208333333 0.289794921875 0.0234375 0.0126953125
0 0.3580729166666667 0.3974609375 0.02734375 0.021484375
0 0.4192708333333333 0.193603515625 0.0234375 0.02197265625
0 0.3805338541666667 0.93798828125 0.020833333333333332 0.0185546875
0 0.388671875 0.65869140625 0.0234375 0.02001953125
0 0.4013671875 0.945068359375 0.014973958333333334 0.01171875
0 0.27734375 0.474853515625 0.016927083333333332 0.01806640625
0 0.3951822916666667 0.40771484375 0.0234375 0.01953125
0 0.490234375 0.8271484375 0.018880208333333332 0.01806640625
0 0.7255859375 0.84228515625 0.020833333333333332 0.017578125
0 0.6321614583333334 0.923095703125 0.04296875 0.03662109375
0 0.5387369791666666 0.379150390625 0.01953125 0.02099609375
0 0.7210286458333334 0.77490234375 0.029947916666666668 0.0234375
0 0.3883463541666667 0.221435546875 0.018229166666666668 0.013671875
0 0.4049479166666667 0.7216796875 0.022135416666666668 0.0224609375
0 0.4036458333333333 0.253173828125 0.026692708333333332 0.021484375
0 0.4736328125 0.358154296875 0.042317708333333336 0.04248046875
0 0.5970052083333334 0.36083984375 0.018229166666666668 0.01611328125
0 0.3942057291666667 0.35791015625 0.033854166666666664 0.02783203125
0 0.3440755208333333 0.607177734375 0.0234375 0.021484375
0 0.5328776041666666 0.441162109375 0.01953125 0.01708984375
0 0.2565104166666667 0.71630859375 0.014973958333333334 0.01220703125
0 0.2561848958333333 0.421875 0.016276041666666668 0.01611328125
0 0.2809244791666667 0.619873046875 0.022786458333333332 0.01953125
0 0.2991536458333333 0.63134765625 0.022135416666666668 0.01611328125
0 0.4111328125 0.637939453125 0.013671875 0.0126953125
0 0.4290364583333333 0.37353515625 0.024088541666666668 0.0224609375
0 0.2630208333333333 0.572021484375 0.013671875 0.013671875
0 0.279296875 0.23681640625 0.018229166666666668 0.02197265625
0 0.2757161458333333 0.37548828125 0.030598958333333332 0.02099609375
0 0.2858072916666667 0.396728515625 0.016927083333333332 0.01611328125
0 0.4612630208333333 0.898681640625 0.042317708333333336 0.033203125
0 0.5846354166666666 0.489013671875 0.024088541666666668 0.009765625
0 0.3430989583333333 0.9248046875 0.012369791666666666 0.01513671875
0 0.4651692708333333 0.535400390625 0.016927083333333332 0.01416015625
0 0.59765625 0.225830078125 0.026692708333333332 0.01416015625
0 0.6015625 0.259765625 0.018229166666666668 0.01416015625
0 0.3951822916666667 0.6787109375 0.018880208333333332 0.01513671875
0 0.4697265625 0.4306640625 0.022135416666666668 0.01611328125
0 0.2509765625 0.79296875 0.024088541666666668 0.0224609375
0 0.4345703125 0.63671875 0.015625 0.01171875
0 0.7044270833333334 0.2080078125 0.020182291666666668 0.0166015625
0 0.5006510416666666 0.2294921875 0.017578125 0.01708984375
0 0.4837239583333333 0.54736328125 0.016276041666666668 0.0126953125
0 0.5882161458333334 0.783203125 0.02734375 0.0126953125
0 0.3424479166666667 0.531005859375 0.025390625 0.02197265625
0 0.5061848958333334 0.297607421875 0.039713541666666664 0.02001953125
0 0.3297526041666667 0.410888671875 0.033203125 0.03173828125
0 0.4560546875 0.26611328125 0.018229166666666668 0.0107421875
0 0.7109375 0.8798828125 0.012369791666666666 0.01318359375
0 0.5908203125 0.612060546875 0.012369791666666666 0.01123046875
0 0.2874348958333333 0.43212890625 0.01953125 0.01416015625
0 0.3255208333333333 0.755615234375 0.014322916666666666 0.0107421875
0 0.4231770833333333 0.214599609375 0.022135416666666668 0.01416015625
0 0.3460286458333333 0.78662109375 0.014973958333333334 0.01025390625
0 0.4583333333333333 0.408447265625 0.021484375 0.01318359375
0 0.478515625 0.2236328125 0.021484375 0.0185546875
0 0.3987630208333333 0.515625 0.022135416666666668 0.01953125
0 0.6451822916666666 0.33203125 0.016276041666666668 0.0126953125
0 0.689453125 0.34228515625 0.01953125 0.0146484375
0 0.3199869791666667 0.713623046875 0.017578125 0.01611328125
0 0.4309895833333333 0.71826171875 0.013671875 0.01318359375
0 0.3766276041666667 0.622802734375 0.015625 0.0126953125
0 0.6705729166666666 0.232421875 0.029296875 0.01806640625
0 0.3040364583333333 0.69140625 0.018229166666666668 0.01611328125
0 0.3792317708333333 0.54345703125 0.018880208333333332 0.01611328125
0 0.4768880208333333 0.848388671875 0.012369791666666666 0.01220703125
0 0.4970703125 0.203857421875 0.017578125 0.01416015625
0 0.5221354166666666 0.3935546875 0.016927083333333332 0.0126953125
0 0.4290364583333333 0.922607421875 0.018229166666666668 0.013671875
0 0.6220703125 0.292236328125 0.014973958333333334 0.01513671875
0 0.5885416666666666 0.3173828125 0.014322916666666666 0.01025390625
0 0.662109375 0.253662109375 0.016276041666666668 0.01220703125
0 0.6604817708333334 0.580322265625 0.017578125 0.01123046875
0 0.3544921875 0.748291015625 0.018229166666666668 0.01708984375
0 0.6272786458333334 0.572265625 0.014322916666666666 0.01171875
0 0.37109375 0.52587890625 0.015625 0.0107421875
0 0.4541015625 0.824462890625 0.012369791666666666 0.0126953125
0 0.6614583333333334 0.197021484375 0.017578125 0.01025390625
0 0.2506510416666667 0.662841796875 0.016927083333333332 0.01611328125
0 0.6162109375 0.326416015625 0.018229166666666668 0.013671875
0 0.3046875 0.34521484375 0.014322916666666666 0.01171875
0 0.5445963541666666 0.53076171875 0.015625 0.01318359375
0 0.4830729166666667 0.240478515625 0.013671875 0.01171875
0 0.4274088541666667 0.88818359375 0.028645833333333332 0.0185546875
0 0.3720703125 0.19921875 0.011067708333333334 0.009765625
0 0.3929036458333333 0.2958984375 0.021484375 0.01171875
0 0.5807291666666666 0.292236328125 0.011067708333333334 0.0078125
0 0.4970703125 0.363525390625 0.022786458333333332 0.01904296875
0 0.5696614583333334 0.426513671875 0.013020833333333334 0.0068359375
0 0.6253255208333334 0.329345703125 0.0234375 0.01416015625
0 0.2936197916666667 0.239501953125 0.022135416666666668 0.0185546875
0 0.458984375 0.399658203125 0.018229166666666668 0.01171875
0 0.47265625 0.400634765625 0.016927083333333332 0.01513671875
0 0.2421875 0.554443359375 0.012369791666666666 0.0087890625
0 0.4690755208333333 0.708251953125 0.013020833333333334 0.0166015625
0 0.3043619791666667 0.705322265625 0.01171875 0.01025390625
0 0.2897135416666667 0.775146484375 0.009114583333333334 0.00830078125
0 0.3264973958333333 0.87548828125 0.029947916666666668 0.01318359375
0 0.3854166666666667 0.967041015625 0.012369791666666666 0.00927734375
0 0.380859375 0.9248046875 0.016927083333333332 0.01123046875
0 0.6559244791666666 0.94287109375 0.022135416666666668 0.02197265625
0 0.6018880208333334 0.97509765625 0.015625 0.0126953125
0 0.6194661458333334 0.85205078125 0.01171875 0.01123046875
0 0.5458984375 0.49951171875 0.015625 0.01318359375
0 0.3736979166666667 0.611328125 0.012369791666666666 0.00830078125
0 0.4075520833333333 0.50390625 0.013671875 0.01953125
0 0.5061848958333334 0.503173828125 0.013671875 0.015625
0 0.5152994791666666 0.3095703125 0.021484375 0.01220703125
0 0.4850260416666667 0.4833984375 0.016927083333333332 0.0146484375
0 0.4264322916666667 0.76123046875 0.012369791666666666 0.01513671875
0 0.5836588541666666 0.495361328125 0.018229166666666668 0.009765625
0 0.6158854166666666 0.46826171875 0.017578125 0.01318359375
0 0.556640625 0.233154296875 0.011067708333333334 0.0087890625