0 0.7574869791666666 0.23046875 0.0390625 0.03173828125
0 0.6471354166666666 0.567626953125 0.050130208333333336 0.0322265625
0 0.7093098958333334 0.287841796875 0.042317708333333336 0.03759765625
0 0.6282552083333334 0.37890625 0.033854166666666664 0.025390625
0 0.5872395833333334 0.2734375 0.05078125 0.03564453125
0 0.3277994791666667 0.8837890625 0.042317708333333336 0.03857421875
0 0.3590494791666667 0.912841796875 0.049479166666666664 0.0361328125
0 0.77734375 0.25341796875 0.044921875 0.04248046875
0 0.7307942708333334 0.567138671875 0.028645833333333332 0.0244140625
0 0.7659505208333334 0.60009765625 0.037760416666666664 0.029296875
0 0.3795572916666667 0.777587890625 0.038411458333333336 0.02783203125
0 0.3414713541666667 0.68359375 0.038411458333333336 0.0302734375
0 0.6666666666666666 0.793212890625 0.026692708333333332 0.02783203125
0 0.4280598958333333 0.623779296875 0.037760416666666664 0.02734375
0 0.3199869791666667 0.451416015625 0.048177083333333336 0.02978515625
0 0.763671875 0.86767578125 0.027994791666666668 0.02392578125
0 0.4088541666666667 0.8798828125 0.041666666666666664 0.02734375
0 0.3828125 0.279541015625 0.033203125 0.03173828125
0 0.6770833333333334 0.5302734375 0.03125 0.0244140625
0 0.546875 0.249267578125 0.027994791666666668 0.03076171875
0 0.4407552083333333 0.909912109375 0.042317708333333336 0.0224609375
0 0.5491536458333334 0.865966796875 0.03515625 0.0341796875
0 0.4293619791666667 0.48388671875 0.034505208333333336 0.02197265625
0 0.6048177083333334 0.93896484375 0.033854166666666664 0.0234375
0 0.7705078125 0.72265625 0.035807291666666664 0.02880859375
0 0.5660807291666666 0.950927734375 0.022135416666666668 0.03125
0 0.4410807291666667 0.955810546875 0.021484375 0.02490234375
0 0.787109375 0.798095703125 0.026041666666666668 0.021484375
0 0.5797526041666666 0.52685546875 0.01953125 0.0126953125
0 0.6110026041666666 0.493896484375 0.012369791666666666 0.01025390625
0 0.5514322916666666 0.486572265625 0.016927083333333332 0.01611328125
0 0.3619791666666667 0.21533203125 0.033854166666666664 0.02001953125
0 0.4029947916666667 0.20703125 0.018229166666666668 0.01025390625
0 0.3727213541666667 0.203125 0.018229166666666668 0.00830078125
0 0.3232421875 0.208740234375 0.014973958333333334 0.00927734375
0 0.3792317708333333 0.2587890625 0.020182291666666668 0.005859375
0 0.3489583333333333 0.26171875 0.008463541666666666 0.00732421875
0 0.3330078125 0.266357421875 0.007161458333333333 0.0087890625
0 0.3369140625 0.3212890625 0.018880208333333332 0.00830078125
0 0.4501953125 0.423828125 0.014322916666666666 0.01123046875
0 0.4264322916666667 0.580322265625 0.028645833333333332 0.0185546875
0 0.3391927083333333 0.625244140625 0.040364583333333336 0.0244140625
0 0.3186848958333333 0.624267578125 0.011067708333333334 0.0078125
0 0.3356119791666667 0.604248046875 0.015625 0.00830078125
0 0.3785807291666667 0.70849609375 0.031901041666666664 0.01416015625
0 0.4147135416666667 0.712646484375 0.036458333333333336 0.02099609375
0 0.3753255208333333 0.72412109375 0.011067708333333334 0.01318359375
0 0.3922526041666667 0.75244140625 0.015625 0.009765625
0 0.3619791666666667 0.76318359375 0.03515625 0.02587890625
0 0.3271484375 0.81396484375 0.029296875 0.02490234375
0 0.33984375 0.82373046875 0.017578125 0.021484375
0 0.33984375 0.8525390625 0.014322916666666666 0.01171875
0 0.3824869791666667 0.846923828125 0.02734375 0.02587890625
0 0.4222005208333333 0.823486328125 0.026692708333333332 0.02392578125
0 0.40625 0.82080078125 0.01953125 0.01220703125
0 0.4498697916666667 0.886474609375 0.033854166666666664 0.0244140625
0 0.3102213541666667 0.924072265625 0.022135416666666668 0.02783203125
0 0.3131510416666667 0.95068359375 0.020833333333333332 0.0185546875
0 0.3385416666666667 0.9228515625 0.024739583333333332 0.0283203125
0 0.4720052083333333 0.96240234375 0.018880208333333332 0.01025390625
0 0.5504557291666666 0.925537109375 0.010416666666666666 0.0068359375
0 0.6197916666666666 0.924072265625 0.029947916666666668 0.0224609375
0 0.63671875 0.892822265625 0.02734375 0.02880859375
0 0.787109375 0.94140625 0.050130208333333336 0.06103515625
0 0.4876302083333333 0.837158203125 0.03125 0.03125
0 0.6272786458333334 0.764404296875 0.013671875 0.0166015625
0 0.6087239583333334 0.760986328125 0.020182291666666668 0.01318359375
0 0.5716145833333334 0.629150390625 0.027994791666666668 0.0166015625
0 0.533203125 0.678466796875 0.016927083333333332 0.01513671875
0 0.6796875 0.557373046875 0.016276041666666668 0.0107421875
0 0.7008463541666666 0.505615234375 0.009114583333333334 0.01123046875
0 0.6539713541666666 0.49365234375 0.022786458333333332 0.01416015625
0 0.5319010416666666 0.5419921875 0.018229166666666668 0.01025390625
0 0.4970703125 0.568115234375 0.03125 0.0244140625
0 0.3424479166666667 0.465576171875 0.015625 0.0107421875
0 0.5205078125 0.31494140625 0.017578125 0.013671875
0 0.5104166666666666 0.307861328125 0.021484375 0.01416015625
0 0.55078125 0.26513671875 0.026692708333333332 0.01318359375
0 0.7532552083333334 0.294677734375 0.024088541666666668 0.01123046875
0 0.6455078125 0.248046875 0.017578125 0.01220703125
0 0.4375 0.224609375 0.022786458333333332 0.01220703125
0 0.4319661458333333 0.238525390625 0.011067708333333334 0.013671875
0 0.4072265625 0.4794921875 0.013020833333333334 0.0126953125
0 0.314453125 0.538818359375 0.020833333333333332 0.013671875
0 0.3326822916666667 0.591064453125 0.032552083333333336 0.01806640625
0 0.3157552083333333 0.72216796875 0.012369791666666666 0.0107421875
0 0.3590494791666667 0.716552734375 0.015625 0.009765625
0 0.4352213541666667 0.85107421875 0.018880208333333332 0.01318359375
0 0.5263671875 0.882080078125 0.012369791666666666 0.0107421875
0 0.4576822916666667 0.8056640625 0.020182291666666668 0.0126953125
0 0.6263020833333334 0.822021484375 0.01171875 0.01123046875
0 0.5595703125 0.844970703125 0.014973958333333334 0.01318359375
0 0.5257161458333334 0.898193359375 0.025390625 0.01318359375
0 0.7705078125 0.918212890625 0.021484375 0.01513671875
0 0.7229817708333334 0.914794921875 0.016276041666666668 0.0146484375
0 0.7216796875 0.834716796875 0.010416666666666666 0.0107421875
0 0.6891276041666666 0.857421875 0.013020833333333334 0.00927734375
0 0.6627604166666666 0.730224609375 0.016927083333333332 0.013671875
0 0.775390625 0.7802734375 0.013020833333333334 0.00830078125
0 0.646484375 0.6845703125 0.017578125 0.0078125
0 0.7369791666666666 0.59765625 0.0234375 0.01513671875
0 0.7858072916666666 0.4423828125 0.01171875 0.01171875
0 0.7561848958333334 0.4296875 0.01171875 0.00927734375
0 0.7604166666666666 0.48583984375 0.016276041666666668 0.01171875
0 0.7594401041666666 0.35400390625 0.017578125 0.0078125
0 0.7516276041666666 0.281005859375 0.01953125 0.01025390625
0 0.630859375 0.20458984375 0.017578125 0.0126953125
0 0.5003255208333334 0.337646484375 0.020833333333333332 0.015625
0 0.5377604166666666 0.414306640625 0.013671875 0.00927734375
0 0.49609375 0.533935546875 0.009765625 0.0107421875
0 0.4664713541666667 0.532470703125 0.020182291666666668 0.01123046875
0 0.3512369791666667 0.43701171875 0.01171875 0.0087890625
0 0.4013671875 0.300048828125 0.0078125 0.00634765625
0 0.5120442708333334 0.279052734375 0.013671875 0.0107421875
0 0.5462239583333334 0.2998046875 0.013671875 0.00927734375
0 0.3440755208333333 0.360595703125 0.009765625 0.01123046875
0 0.7903645833333334 0.203125 0.013020833333333334 0.01220703125
0 0.7353515625 0.197265625 0.013020833333333334 0.0078125
0 0.6803385416666666 0.210205078125 0.0078125 0.00732421875
0 0.7509765625 0.324951171875 0.013671875 0.01318359375
0 0.7373046875 0.32763671875 0.016276041666666668 0.01416015625
0 0.7692057291666666 0.576171875 0.011067708333333334 0.009765625
0 0.5882161458333334 0.72216796875 0.016276041666666668 0.01318359375
0 0.330078125 0.732177734375 0.018229166666666668 0.01123046875
0 0.4892578125 0.54833984375 0.015625 0.01123046875
0 0.3821614583333333 0.486083984375 0.010416666666666666 0.01171875
0 0.3089192708333333 0.35107421875 0.014973958333333334 0.0107421875
0 0.3059895833333333 0.359375 0.013020833333333334 0.01025390625
0 0.3935546875 0.314697265625 0.017578125 0.009765625
0 0.6110026041666666 0.30810546875 0.016276041666666668 0.01220703125
0 0.4853515625 0.248779296875 0.01953125 0.013671875
0 0.4137369791666667 0.361083984375 0.012369791666666666 0.01171875
0 0.3929036458333333 0.65234375 0.017578125 0.01513671875
0 0.6552734375 0.8408203125 0.024088541666666668 0.01171875
0 0.560546875 0.5107421875 0.014973958333333334 0.013671875