0 0.4716796875 0.311767578125 0.033854166666666664 0.029296875
0 0.6985677083333334 0.416748046875 0.029947916666666668 0.0302734375
0 0.630859375 0.422607421875 0.0234375 0.0234375
0 0.3330078125 0.368896484375 0.025390625 0.0224609375
0 0.6057942708333334 0.28271484375 0.033854166666666664 0.02734375
0 0.376953125 0.31640625 0.048828125 0.03564453125
0 0.3971354166666667 0.25244140625 0.022786458333333332 0.0205078125
0 0.4534505208333333 0.521728515625 0.048177083333333336 0.03955078125
0 0.70703125 0.534912109375 0.029947916666666668 0.02685546875
0 0.251953125 0.4248046875 0.013671875 0.01171875
0 0.6878255208333334 0.38330078125 0.025390625 0.0185546875
0 0.3583984375 0.80615234375 0.01953125 0.01708984375
0 0.478515625 0.447021484375 0.018880208333333332 0.025390625
0 0.2565104166666667 0.271240234375 0.029296875 0.02294921875
0 0.5445963541666666 0.333984375 0.029947916666666668 0.02392578125
0 0.6754557291666666 0.942626953125 0.032552083333333336 0.0302734375
0 0.6031901041666666 0.52685546875 0.03515625 0.0283203125
0 0.6145833333333334 0.853271484375 0.0625 0.0341796875
0 0.6110026041666666 0.58251953125 0.029947916666666668 0.0283203125
0 0.6090494791666666 0.44970703125 0.031901041666666664 0.02294921875
0 0.525390625 0.20849609375 0.0234375 0.0166015625
0 0.6171875 0.33642578125 0.036458333333333336 0.0263671875
0 0.6637369791666666 0.280517578125 0.037109375 0.03369140625
0 0.6305338541666666 0.919677734375 0.015625 0.01513671875
0 0.27734375 0.296630859375 0.031901041666666664 0.02490234375
0 0.6139322916666666 0.747314453125 0.033203125 0.029296875
0 0.6927083333333334 0.2802734375 0.015625 0.0126953125
0 0.2750651041666667 0.836181640625 0.01171875 0.01513671875
0 0.3597005208333333 0.289306640625 0.01953125 0.01611328125
0 0.5501302083333334 0.944091796875 0.014322916666666666 0.0185546875
0 0.24544270833333334 0.21044921875 0.016276041666666668 0.01416015625
0 0.5706380208333334 0.483642578125 0.013020833333333334 0.0126953125
0 0.24576822916666666 0.620361328125 0.017578125 0.0205078125
0 0.5458984375 0.60205078125 0.033203125 0.03271484375
0 0.23990885416666666 0.46923828125 0.014973958333333334 0.01416015625
0 0.7138671875 0.901123046875 0.026692708333333332 0.02099609375
0 0.755859375 0.873779296875 0.017578125 0.0224609375
0 0.6884765625 0.195068359375 0.01953125 0.0166015625
0 0.5569661458333334 0.86083984375 0.01171875 0.01123046875
0 0.6904296875 0.62890625 0.009114583333333334 0.0126953125
0 0.6334635416666666 0.949462890625 0.017578125 0.01416015625
0 0.2932942708333333 0.251708984375 0.009765625 0.01025390625
0 0.7301432291666666 0.86865234375 0.013020833333333334 0.0166015625
0 0.7145182291666666 0.93994140625 0.012369791666666666 0.0107421875
0 0.6748046875 0.820556640625 0.014973958333333334 0.01513671875
0 0.3502604166666667 0.519287109375 0.018229166666666668 0.0107421875
0 0.2506510416666667 0.457275390625 0.018229166666666668 0.01318359375
0 0.5690104166666666 0.532958984375 0.022786458333333332 0.01171875
0 0.7259114583333334 0.843994140625 0.018880208333333332 0.01953125
0 0.5052083333333334 0.35498046875 0.01953125 0.01318359375
0 0.6891276041666666 0.49169921875 0.011067708333333334 0.0126953125
0 0.5139973958333334 0.3369140625 0.022135416666666668 0.0126953125
0 0.4908854166666667 0.981201171875 0.017578125 0.01416015625
0 0.720703125 0.884521484375 0.017578125 0.01220703125
0 0.4560546875 0.92431640625 0.010416666666666666 0.01171875
0 0.7132161458333334 0.75537109375 0.014973958333333334 0.0107421875
0 0.6839192708333334 0.253662109375 0.016276041666666668 0.01318359375
0 0.2555338541666667 0.495849609375 0.009114583333333334 0.00927734375
0 0.5908203125 0.878662109375 0.020182291666666668 0.01025390625
0 0.6373697916666666 0.372314453125 0.014973958333333334 0.0078125
0 0.4931640625 0.19873046875 0.025390625 0.0126953125
0 0.2662760416666667 0.22216796875 0.014973958333333334 0.00732421875
0 0.5882161458333334 0.240478515625 0.013020833333333334 0.01220703125
0 0.6155598958333334 0.3564453125 0.018229166666666668 0.01220703125
0 0.6087239583333334 0.478759765625 0.02734375 0.01611328125
0 0.6399739583333334 0.876708984375 0.026041666666666668 0.01806640625
0 0.7047526041666666 0.614990234375 0.012369791666666666 0.00927734375
0 0.6520182291666666 0.235107421875 0.01171875 0.0068359375
0 0.603515625 0.230224609375 0.020182291666666668 0.01318359375
0 0.7138671875 0.239990234375 0.034505208333333336 0.041015625
0 0.6041666666666666 0.361328125 0.01171875 0.01025390625