0 0.476318359375 0.23177083333333334 0.02099609375 0.027994791666666668
0 0.47021484375 0.7115885416666666 0.0146484375 0.024739583333333332
0 0.53271484375 0.2789713541666667 0.0341796875 0.048177083333333336
0 0.384765625 0.439453125 0.03515625 0.037760416666666664
0 0.3505859375 0.2994791666666667 0.0419921875 0.046223958333333336
0 0.652099609375 0.5032552083333334 0.01708984375 0.020833333333333332
0 0.76220703125 0.5543619791666666 0.01611328125 0.022786458333333332
0 0.309814453125 0.3798828125 0.0205078125 0.017578125
0 0.159423828125 0.6624348958333334 0.01953125 0.037760416666666664
0 0.91357421875 0.390625 0.0224609375 0.024739583333333332
0 0.470703125 0.4352213541666667 0.02294921875 0.044270833333333336
0 0.588623046875 0.615234375 0.0146484375 0.018229166666666668
0 0.25341796875 0.20638020833333334 0.0205078125 0.016927083333333332
0 0.760498046875 0.4069010416666667 0.0185546875 0.024739583333333332
0 0.802978515625 0.3391927083333333 0.013671875 0.020833333333333332
0 0.245849609375 0.3264973958333333 0.01611328125 0.017578125
0 0.4736328125 0.6025390625 0.0234375 0.016927083333333332
0 0.695556640625 0.619140625 0.01220703125 0.022135416666666668
0 0.15087890625 0.2503255208333333 0.013671875 0.016927083333333332
0 0.575439453125 0.7060546875 0.013671875 0.01953125
0 0.39404296875 0.62890625 0.017578125 0.020833333333333332
0 0.983642578125 0.5192057291666666 0.015625 0.020833333333333332
0 0.66748046875 0.6067708333333334 0.01123046875 0.021484375
0 0.773193359375 0.3824869791666667 0.03369140625 0.037760416666666664
0 0.9228515625 0.6793619791666666 0.0341796875 0.018229166666666668
0 0.703857421875 0.2060546875 0.01318359375 0.022135416666666668
0 0.620361328125 0.357421875 0.01513671875 0.018880208333333332
0 0.552734375 0.3828125 0.01171875 0.011067708333333334
0 0.53857421875 0.7135416666666666 0.01708984375 0.018229166666666668
0 0.790771484375 0.5693359375 0.015625 0.022135416666666668
0 0.177734375 0.591796875 0.013671875 0.014322916666666666
0 0.787353515625 0.6370442708333334 0.01611328125 0.012369791666666666
0 0.665283203125 0.41796875 0.01220703125 0.009765625
0 0.68408203125 0.22298177083333334 0.0087890625 0.01953125
0 0.45068359375 0.5198567708333334 0.0126953125 0.013020833333333334
0 0.7421875 0.4212239583333333 0.013671875 0.01953125
0 0.814697265625 0.3863932291666667 0.01123046875 0.013671875
0 0.43994140625 0.318359375 0.01123046875 0.018880208333333332
0 0.28076171875 0.4150390625 0.01220703125 0.024739583333333332
0 0.466064453125 0.5198567708333334 0.0087890625 0.016927083333333332
0 0.2822265625 0.451171875 0.01171875 0.0234375
0 0.840576171875 0.6324869791666666 0.0146484375 0.014973958333333334
0 0.178955078125 0.4850260416666667 0.01318359375 0.018880208333333332
0 0.429931640625 0.2955729166666667 0.0166015625 0.014973958333333334
0 0.573486328125 0.64453125 0.01220703125 0.020833333333333332
0 0.4453125 0.4739583333333333 0.017578125 0.016276041666666668
0 0.930908203125 0.6676432291666666 0.01416015625 0.015625
0 0.89306640625 0.3489583333333333 0.00390625 0.008463541666666666
0 0.26220703125 0.7122395833333334 0.01220703125 0.014973958333333334
0 0.259765625 0.4153645833333333 0.01611328125 0.021484375
0 0.2568359375 0.4700520833333333 0.02783203125 0.030598958333333332
0 0.2255859375 0.2985026041666667 0.0107421875 0.0234375
0 0.3564453125 0.5501302083333334 0.01171875 0.0234375
0 0.522216796875 0.4482421875 0.0166015625 0.02734375
0 0.544921875 0.40234375 0.013671875 0.016927083333333332
0 0.57421875 0.3723958333333333 0.009765625 0.020182291666666668
0 0.5712890625 0.2972005208333333 0.009765625 0.0234375
0 0.611572265625 0.23763020833333334 0.01025390625 0.014322916666666666
0 0.872314453125 0.24544270833333334 0.00830078125 0.010416666666666666
0 0.89013671875 0.2692057291666667 0.017578125 0.009765625
0 0.833251953125 0.390625 0.009765625 0.020833333333333332
0 0.7607421875 0.5299479166666666 0.01416015625 0.014322916666666666
0 0.78515625 0.5485026041666666 0.01416015625 0.018880208333333332
0 0.688720703125 0.595703125 0.013671875 0.01171875
0 0.80029296875 0.6184895833333334 0.009765625 0.009114583333333334
0 0.66748046875 0.6881510416666666 0.0107421875 0.014322916666666666
0 0.66455078125 0.673828125 0.009765625 0.018880208333333332
0 0.49169921875 0.66796875 0.01513671875 0.015625
0 0.17529296875 0.5302734375 0.0068359375 0.007161458333333333
0 0.2412109375 0.6083984375 0.01416015625 0.014973958333333334
0 0.806640625 0.4417317708333333 0.0126953125 0.013020833333333334
0 0.6474609375 0.7467447916666666 0.00927734375 0.0078125
0 0.567626953125 0.638671875 0.0078125 0.013020833333333334
0 0.236328125 0.5537109375 0.0126953125 0.012369791666666666
0 0.32470703125 0.24186197916666666 0.01513671875 0.017578125
0 0.358154296875 0.21549479166666666 0.01318359375 0.011067708333333334
0 0.638671875 0.4261067708333333 0.01904296875 0.01953125
0 0.8759765625 0.4365234375 0.0146484375 0.016927083333333332
0 0.853515625 0.4202473958333333 0.01220703125 0.0234375
0 0.5302734375 0.5078125 0.0126953125 0.014973958333333334
0 0.2802734375 0.6754557291666666 0.025390625 0.025390625
0 0.265869140625 0.3277994791666667 0.01318359375 0.014973958333333334
0 0.212646484375 0.2594401041666667 0.00830078125 0.020182291666666668
0 0.16162109375 0.2626953125 0.01708984375 0.014322916666666666
0 0.43701171875 0.21875 0.01416015625 0.014322916666666666
0 0.453125 0.41796875 0.01123046875 0.013671875
0 0.586181640625 0.5319010416666666 0.009765625 0.011067708333333334
0 0.529541015625 0.5836588541666666 0.0107421875 0.020182291666666668
0 0.438720703125 0.53515625 0.009765625 0.016927083333333332
0 0.377685546875 0.4918619791666667 0.02294921875 0.021484375