0 0.616455078125 0.5279947916666666 0.02490234375 0.036458333333333336
0 0.2841796875 0.8997395833333334 0.0234375 0.033854166666666664
0 0.647705078125 0.06282552083333333 0.029296875 0.036458333333333336
0 0.465576171875 0.3606770833333333 0.02685546875 0.037760416666666664
0 0.58154296875 0.8626302083333334 0.02490234375 0.033203125
0 0.32421875 0.8681640625 0.02783203125 0.030598958333333332
0 0.66162109375 0.5953776041666666 0.01611328125 0.021484375
0 0.58349609375 0.4921875 0.0166015625 0.027994791666666668
0 0.62744140625 0.8193359375 0.0205078125 0.042317708333333336
0 0.50341796875 0.6357421875 0.029296875 0.033854166666666664
0 0.671142578125 0.6572265625 0.0205078125 0.034505208333333336
0 0.657470703125 0.0244140625 0.017578125 0.031901041666666664
0 0.483642578125 0.7021484375 0.017578125 0.029947916666666668
0 0.32275390625 0.5465494791666666 0.025390625 0.042317708333333336
0 0.673828125 0.0849609375 0.02392578125 0.025390625
0 0.2578125 0.7858072916666666 0.017578125 0.032552083333333336
0 0.437255859375 0.3138020833333333 0.025390625 0.0390625
0 0.322021484375 0.2955729166666667 0.02783203125 0.036458333333333336
0 0.548095703125 0.8912760416666666 0.0263671875 0.034505208333333336
0 0.60302734375 0.8216145833333334 0.01953125 0.033854166666666664
0 0.257080078125 0.0185546875 0.01953125 0.025390625
0 0.2587890625 0.4908854166666667 0.01806640625 0.022135416666666668
0 0.550537109375 0.5911458333333334 0.01318359375 0.025390625
0 0.635009765625 0.6988932291666666 0.013671875 0.021484375
0 0.599853515625 0.9215494791666666 0.04296875 0.060546875
0 0.27294921875 0.2744140625 0.03759765625 0.056640625
0 0.2607421875 0.10384114583333333 0.04296875 0.06380208333333333
0 0.40380859375 0.3883463541666667 0.04296875 0.0625
0 0.322021484375 0.5022786458333334 0.01611328125 0.025390625
0 0.57470703125 0.2727864583333333 0.04345703125 0.06705729166666667
0 0.477294921875 0.1767578125 0.0390625 0.047526041666666664
0 0.478271484375 0.9908854166666666 0.04345703125 0.018229166666666668
0 0.52880859375 0.11165364583333333 0.03662109375 0.040364583333333336
0 0.651611328125 0.53125 0.037109375 0.048177083333333336
0 0.451416015625 0.0244140625 0.05029296875 0.048828125
0 0.626708984375 0.3203125 0.04248046875 0.054036458333333336
0 0.3994140625 0.16471354166666666 0.03857421875 0.061848958333333336
0 0.514892578125 0.3043619791666667 0.048828125 0.06575520833333333
0 0.371337890625 0.20475260416666666 0.03564453125 0.05078125
0 0.656005859375 0.2561848958333333 0.0361328125 0.060546875
0 0.61181640625 0.4407552083333333 0.03857421875 0.05078125
0 0.413330078125 0.6370442708333334 0.04296875 0.056640625
0 0.531005859375 0.498046875 0.037109375 0.046223958333333336
0 0.647216796875 0.6673177083333334 0.0302734375 0.053385416666666664
0 0.61376953125 0.16861979166666666 0.05078125 0.068359375
0 0.418701171875 0.2698567708333333 0.0380859375 0.059895833333333336
0 0.658447265625 0.134765625 0.04248046875 0.0546875
0 0.49169921875 0.8671875 0.0166015625 0.020833333333333332
0 0.466796875 0.7604166666666666 0.044921875 0.08138020833333333
0 0.676513671875 0.5621744791666666 0.0126953125 0.014973958333333334
0 0.646240234375 0.7926432291666666 0.01220703125 0.018880208333333332
0 0.57958984375 0.125 0.05419921875 0.08333333333333333
0 0.6787109375 0.4827473958333333 0.00927734375 0.018229166666666668
0 0.599609375 0.060546875 0.02392578125 0.0234375
0 0.2626953125 0.20345052083333334 0.044921875 0.08072916666666667
0 0.41015625 0.775390625 0.01806640625 0.029947916666666668
0 0.448486328125 0.4095052083333333 0.0419921875 0.06380208333333333
0 0.662109375 0.3037109375 0.025390625 0.0546875
0 0.24853515625 0.4231770833333333 0.01708984375 0.021484375
0 0.3037109375 0.09407552083333333 0.0439453125 0.0546875
0 0.35205078125 0.035481770833333336 0.03857421875 0.06315104166666667
0 0.3359375 0.06705729166666667 0.0126953125 0.021484375
0 0.32080078125 0.023111979166666668 0.01416015625 0.016276041666666668
0 0.36181640625 0.14778645833333334 0.01318359375 0.014322916666666666
0 0.395751953125 0.0546875 0.0146484375 0.025390625
0 0.496337890625 0.025065104166666668 0.04345703125 0.050130208333333336
0 0.5498046875 0.0107421875 0.01220703125 0.021484375
0 0.27001953125 0.3255208333333333 0.03564453125 0.055338541666666664
0 0.280517578125 0.3828125 0.0107421875 0.012369791666666666
0 0.266845703125 0.4088541666666667 0.01513671875 0.027994791666666668
0 0.286376953125 0.5787760416666666 0.01123046875 0.01171875
0 0.279541015625 0.5914713541666666 0.01318359375 0.013020833333333334
0 0.295654296875 0.6311848958333334 0.009765625 0.02734375
0 0.275146484375 0.5595703125 0.013671875 0.020182291666666668
0 0.26416015625 0.6497395833333334 0.0146484375 0.026692708333333332
0 0.280029296875 0.6959635416666666 0.0146484375 0.016927083333333332
0 0.310302734375 0.7861328125 0.01953125 0.022786458333333332
0 0.3359375 0.69921875 0.00732421875 0.009765625
0 0.35498046875 0.6796875 0.0087890625 0.013671875
0 0.329345703125 0.6471354166666666 0.00732421875 0.0078125
0 0.3837890625 0.5540364583333334 0.01171875 0.0234375
0 0.3994140625 0.5514322916666666 0.01611328125 0.015625
0 0.406005859375 0.5348307291666666 0.0087890625 0.016276041666666668
0 0.4091796875 0.5970052083333334 0.01318359375 0.025390625
0 0.4033203125 0.4723307291666667 0.01611328125 0.022135416666666668
0 0.611572265625 0.1240234375 0.009765625 0.016927083333333332
0 0.569580078125 0.1650390625 0.00927734375 0.011067708333333334
0 0.57666015625 0.23307291666666666 0.0126953125 0.016276041666666668
0 0.569580078125 0.4762369791666667 0.0107421875 0.016276041666666668
0 0.57861328125 0.7770182291666666 0.0126953125 0.020833333333333332
0 0.6591796875 0.7386067708333334 0.02490234375 0.038411458333333336
0 0.25 0.5550130208333334 0.02490234375 0.024739583333333332
0 0.37255859375 0.255859375 0.01611328125 0.02734375
0 0.309326171875 0.17057291666666666 0.00830078125 0.015625
0 0.304443359375 0.15494791666666666 0.0087890625 0.014973958333333334
0 0.290771484375 0.21158854166666666 0.0078125 0.010416666666666666
0 0.326171875 0.271484375 0.015625 0.018229166666666668
0 0.408447265625 0.23893229166666666 0.00830078125 0.014322916666666666
0 0.4052734375 0.21061197916666666 0.0322265625 0.034505208333333336
0 0.35986328125 0.55859375 0.01318359375 0.018229166666666668
0 0.4208984375 0.5582682291666666 0.0068359375 0.009114583333333334
0 0.4208984375 0.5735677083333334 0.01171875 0.014973958333333334
0 0.489990234375 0.07161458333333333 0.01513671875 0.018229166666666668
0 0.477783203125 0.07161458333333333 0.01025390625 0.016276041666666668
0 0.498291015625 0.15950520833333334 0.009765625 0.020182291666666668
0 0.51953125 0.2109375 0.0126953125 0.021484375
0 0.63720703125 0.036458333333333336 0.0126953125 0.018229166666666668
0 0.678955078125 0.12109375 0.01220703125 0.016927083333333332
0 0.4169921875 0.326171875 0.01513671875 0.022786458333333332
0 0.44970703125 0.6995442708333334 0.01123046875 0.01953125
0 0.321044921875 0.9244791666666666 0.01904296875 0.02734375
0 0.484375 0.9410807291666666 0.015625 0.0234375
0 0.58447265625 0.75390625 0.01611328125 0.016927083333333332
0 0.6298828125 0.2545572916666667 0.01171875 0.018880208333333332
0 0.37548828125 0.3701171875 0.01611328125 0.025390625
0 0.337158203125 0.4072265625 0.01806640625 0.0234375
0 0.264404296875 0.3590494791666667 0.02197265625 0.022135416666666668
0 0.34619140625 0.5279947916666666 0.01513671875 0.024739583333333332
0 0.32275390625 0.5791015625 0.0166015625 0.016927083333333332
0 0.324951171875 0.5966796875 0.0146484375 0.026692708333333332
0 0.245849609375 0.9361979166666666 0.0126953125 0.016927083333333332
0 0.326904296875 0.9934895833333334 0.01220703125 0.013020833333333334
0 0.329345703125 0.9475911458333334 0.01123046875 0.018229166666666668
0 0.30078125 0.9371744791666666 0.0166015625 0.017578125
0 0.40966796875 0.7161458333333334 0.01708984375 0.018880208333333332
0 0.60205078125 0.9596354166666666 0.01123046875 0.021484375
0 0.666748046875 0.986328125 0.017578125 0.021484375
0 0.514404296875 0.7724609375 0.0185546875 0.022135416666666668
0 0.51904296875 0.8069661458333334 0.0126953125 0.027994791666666668
0 0.509033203125 0.8802083333333334 0.01611328125 0.020833333333333332
0 0.494384765625 0.3850911458333333 0.01171875 0.017578125
0 0.671875 0.06575520833333333 0.0146484375 0.018880208333333332
0 0.681884765625 0.056966145833333336 0.00830078125 0.01953125
0 0.559814453125 0.08138020833333333 0.00830078125 0.012369791666666666
0 0.583740234375 0.9921875 0.01318359375 0.015625