0 0.28424603174603175 0.7787748015873015 0.021068121693121666 0.02585317460317471
0 0.4136078042328042 0.19047123015873016 0.05126322751322757 0.04703869047619047
0 0.5221792328042327 0.5761979166666666 0.038422619047618976 0.031247519841269833
0 0.5300132275132275 0.2157738095238095 0.023951719576719526 0.019278273809523794
0 0.29999338624338623 0.639077380952381 0.025347222222222188 0.016684027777777777
0 0.4967361111111111 0.33043402777777775 0.023875661375661366 0.015218253968253936
0 0.6124867724867725 0.8295064484126984 0.03554232804232808 0.015984623015873112
0 0.6537665343915343 0.940672123015873 0.036984126984126973 0.02042410714285703
0 0.5598842592592592 0.6372718253968254 0.03654761904761905 0.039047619047619
0 0.5324404761904761 0.5037772817460318 0.015138888888888887 0.013861607142857224
0 0.5930423280423279 0.3583978174603174 0.01673280423280425 0.015538194444444486
0 0.30428240740740736 0.6019320436507936 0.021517857142857144 0.019124503968253936
0 0.3291468253968254 0.4496378968253968 0.05907076719576717 0.03819692460317459
0 0.631521164021164 0.37428075396825394 0.019877645502645553 0.01623015873015876
0 0.40666997354497353 0.4101438492063492 0.018498677248677264 0.02002232142857141
0 0.22727843915343912 0.2996304563492063 0.05812499999999998 0.03192708333333327
0 0.4694444444444444 0.5116691468253969 0.04580357142857139 0.0360813492063492
0 0.46256944444444437 0.6539632936507936 0.023369708994709065 0.015885416666666652
0 0.5795370370370371 0.5018625992063491 0.033611111111111036 0.029828869047618944
0 0.6180489417989418 0.4590228174603174 0.043201058201058164 0.01868799603174598
0 0.3663161375661375 0.5540178571428571 0.024685846560846603 0.013685515873015808
0 0.44427248677248676 0.7366096230158731 0.015234788359788384 0.016922123015872925
0 0.3788789682539682 0.30395833333333333 0.05218253968253972 0.030850694444444438
0 0.6357341269841269 0.26880456349206344 0.022490079365079296 0.01876984126984127
0 0.6116997354497354 0.47683283730158726 0.024837962962962923 0.016790674603174627
0 0.46892857142857136 0.9568799603174603 0.026286375661375594 0.015359623015873014
0 0.4290773809523809 0.6074925595238094 0.02223875661375659 0.018283730158730194
0 0.6207440476190477 0.7071750992063491 0.0186772486772487 0.01835317460317465
0 0.3640641534391535 0.5117311507936508 0.020674603174603234 0.018824404761904834
0 0.4292890211640212 0.39508432539682536 0.01620039682539683 0.012782738095238111
0 0.4520304232804233 0.45918898809523806 0.050102513227513246 0.03353670634920636
0 0.3332010582010582 0.37015624999999996 0.04294642857142857 0.03318204365079369
0 0.6301455026455026 0.23167410714285713 0.016527777777777846 0.013157242063492058
0 0.49407407407407405 0.37828124999999996 0.021484788359788325 0.014362599206349191
0 0.479292328042328 0.7153794642857142 0.014798280423280463 0.012859623015873067
0 0.43712962962962965 0.3505828373015873 0.026197089947089875 0.01614087301587297
0 0.43826719576719575 0.8291542658730159 0.03581018518518523 0.020354662698412795
0 0.4072222222222222 0.4728000992063492 0.017089947089947117 0.015290178571428559
0 0.3817791005291005 0.9124975198412698 0.03416335978835979 0.03368055555555549
0 0.23612764550264545 0.42596478174603175 0.0218882275132275 0.015922619047619047
0 0.6812665343915344 0.7380332341269841 0.018988095238095266 0.015034722222222241
0 0.6598974867724867 0.732594246031746 0.01670634920634928 0.016736111111111063
0 0.22996031746031745 0.6700024801587301 0.020211640211640198 0.01648561507936508
0 0.5052050264550264 0.22633432539682538 0.013452380952380919 0.013048115079365097
0 0.46440145502645497 0.41212549603174603 0.030694444444444507 0.018673115079365088
0 0.5767261904761904 0.8355977182539682 0.03337962962962967 0.03707093253968252
0 0.2665509259259259 0.6333953373015873 0.02337632275132277 0.019707341269841194
0 0.5713789682539682 0.29169394841269836 0.02050595238095232 0.023182043650793682
0 0.24567460317460313 0.9029216269841269 0.03192129629629633 0.032941468253968154
0 0.4607440476190476 0.5889930555555556 0.02288029100529106 0.010830853174603083
0 0.46460978835978833 0.7733432539682539 0.014255952380952378 0.014962797619047619
0 0.6301488095238095 0.3080555555555555 0.026878306878306873 0.018519345238095286
0 0.3143253968253968 0.4973561507936507 0.016567460317460297 0.01596974206349211
0 0.6106878306878306 0.5380109126984127 0.03982473544973549 0.027061011904761845
0 0.6378902116402116 0.7017534722222222 0.016987433862433843 0.016850198412698303
0 0.1934920634920635 0.6500496031746031 0.047030423280423284 0.031173115079365044
0 0.2154960317460317 0.6564806547619046 0.016461640211640205 0.011927083333333366
0 0.18862103174603173 0.6695833333333333 0.013773148148148154 0.011249999999999982
0 0.349699074074074 0.5223214285714285 0.015453042328042343 0.011671626984127048
0 0.27596230158730156 0.30096478174603175 0.011084656084656105 0.006840277777777737
0 0.31745039682539683 0.2835739087301587 0.010750661375661386 0.009298115079365066
0 0.4162103174603174 0.2578670634920635 0.01343584656084662 0.01334821428571431
0 0.5033829365079364 0.31886160714285716 0.01511574074074081 0.010381944444444402
0 0.6097023809523809 0.30299107142857146 0.014781746031746016 0.010386904761904736
0 0.6177645502645502 0.2849702380952381 0.010079365079365132 0.009117063492063537
0 0.6664748677248677 0.26203373015873016 0.01612433862433867 0.012571924603174578
0 0.6217956349206348 0.5878199404761905 0.024186507936507933 0.017202380952380913
0 0.6290178571428572 0.5715649801587301 0.025195105820105795 0.016939484126984095
0 0.6189417989417989 0.5561904761904761 0.014444444444444482 0.011386408730158726
0 0.6681547619047619 0.6107539682539682 0.016795634920635 0.015704365079365123
0 0.6935185185185184 0.5762251984126984 0.0124305555555555 0.01114583333333341
0 0.6679861111111111 0.6393402777777778 0.02049272486772491 0.017956349206349254
0 0.6273412698412698 0.7273958333333334 0.01780423280423286 0.015188492063492154
0 0.6572354497354497 0.7171899801587301 0.011084656084656105 0.011401289682539728
0 0.6404398148148148 0.8853546626984127 0.02049272486772491 0.017185019841269744
0 0.4420767195767195 0.9040054563492063 0.02485780423280426 0.017194940476190412
0 0.2694113756613757 0.9531498015873016 0.016124338624338597 0.015208333333333268
0 0.2554695767195767 0.9469742063492063 0.013773148148148154 0.019489087301587382
0 0.2613492063492064 0.9293328373015873 0.023515211640211604 0.015446428571428639
0 0.2287632275132275 0.9276959325396824 0.014781746031746016 0.01771329365079355
0 0.1731679894179894 0.9541567460317459 0.01578703703703706 0.009665178571428568
0 0.3500330687830688 0.8349776785714286 0.05710648148148145 0.03080853174603182
0 0.35373015873015873 0.8112896825396825 0.02015542328042323 0.01467509920634913
0 0.18811838624338625 0.7655555555555554 0.046359126984126954 0.0355753968253969
0 0.21028769841269837 0.7018229166666666 0.05710648148148145 0.03559027777777768
0 0.33558862433862435 0.6543229166666666 0.018812830687830722 0.00912202380952376
0 0.4272949735449736 0.5975099206349206 0.017466931216931176 0.00886904761904761
0 0.4474503968253967 0.41207589285714286 0.018141534391534393 0.015324900793650786
0 0.531600529100529 0.3904141865079365 0.01780423280423286 0.02186507936507931
0 0.26790013227513226 0.32855902777777773 0.03459986772486771 0.026659226190476226
0 0.29074404761904765 0.22589037698412695 0.009742063492063524 0.011793154761904734
0 0.35272156084656087 0.22539186507936507 0.045013227513227484 0.02348958333333334
0 0.3579265873015873 0.2358457341269841 0.013101851851851828 0.013048115079365097
0 0.4281349206349206 0.22589285714285712 0.011755952380952431 0.010887896825396814
0 0.42796957671957675 0.31635664682539677 0.01411044973544969 0.010753968253968238
0 0.2695800264550265 0.531517857142857 0.019818121693121693 0.010414186507936574
0 0.22523809523809524 0.4924503968253968 0.036617063492063506 0.017331349206349156
0 0.48176256613756613 0.2740550595238095 0.01322751322751318 0.011324404761904772
0 0.47283068783068777 0.8269593253968254 0.015892857142857153 0.014900793650793664
0 0.5888492063492063 0.43621527777777774 0.017354497354497383 0.009399801587301582
0 0.23365410052910052 0.2716220238095238 0.0225198412698413 0.017100694444444398
0 0.23477843915343913 0.23319444444444443 0.026461640211640214 0.009923115079365052
0 0.30811177248677246 0.2268625992063492 0.014358465608465579 0.011190476190476195
0 0.3014980158730159 0.18812003968253968 0.01689153439153442 0.00929067460317462
0 0.294457671957672 0.18442460317460316 0.018578042328042315 0.009079861111111087
0 0.4359193121693121 0.42437499999999995 0.013792989417989343 0.008444940476190488
0 0.36680555555555555 0.4181473214285714 0.025899470899470867 0.016679067460317443
0 0.6045436507936508 0.4249032738095238 0.016044973544973473 0.009501488095238098
0 0.32739417989417985 0.40906994047619044 0.015201719576719563 0.012879464285714293
0 0.21788690476190475 0.39724454365079365 0.017453703703703694 0.009079861111111143
0 0.310082671957672 0.47293650793650793 0.017172619047619058 0.013933531746031735
0 0.31965277777777773 0.42416418650793647 0.021676587301587318 0.014357638888888857
0 0.2056415343915344 0.40505704365079365 0.012106481481481449 0.009501488095238098
0 0.490952380952381 0.6677058531746032 0.017453703703703766 0.015835813492063533
0 0.34175264550264545 0.7995585317460318 0.021957671957672027 0.014779265873015923
0 0.25744047619047616 0.7490972222222222 0.017172619047619058 0.019002976190476195
0 0.28840608465608464 0.9360540674603174 0.025052910052910066 0.01752480158730152
0 0.19677579365079365 0.9169469246031746 0.025337301587301592 0.015625
0 0.20437499999999997 0.9485119047619047 0.021395502645502606 0.014990079365079456
0 0.7065906084656084 0.8408333333333332 0.01576388888888876 0.016679067460317443
0 0.5956481481481481 0.4719345238095238 0.010770502645502647 0.009042658730158748
0 0.24054232804232803 0.5446329365079365 0.012017195767195732 0.010379464285714235
0 0.2073115079365079 0.6310590277777777 0.02152777777777774 0.012167658730158681
0 0.255978835978836 0.8829439484126984 0.015909391534391526 0.01848462301587306
0 0.4962037037037037 0.8789657738095237 0.010919312169312226 0.010528273809523814