0 0.359375 0.807373046875 0.018880208333333332 0.01806640625
0 0.3310546875 0.284912109375 0.018880208333333332 0.0166015625
0 0.4684244791666667 0.48876953125 0.042317708333333336 0.04052734375
0 0.5940755208333334 0.37548828125 0.0390625 0.02880859375
0 0.2845052083333333 0.41943359375 0.018880208333333332 0.01513671875
0 0.734375 0.604248046875 0.037109375 0.02685546875
0 0.7379557291666666 0.28369140625 0.015625 0.0146484375
0 0.3323567708333333 0.677001953125 0.024088541666666668 0.021484375
0 0.4016927083333333 0.85205078125 0.025390625 0.0166015625
0 0.7281901041666666 0.94482421875 0.048177083333333336 0.0361328125
0 0.44921875 0.594970703125 0.017578125 0.01611328125
0 0.7340494791666666 0.845458984375 0.016276041666666668 0.0166015625
0 0.6376953125 0.780517578125 0.013020833333333334 0.0185546875
0 0.4228515625 0.296630859375 0.054036458333333336 0.052734375
0 0.55859375 0.851806640625 0.039713541666666664 0.03076171875
0 0.525390625 0.822265625 0.025390625 0.02001953125
0 0.3564453125 0.34326171875 0.020182291666666668 0.01513671875
0 0.3450520833333333 0.496337890625 0.021484375 0.0146484375
0 0.7666015625 0.95751953125 0.018229166666666668 0.01806640625
0 0.6751302083333334 0.494140625 0.018880208333333332 0.0146484375
0 0.298828125 0.379150390625 0.022786458333333332 0.01416015625
0 0.3671875 0.448486328125 0.027994791666666668 0.02197265625
0 0.2880859375 0.9150390625 0.033203125 0.0302734375
0 0.3453776041666667 0.7724609375 0.014973958333333334 0.01416015625
0 0.4576822916666667 0.176513671875 0.017578125 0.013671875
0 0.2874348958333333 0.64501953125 0.022135416666666668 0.01806640625
0 0.6787109375 0.779296875 0.013020833333333334 0.013671875
0 0.2903645833333333 0.59912109375 0.01953125 0.01416015625
0 0.71484375 0.902099609375 0.01171875 0.01123046875
0 0.6087239583333334 0.651123046875 0.013671875 0.01416015625
0 0.3642578125 0.92041015625 0.013671875 0.01123046875
0 0.6692708333333334 0.92041015625 0.011067708333333334 0.0126953125
0 0.3307291666666667 0.633056640625 0.012369791666666666 0.0126953125
0 0.5100911458333334 0.935546875 0.018229166666666668 0.01171875
0 0.32421875 0.794921875 0.01171875 0.01025390625
0 0.6181640625 0.29345703125 0.014322916666666666 0.01171875
0 0.7021484375 0.673095703125 0.016276041666666668 0.0107421875
0 0.3570963541666667 0.8583984375 0.009765625 0.00927734375
0 0.5361328125 0.34521484375 0.011067708333333334 0.01025390625
0 0.7268880208333334 0.666259765625 0.0234375 0.017578125
0 0.4052734375 0.90673828125 0.013020833333333334 0.01318359375
0 0.4287109375 0.75146484375 0.014973958333333334 0.01171875
0 0.4951171875 0.74169921875 0.009114583333333334 0.009765625
0 0.2887369791666667 0.6162109375 0.016276041666666668 0.013671875
0 0.47265625 0.253173828125 0.014973958333333334 0.01025390625
0 0.34765625 0.517822265625 0.017578125 0.01123046875
0 0.7353515625 0.23681640625 0.013671875 0.01123046875
0 0.5133463541666666 0.9091796875 0.013671875 0.00927734375
0 0.3245442708333333 0.93896484375 0.015625 0.01611328125
0 0.58203125 0.18505859375 0.013020833333333334 0.00927734375
0 0.697265625 0.48681640625 0.01171875 0.0107421875
0 0.5166015625 0.279541015625 0.014322916666666666 0.0087890625
0 0.5836588541666666 0.7958984375 0.012369791666666666 0.0087890625
0 0.4212239583333333 0.425537109375 0.012369791666666666 0.00927734375
0 0.638671875 0.23046875 0.013671875 0.00927734375
0 0.443359375 0.56494140625 0.012369791666666666 0.0087890625
0 0.46484375 0.27783203125 0.029947916666666668 0.03173828125
0 0.6087239583333334 0.603271484375 0.013020833333333334 0.01025390625
0 0.2724609375 0.37548828125 0.016927083333333332 0.0126953125
0 0.3235677083333333 0.57470703125 0.013671875 0.01123046875
0 0.2858072916666667 0.31591796875 0.009765625 0.00927734375
0 0.5094401041666666 0.53515625 0.011067708333333334 0.00927734375
0 0.6842447916666666 0.726806640625 0.010416666666666666 0.00927734375
0 0.4947916666666667 0.23046875 0.010416666666666666 0.0087890625
0 0.5833333333333334 0.987548828125 0.021484375 0.0126953125
0 0.3994140625 0.256591796875 0.008463541666666666 0.00830078125
0 0.2854817708333333 0.29443359375 0.008463541666666666 0.01025390625
0 0.638671875 0.179443359375 0.009114583333333334 0.00732421875
0 0.5478515625 0.169921875 0.009765625 0.0087890625
0 0.6048177083333334 0.297607421875 0.013671875 0.01318359375
0 0.6481119791666666 0.3955078125 0.009765625 0.01171875
0 0.7021484375 0.59423828125 0.012369791666666666 0.0107421875
0 0.5595703125 0.6650390625 0.016927083333333332 0.00927734375
0 0.4765625 0.6884765625 0.014322916666666666 0.009765625
0 0.6220703125 0.79052734375 0.008463541666666666 0.01025390625
0 0.6888020833333334 0.718017578125 0.012369791666666666 0.01025390625
0 0.6848958333333334 0.853271484375 0.013671875 0.00927734375
0 0.7431640625 0.91796875 0.03125 0.02294921875
0 0.6878255208333334 0.9462890625 0.014973958333333334 0.01025390625
0 0.5419921875 0.91455078125 0.01171875 0.01220703125
0 0.5013020833333334 0.8642578125 0.012369791666666666 0.01025390625
0 0.55859375 0.8720703125 0.017578125 0.015625
0 0.5364583333333334 0.867919921875 0.020182291666666668 0.01171875
0 0.3509114583333333 0.95361328125 0.021484375 0.01513671875
0 0.3059895833333333 0.9208984375 0.021484375 0.02099609375
0 0.3430989583333333 0.734619140625 0.016927083333333332 0.01025390625
0 0.4078776041666667 0.5732421875 0.016927083333333332 0.0146484375
0 0.3912760416666667 0.543701171875 0.013671875 0.009765625
0 0.3121744791666667 0.48974609375 0.015625 0.00927734375
0 0.3961588541666667 0.460205078125 0.01953125 0.00927734375
0 0.2705078125 0.385498046875 0.013020833333333334 0.01171875
0 0.6617838541666666 0.2119140625 0.013671875 0.00927734375
0 0.2955729166666667 0.54052734375 0.020182291666666668 0.01318359375
0 0.7340494791666666 0.627197265625 0.024739583333333332 0.02001953125
0 0.3805338541666667 0.661376953125 0.014973958333333334 0.01416015625
0 0.5315755208333334 0.576904296875 0.013671875 0.00927734375
0 0.671875 0.521728515625 0.01171875 0.0068359375