0 0.8146701388888888 0.7516302910052909 0.02777777777777768 0.04196428571428582
0 0.4967881944444444 0.35981481481481475 0.035111607142857104 0.046994047619047574
0 0.7734052579365078 0.40381283068783075 0.031197916666666714 0.0393320105820106
0 0.7663938492063491 0.5749669312169312 0.013164682539682504 0.022992724867724856
0 0.3009945436507936 0.5402777777777777 0.01964533730158735 0.027166005291005362
0 0.3638764880952381 0.30667989417989416 0.010386904761904736 0.020777116402116436
0 0.5193650793650794 0.41755291005291006 0.015558035714285712 0.020000000000000018
0 0.32646329365079363 0.5108862433862434 0.019469246031746046 0.02215608465608465
0 0.2410887896825397 0.6097519841269842 0.01576388888888891 0.022212301587301624
0 0.7209821428571428 0.5752513227513227 0.013772321428571432 0.02544973544973539
0 0.3385664682539682 0.31771164021164017 0.013035714285714262 0.022202380952380956
0 0.36398561507936505 0.40065476190476185 0.010880456349206313 0.01280092592592593
0 0.5634722222222223 0.7077116402116402 0.013330853174603252 0.017691798941799064
0 0.2671354166666666 0.41950396825396824 0.008425099206349151 0.013121693121693164
0 0.23715029761904763 0.694100529100529 0.010917658730158708 0.018260582010581967
0 0.3181225198412698 0.6506216931216932 0.007884424603174622 0.01329695767195771
0 0.3548933531746032 0.6022949735449735 0.01410218253968254 0.025042989417989475
0 0.2294171626984127 0.6220238095238094 0.010917658730158708 0.019953703703703713
0 0.23237599206349208 0.5705555555555555 0.012889384920634905 0.01169312169312168
0 0.4972743055555555 0.5800661375661375 0.008945932539682566 0.013396164021163948
0 0.38681051587301585 0.5227480158730159 0.009097222222222201 0.016329365079365072
0 0.38377976190476193 0.5083928571428572 0.015163690476190483 0.013998015873015893
0 0.4099355158730158 0.4915178571428571 0.012281746031746033 0.019351851851851915
0 0.40970734126984126 0.4192361111111111 0.014858630952380936 0.020773809523809472
0 0.301671626984127 0.31055555555555553 0.008035714285714257 0.01776124338624337
0 0.3136483134920635 0.2935747354497354 0.011371527777777724 0.010545634920634908
0 0.24389880952380952 0.4886739417989418 0.014707341269841245 0.014520502645502642
0 0.5667237103174604 0.4155621693121693 0.009806547619047645 0.009004629629629632
0 0.5762921626984127 0.5405853174603175 0.010285218253968331 0.016044973544973473
0 0.6849950396825397 0.543776455026455 0.013392857142857206 0.016686507936507944
0 0.7372544642857143 0.4667427248677249 0.008849206349206273 0.011861772486772448
0 0.9356473214285714 0.7255820105820106 0.005367063492063506 0.012678571428571317
0 0.5129885912698412 0.4696296296296296 0.011113591269841239 0.015826719576719512
0 0.6293005952380952 0.3820667989417989 0.00833581349206347 0.0138062169312169
0 0.6064781746031747 0.5811805555555555 0.009117063492063426 0.016104497354497333
0 0.9378397817460317 0.4386507936507937 0.01170138888888883 0.014626322751322807