0 0.3802083333333333 0.626953125 0.05859375 0.02880859375
0 0.2138671875 0.37646484375 0.022786458333333332 0.01025390625
0 0.3746744791666667 0.436279296875 0.022786458333333332 0.013671875
0 0.8388671875 0.309814453125 0.030598958333333332 0.01904296875
0 0.3134765625 0.53466796875 0.017578125 0.0107421875
0 0.19661458333333334 0.656005859375 0.020833333333333332 0.01513671875
0 0.7353515625 0.5390625 0.029296875 0.02001953125
0 0.3479817708333333 0.661865234375 0.022135416666666668 0.015625
0 0.6087239583333334 0.6806640625 0.01953125 0.0126953125
0 0.544921875 0.662841796875 0.018880208333333332 0.01904296875
0 0.849609375 0.41357421875 0.02734375 0.017578125
0 0.7047526041666666 0.45263671875 0.032552083333333336 0.021484375
0 0.9449869791666666 0.33251953125 0.021484375 0.01513671875
0 0.703125 0.420654296875 0.024088541666666668 0.01416015625
0 0.9703776041666666 0.654052734375 0.033203125 0.02001953125
0 0.27734375 0.378173828125 0.01953125 0.01123046875
0 0.8509114583333334 0.69287109375 0.018880208333333332 0.01708984375
0 0.3372395833333333 0.615234375 0.026041666666666668 0.01806640625
0 0.7542317708333334 0.62548828125 0.021484375 0.0146484375
0 0.9664713541666666 0.682861328125 0.033203125 0.0263671875
0 0.9124348958333334 0.3154296875 0.02734375 0.01318359375
0 0.7014973958333334 0.625732421875 0.016276041666666668 0.01318359375
0 0.5501302083333334 0.619140625 0.01953125 0.01416015625
0 0.6279296875 0.69091796875 0.012369791666666666 0.009765625
0 0.08235677083333333 0.45068359375 0.032552083333333336 0.0185546875
0 0.7272135416666666 0.6669921875 0.015625 0.00830078125
0 0.658203125 0.571533203125 0.013671875 0.009765625
0 0.3072916666666667 0.59619140625 0.01953125 0.01513671875
0 0.4248046875 0.55615234375 0.022786458333333332 0.017578125
0 0.3557942708333333 0.5693359375 0.03125 0.02490234375
0 0.8782552083333334 0.700927734375 0.015625 0.01025390625
0 0.4680989583333333 0.61474609375 0.017578125 0.0107421875
0 0.3522135416666667 0.69140625 0.018229166666666668 0.01025390625
0 0.4501953125 0.646728515625 0.01171875 0.00830078125
0 0.6982421875 0.35400390625 0.022786458333333332 0.02490234375
0 0.669921875 0.439453125 0.012369791666666666 0.00927734375
0 0.10677083333333333 0.660400390625 0.016276041666666668 0.01611328125
0 0.9983723958333334 0.58740234375 0.0032552083333333335 0.0087890625
0 0.9309895833333334 0.59765625 0.030598958333333332 0.01708984375
0 0.8753255208333334 0.3134765625 0.027994791666666668 0.0126953125
0 0.07291666666666667 0.4150390625 0.014322916666666666 0.0107421875
0 0.6764322916666666 0.642822265625 0.010416666666666666 0.00830078125
0 0.509765625 0.50439453125 0.014322916666666666 0.0126953125
0 0.4850260416666667 0.387451171875 0.016927083333333332 0.01416015625
0 0.6764322916666666 0.55126953125 0.013020833333333334 0.00830078125
0 0.3118489583333333 0.5537109375 0.01171875 0.009765625
0 0.3792317708333333 0.691650390625 0.013020833333333334 0.009765625
0 0.4817708333333333 0.336669921875 0.013020833333333334 0.00830078125
0 0.9694010416666666 0.6025390625 0.015625 0.00732421875
0 0.057291666666666664 0.3330078125 0.013020833333333334 0.00830078125
0 0.8766276041666666 0.430419921875 0.014322916666666666 0.009765625
0 0.3798828125 0.607666015625 0.014322916666666666 0.00830078125
0 0.9384765625 0.692138671875 0.013020833333333334 0.0087890625
0 0.20279947916666666 0.678955078125 0.020833333333333332 0.00732421875
0 0.2216796875 0.678466796875 0.016927083333333332 0.01806640625
0 0.053059895833333336 0.63671875 0.013020833333333334 0.009765625
0 0.0830078125 0.492431640625 0.008463541666666666 0.0078125
0 0.0927734375 0.532470703125 0.013020833333333334 0.01220703125
0 0.046223958333333336 0.372314453125 0.013671875 0.0126953125
0 0.2412109375 0.435302734375 0.01171875 0.0078125
0 0.23665364583333334 0.509521484375 0.010416666666666666 0.00732421875
0 0.2216796875 0.476318359375 0.011067708333333334 0.00927734375
0 0.2796223958333333 0.329833984375 0.013020833333333334 0.01171875
0 0.2626953125 0.349365234375 0.013671875 0.01025390625
0 0.3089192708333333 0.46142578125 0.0078125 0.00732421875
0 0.3352864583333333 0.56494140625 0.009114583333333334 0.009765625
0 0.26171875 0.541015625 0.009114583333333334 0.0068359375
0 0.2490234375 0.55078125 0.013020833333333334 0.0087890625
0 0.3860677083333333 0.580322265625 0.014973958333333334 0.0126953125
0 0.3483072916666667 0.607177734375 0.010416666666666666 0.01025390625
0 0.4241536458333333 0.496337890625 0.010416666666666666 0.01025390625
0 0.4449869791666667 0.51416015625 0.047526041666666664 0.0302734375
0 0.4697265625 0.529296875 0.014973958333333334 0.0107421875
0 0.4599609375 0.594482421875 0.011067708333333334 0.009765625
0 0.5071614583333334 0.60498046875 0.008463541666666666 0.01123046875
0 0.4342447916666667 0.70166015625 0.021484375 0.00927734375
0 0.6207682291666666 0.638671875 0.01171875 0.00830078125
0 0.5843098958333334 0.555419921875 0.014973958333333334 0.01611328125
0 0.6884765625 0.536865234375 0.018229166666666668 0.009765625
0 0.603515625 0.35888671875 0.014322916666666666 0.01416015625
0 0.9606119791666666 0.355224609375 0.01171875 0.01123046875
0 0.9723307291666666 0.398193359375 0.021484375 0.017578125
0 0.9508463541666666 0.364013671875 0.013020833333333334 0.01025390625
0 0.9869791666666666 0.679443359375 0.022786458333333332 0.01611328125
0 0.8658854166666666 0.6953125 0.010416666666666666 0.0107421875
0 0.8658854166666666 0.560791015625 0.010416666666666666 0.0126953125
0 0.8483072916666666 0.6611328125 0.013671875 0.01220703125
0 0.8541666666666666 0.55712890625 0.013020833333333334 0.00732421875
0 0.8688151041666666 0.493896484375 0.015625 0.01025390625
0 0.8063151041666666 0.489501953125 0.014322916666666666 0.00732421875
0 0.796875 0.481689453125 0.013671875 0.01025390625
0 0.7685546875 0.5478515625 0.013671875 0.01025390625
0 0.8141276041666666 0.605224609375 0.016276041666666668 0.0068359375
0 0.6686197916666666 0.4638671875 0.013671875 0.01171875
0 0.7483723958333334 0.45263671875 0.014973958333333334 0.0068359375
0 0.642578125 0.38427734375 0.015625 0.00927734375
0 0.5244140625 0.373046875 0.015625 0.009765625
0 0.4664713541666667 0.41845703125 0.016276041666666668 0.0087890625
0 0.4358723958333333 0.421875 0.011067708333333334 0.00732421875
0 0.4322916666666667 0.3173828125 0.011067708333333334 0.0078125
0 0.19694010416666666 0.425537109375 0.008463541666666666 0.00732421875
0 0.3603515625 0.6845703125 0.013020833333333334 0.013671875
0 0.4039713541666667 0.69384765625 0.008463541666666666 0.0068359375
0 0.75 0.65625 0.016927083333333332 0.009765625
0 0.7747395833333334 0.68994140625 0.012369791666666666 0.00634765625
0 0.8763020833333334 0.452392578125 0.016276041666666668 0.0107421875
0 0.552734375 0.3818359375 0.007161458333333333 0.00830078125
0 0.09700520833333333 0.4150390625 0.011067708333333334 0.009765625
0 0.134765625 0.587646484375 0.009765625 0.0087890625
0 0.125 0.49560546875 0.010416666666666666 0.00732421875