0 0.6994047619047619 0.4222470238095238 0.020502645502645578 0.01810515873015872
0 0.5357142857142857 0.5646081349206349 0.04100529100529101 0.0379464285714286
0 0.6216931216931216 0.44010416666666663 0.019179894179894113 0.022073412698412676
0 0.42162698412698413 0.5379464285714285 0.02050264550264543 0.018849206349206282
0 0.6446759259259259 0.7922867063492063 0.02281746031746031 0.018601190476190466
0 0.3511904761904762 0.7273065476190476 0.023809523809523874 0.02256944444444442
0 0.59755291005291 0.9293154761904762 0.028439153439153486 0.03323412698412698
0 0.6898148148148148 0.5911458333333333 0.046296296296296426 0.03993055555555558
0 0.5274470899470899 0.720734126984127 0.02579365079365085 0.01835317460317465
0 0.6375661375661376 0.6496775793650793 0.033730158730158756 0.027529761904761862
0 0.34920634920634913 0.7018849206349206 0.017857142857142794 0.012400793650793718
0 0.4150132275132275 0.7848462301587301 0.021825396825396748 0.019593253968253954
0 0.7111441798941799 0.7668650793650793 0.020171957671957525 0.01835317460317465
0 0.677744708994709 0.5385664682539683 0.01620370370370357 0.018105158730158832
0 0.6577380952380952 0.47135416666666663 0.01917989417989426 0.0200892857142857
0 0.39054232804232797 0.5481150793650793 0.017857142857142794 0.02430555555555558
0 0.44758597883597884 0.4348958333333333 0.02281746031746031 0.023065476190476164
0 0.6101190476190476 0.49615575396825395 0.024470899470899532 0.022073412698412787
0 0.2630621693121693 0.8745039682539683 0.02215608465608465 0.01736111111111116
0 0.5 0.27058531746031744 0.03902116402116403 0.038690476190476164
0 0.6049933862433862 0.8022073412698413 0.0479497354497355 0.04191468253968256
0 0.3353174603174603 0.7694692460317459 0.01851851851851845 0.017609126984126977
0 0.7260251322751322 0.8808283730158729 0.01752645502645489 0.016121031746031855
0 0.5772156084656085 0.4249751984126984 0.019510582010582016 0.016121031746031744
0 0.4270833333333333 0.21391369047619047 0.02281746031746031 0.0200892857142857
0 0.7337962962962963 0.546875 0.017195767195767136 0.016865079365079305
0 0.7172619047619047 0.2759176587301587 0.04232804232804247 0.030505952380952328
0 0.6646825396825397 0.5027281746031745 0.022486772486772555 0.020337301587301626
0 0.3364748677248677 0.38442460317460314 0.024801587301587286 0.017857142857142905
0 0.3449074074074074 0.47110615079365076 0.019179894179894113 0.013640873015873023
0 0.5983796296296297 0.421875 0.019510582010582016 0.014384920634920584
0 0.6352513227513227 0.3464781746031746 0.019179894179894113 0.02083333333333337
0 0.40492724867724866 0.4765625 0.016865079365079378 0.011160714285714302
0 0.41534391534391535 0.9361359126984127 0.010582010582010545 0.014632936507936511
0 0.6322751322751322 0.5441468253968254 0.027116402116402167 0.023809523809523725
0 0.37053571428571425 0.8030753968253967 0.027447089947089925 0.01736111111111116
0 0.6279761904761905 0.25942460317460314 0.015873015873015817 0.017857142857142905
0 0.45403439153439146 0.5849454365079365 0.01851851851851845 0.011656746031746046
0 0.4057539682539682 0.30617559523809523 0.017857142857142794 0.014136904761904767
0 0.6430224867724867 0.7446676587301587 0.012896825396825426 0.014632936507936511
0 0.3463955026455026 0.532986111111111 0.021494708994708994 0.025793650793650702
0 0.6273148148148148 0.7583085317460317 0.01984126984126977 0.01661706349206349
0 0.5591931216931216 0.6099950396825397 0.015211640211640157 0.010664682539682557
0 0.3662367724867725 0.4949156746031746 0.018187830687830697 0.010168650793650813
0 0.46941137566137564 0.7730654761904762 0.03339947089947085 0.031746031746031855
0 0.7199074074074074 0.3804563492063492 0.017857142857142943 0.012896825396825351
0 0.5778769841269841 0.4986359126984127 0.014219576719576743 0.012648809523809534
0 0.7331349206349206 0.7016369047619048 0.010582010582010545 0.01388888888888884
0 0.35102513227513227 0.31547619047619047 0.020171957671957674 0.011408730158730118
0 0.550760582010582 0.8918650793650793 0.014880952380952403 0.014384920634920695
0 0.7395833333333334 0.8173363095238094 0.01752645502645489 0.01909722222222232
0 0.4384920634920635 0.5961061507936508 0.01388888888888884 0.013144841269841168
0 0.4194775132275132 0.49119543650793646 0.018849206349206355 0.013144841269841279
0 0.6099537037037036 0.6273561507936508 0.012896825396825426 0.009672619047619069
0 0.3797949735449735 0.5846974206349206 0.011574074074074106 0.010664682539682557
0 0.2743055555555555 0.7037450396825397 0.008267195767195737 0.010664682539682557
0 0.6924603174603173 0.33742559523809523 0.013888888888888987 0.010664682539682557
0 0.3120039682539682 0.21143353174603174 0.013558201058201083 0.014632936507936511
0 0.5041335978835978 0.873015873015873 0.01620370370370372 0.012400793650793718
0 0.5453042328042328 0.7935267857142857 0.01322751322751318 0.009176587301587213
0 0.7142857142857143 0.5240575396825397 0.017195767195767136 0.01388888888888884
0 0.7131283068783069 0.7279265873015872 0.008928571428571471 0.011904761904761862
0 0.49371693121693117 0.4324156746031746 0.011243386243386203 0.008184523809523836
0 0.6879960317460317 0.9771825396825397 0.020833333333333332 0.018849206349206282
0 0.6344246031746031 0.7099454365079365 0.010912698412698449 0.009176587301587213
0 0.30803571428571425 0.2337549603174603 0.011574074074074106 0.009672619047619069
0 0.6473214285714285 0.44506448412698413 0.00958994708994713 0.007688492063492092
0 0.478422619047619 0.20270833333333332 0.016210317460317498 0.013814484126984106
0 0.5524702380952381 0.21145833333333333 0.015472883597883532 0.010684523809523783
0 0.6457969576719577 0.1981969246031746 0.015962301587301535 0.013261408730158741
0 0.7140740740740741 0.2055654761904762 0.012033730158730252 0.011421130952380953
0 0.7315112433862434 0.2598115079365079 0.018419312169312068 0.01234126984126982
0 0.6904960317460317 0.26763888888888887 0.03511904761904757 0.02468253968253964
0 0.5936078042328042 0.35237103174603174 0.023578042328042354 0.013630952380952355
0 0.34101190476190474 0.2539161706349206 0.020383597883597854 0.017130456349206402
0 0.3922189153439153 0.19322420634920634 0.01424603174603171 0.006999007936507928
0 0.47952711640211637 0.19147321428571426 0.013998015873015893 0.012710813492063489
0 0.7307738095238095 0.39915674603174606 0.023822751322751284 0.012524801587301626
0 0.6386739417989418 0.42485119047619047 0.018912037037037106 0.01234126984126982
0 0.7155456349206348 0.4520213293650793 0.01694775132275132 0.009578373015873054
0 0.7445271164021162 0.5846428571428571 0.014490740740740785 0.012894345238095184
0 0.7493154761904761 0.5750644841269841 0.017192460317460245 0.010684523809523894
0 0.6853373015873016 0.7296999007936508 0.012526455026454997 0.00976190476190486
0 0.7369146825396825 0.6903720238095238 0.01498015873015864 0.012157738095238013
0 0.5161210317460317 0.6667956349206349 0.011544312169312102 0.009208829365079385
0 0.6135019841269841 0.9238417658730158 0.01227843915343918 0.01234126984126993
0 0.7544742063492064 0.8267708333333332 0.016210317460317352 0.00976190476190486
0 0.3869378306878306 0.9432762896825396 0.018419312169312214 0.011421130952380842
0 0.3345039682539683 0.8546775793650793 0.01227843915343918 0.010684523809523894
0 0.43409391534391534 0.8555977182539682 0.014980158730158788 0.012524801587301626
0 0.3885350529100529 0.8397569444444444 0.012771164021164072 0.009945436507936556
0 0.4446527777777778 0.863611111111111 0.015472883597883532 0.010131448412698418
0 0.26770171957671957 0.8076140873015873 0.012771164021163997 0.01197172619047615
0 0.29225859788359787 0.8301785714285714 0.014735449735449713 0.009208829365079385
0 0.5064219576719576 0.7515252976190476 0.011789021164021177 0.009945436507936556
0 0.40707671957671954 0.6958978174603174 0.013998015873015893 0.008105158730158823
0 0.38779761904761906 0.6678075396825396 0.017681878306878247 0.01049851190476181
0 0.4056018518518518 0.6647693452380952 0.015962301587301535 0.011051587301587285
0 0.47547619047619044 0.7393700396825396 0.019646164021164036 0.010314980158730114
0 0.47768518518518516 0.4340625 0.015228174603174605 0.012710813492063489
0 0.3697453703703703 0.43986359126984126 0.018912037037037106 0.011421130952380953
0 0.3065046296296296 0.3632366071428571 0.018664021164021143 0.014734623015873027
0 0.3577116402116402 0.3617633928571429 0.011544312169312102 0.011421130952380953
0 0.3833763227513227 0.37125 0.01227843915343918 0.006815476190476177
0 0.2599437830687831 0.9287177579365079 0.010456349206349191 0.011108630952380905
0 0.43042989417989413 0.39231150793650793 0.010456349206349191 0.010456349206349191
0 0.7191269841269841 0.33817956349206346 0.012777777777777702 0.011108630952380905
0 0.4404199735449735 0.19941468253968253 0.010132275132275067 0.008090277777777766