0 0.5209672619047618 0.3446263227513227 0.02710565476190485 0.03329365079365084
0 0.7997247023809523 0.7878637566137566 0.025577876984127057 0.03156415343915331
0 0.9418849206349206 0.48088624338624336 0.025163690476190492 0.03198082010582004
0 0.17201388888888886 0.3031845238095238 0.02713541666666669 0.03876653439153436
0 0.3955208333333333 0.5460449735449735 0.028420138888888835 0.03568121693121699
0 0.772016369047619 0.3913822751322751 0.025138888888888822 0.03344907407407405
0 0.7760243055555555 0.7344609788359788 0.022934027777777866 0.03724867724867723
0 0.5716517857142857 0.28442791005291007 0.016192956349206256 0.02131283068783067
0 0.49403273809523807 0.38862103174603174 0.021130952380952417 0.022208994708994734
0 0.7395089285714285 0.3299636243386243 0.03174107142857152 0.02738425925925932
0 0.601907242063492 0.4955224867724868 0.025612599206349174 0.03901785714285714
0 0.6179439484126984 0.2718551587301587 0.026046626984127075 0.027175925925925954
0 0.14331597222222223 0.2900892857142857 0.023797123015873 0.023134920634920658
0 0.651656746031746 0.5218551587301586 0.02221726190476181 0.023346560846560838
0 0.534937996031746 0.7364484126984127 0.03163690476190473 0.03408068783068785
0 0.18862599206349204 0.26809854497354496 0.01904513888888887 0.03207671957671954
0 0.7144618055555555 0.822771164021164 0.02429811507936508 0.02327380952380942
0 0.8958333333333333 0.37231812169312173 0.029253472222222188 0.030148809523809533
0 0.36042906746031744 0.5837334656084656 0.02931051587301592 0.033974867724867686
0 0.34659474206349206 0.7371858465608465 0.027413194444444455 0.037364417989418065
0 0.7933878968253968 0.43590277777777775 0.02608382936507936 0.03492063492063494
0 0.7411036706349207 0.3626025132275132 0.025441468253968313 0.026326058201058267
0 0.9205580357142856 0.27605820105820106 0.015972222222222276 0.018627645502645507
0 0.10570188492063491 0.8278339947089947 0.019022817460317448 0.019993386243386386
0 0.1389955357142857 0.8238955026455027 0.018886408730158732 0.026253306878306997
0 0.49318948412698416 0.8216170634920635 0.016669146825396775 0.02376322751322757
0 0.8922966269841269 0.6500595238095238 0.03739831349206346 0.039758597883598
0 0.5684300595238094 0.4325099206349206 0.019141865079365106 0.0173478835978836
0 0.6491592261904762 0.3198445767195767 0.016252480158730265 0.017919973544973544
0 0.8162375992063492 0.36680555555555555 0.045347222222222205 0.05727182539682533
0 0.3309275793650793 0.8027612433862434 0.04231646825396829 0.0503538359788361
0 0.20288690476190474 0.8190376984126985 0.047631448412698396 0.057592592592592716
0 0.4163368055555556 0.6281547619047618 0.04677579365079365 0.05758597883597879
0 0.8959871031746031 0.7805489417989419 0.04138640873015875 0.045333994708994574
0 0.5017757936507936 0.7374272486772487 0.019263392857142847 0.02128306878306881
0 0.3296378968253968 0.40040343915343907 0.05008432539682539 0.05778769841269845
0 0.25746031746031744 0.5302281746031746 0.03551835317460317 0.052007275132275176
0 0.8864508928571428 0.5288458994708994 0.05033234126984132 0.05788029100529105
0 0.20885912698412698 0.4615608465608465 0.03043402777777776 0.04852843915343922
0 0.5233705357142857 0.29782076719576717 0.036168154761904825 0.049239417989418
0 0.13517857142857143 0.5647453703703703 0.052549603174603166 0.06681216931216927
0 0.3651711309523809 0.3311276455026455 0.04073164682539687 0.05635251322751319
0 0.24844494047619048 0.6341997354497354 0.04642361111111115 0.05150132275132272
0 0.35321180555555554 0.4800363756613757 0.049122023809523796 0.06489087301587304
0 0.2786458333333333 0.6716335978835978 0.03806299603174601 0.04773809523809517
0 0.31703869047619043 0.29187830687830685 0.04535466269841271 0.048263888888888884
0 0.4554761904761905 0.3508101851851851 0.03824652777777782 0.051130952380952444
0 0.6027752976190476 0.6154464285714285 0.04258680555555561 0.05719576719576717
0 0.49845982142857137 0.45855820105820105 0.034848710317460396 0.04954695767195775
0 0.6254811507936507 0.3037301587301587 0.03987103174603179 0.04052910052910056
0 0.2514732142857143 0.348287037037037 0.051178075396825395 0.06759920634920628
0 0.3273809523809524 0.6083564814814815 0.04502232142857143 0.05095899470899464
0 0.07226190476190476 0.577308201058201 0.04442212301587303 0.06016865079365082
0 0.22597470238095238 0.2886640211640211 0.0411954365079365 0.0565839947089947
0 0.7754687499999999 0.5110350529100528 0.015456349206349307 0.02222883597883592
0 0.6952752976190476 0.5443353174603174 0.06110615079365078 0.059656084656084594
0 0.5466046626984127 0.26463624338624336 0.011059027777777786 0.017056878306878298
0 0.71953125 0.3049900793650793 0.014278273809523734 0.015992063492063464
0 0.21864335317460318 0.39375330687830684 0.06264136904761902 0.0722585978835979
0 0.4870238095238095 0.261848544973545 0.013769841269841265 0.012225529100529098
0 0.17036210317460315 0.36713624338624334 0.017472718253968234 0.0318055555555555
0 0.27752728174603175 0.8164153439153439 0.06051091269841269 0.059884259259259366
0 0.7064335317460317 0.6197718253968254 0.022507440476190466 0.024103835978835992
0 0.8911433531746031 0.7134788359788359 0.029017857142857206 0.02069444444444457
0 0.4320188492063492 0.568614417989418 0.04796378968253967 0.05625992063492058
0 0.3527628968253968 0.2837929894179894 0.04103670634920631 0.034150132275132306
0 0.4423586309523809 0.8353802910052909 0.016307043650793607 0.02303902116402116
0 0.19552579365079364 0.7617328042328042 0.040875496031746006 0.0585780423280422
0 0.15158234126984124 0.6972189153439152 0.04746279761904765 0.051266534391534314
0 0.17531498015873015 0.7187169312169313 0.01589533730158732 0.016752645502645436
0 0.1423859126984127 0.7388591269841269 0.012261904761904752 0.01888558201058199
0 0.23594742063492063 0.6841898148148147 0.010900297619047594 0.017337962962963083
0 0.16611855158730157 0.6390608465608465 0.018849206349206338 0.019732142857142865
0 0.08023809523809523 0.6455092592592592 0.01187251984126983 0.01998015873015868
0 0.0650124007936508 0.6134556878306877 0.015510912698412704 0.023789682539682538
0 0.04461805555555556 0.612175925925926 0.013020833333333329 0.021746031746031697
0 0.0553422619047619 0.5985119047619047 0.011490575396825395 0.016375661375661377
0 0.1422842261904762 0.5047387566137566 0.04049851190476189 0.05767857142857139
0 0.10016617063492063 0.5216567460317459 0.014578373015873003 0.015198412698412747
0 0.05318700396825396 0.5301190476190476 0.012420634920634915 0.027807539682539684
0 0.04522321428571428 0.4649636243386243 0.013769841269841265 0.015568783068783029
0 0.1331051587301587 0.43363425925925925 0.016200396825396812 0.01626653439153432
0 0.36923859126984127 0.8067129629629629 0.04155505952380956 0.04740740740740742
0 0.4122147817460317 0.7927314814814813 0.009330357142857126 0.014365079365079284
0 0.4315773809523809 0.8110085978835978 0.0212276785714286 0.02043650793650779
0 0.5590674603174602 0.7848346560846561 0.008821924603174658 0.014894179894179812
0 0.568561507936508 0.7940443121693121 0.009781746031745975 0.017457010582010508
0 0.5984796626984127 0.7723015873015874 0.02052083333333332 0.012837301587301711
0 0.5446825396825397 0.7999272486772487 0.014960317460317452 0.017972883597883477
0 0.6122916666666667 0.8144742063492063 0.019952876984127066 0.019791666666666725
0 0.6469766865079365 0.793148148148148 0.012867063492063568 0.019656084656084555
0 0.714657738095238 0.7530324074074074 0.016932043650793593 0.026203703703703656
0 0.6495114087301587 0.7186507936507937 0.007460317460317389 0.009976851851851857
0 0.6347371031746032 0.693396164021164 0.010463789682539693 0.011653439153439157
0 0.6104216269841269 0.7275694444444444 0.005620039682539657 0.009477513227513334
0 0.5404265873015873 0.6550330687830687 0.017683531746031766 0.015357142857142847
0 0.5384871031746031 0.6340343915343915 0.011634424603174542 0.021759259259259256
0 0.5260515873015873 0.6253935185185185 0.01244791666666667 0.01191468253968253
0 0.5726686507936508 0.6209490740740741 0.0191121031746031 0.01780423280423286
0 0.47930555555555554 0.6287996031746032 0.016445932539682517 0.02166005291005287
0 0.21798363095238094 0.35127976190476184 0.012668650793650815 0.012959656084656027
0 0.24883680555555554 0.4071296296296296 0.008497023809523774 0.0125727513227513
0 0.29981398809523807 0.397688492063492 0.012371031746031713 0.0171428571428572
0 0.4820659722222222 0.4072453703703704 0.012145337301587289 0.014123677248677247
0 0.7077157738095238 0.39514550264550263 0.015399305555555465 0.017089947089947117
0 0.6790054563492063 0.28777777777777774 0.02881944444444451 0.03349206349206346
0 0.541140873015873 0.8333564814814816 0.018690476190476257 0.0329265873015873
0 0.3168501984126984 0.6697916666666667 0.020508432539682486 0.021425264550264462
0 0.2529191468253968 0.7543121693121693 0.01166170634920638 0.01126653439153428
0 0.24125744047619047 0.7606382275132275 0.011351686507936498 0.011894841269841194
0 0.28370783730158733 0.7790906084656083 0.007931547619047574 0.010654761904761815
0 0.3285714285714285 0.7317030423280423 0.013683035714285752 0.020787037037037177
0 0.30407986111111107 0.6221263227513227 0.010729166666666679 0.0110383597883598
0 0.2830084325396825 0.6261739417989417 0.02581349206349204 0.04277116402116402
0 0.543876488095238 0.6868650793650793 0.013653273809523858 0.017473544973544957
0 0.5437351190476191 0.6056216931216931 0.007041170634920713 0.009427910052909994
0 0.5550868055555556 0.6053339947089947 0.011354166666666776 0.015750661375661352
0 0.04939980158730159 0.4947519841269841 0.011815476190476196 0.0087136243386244
0 0.17874255952380952 0.5131878306878307 0.013576388888888902 0.020112433862433814
0 0.17874255952380952 0.5297784391534391 0.012065972222222221 0.013743386243386299
0 0.244734623015873 0.5021263227513227 0.015334821428571455 0.012738095238095179
0 0.2831994047619047 0.4737996031746032 0.016341765873015834 0.017096560846560898
0 0.15234623015873014 0.31692791005291004 0.013576388888888902 0.01709656084656082
0 0.21569940476190477 0.26145502645502644 0.012569444444444466 0.01608796296296296
0 0.3695535714285714 0.6105621693121692 0.017095734126984174 0.020446428571428605
0 0.649610615079365 0.5671527777777777 0.014580853174603225 0.01474867724867727
0 0.8184250992063491 0.7386078042328043 0.020362103174603075 0.025138888888888822
0 0.9370858134920634 0.7724603174603174 0.01483134920634921 0.023799603174603057
0 0.8307440476190475 0.5207275132275132 0.017346230158730158 0.021117724867724934
0 0.6903373015873016 0.38732142857142854 0.012569444444444411 0.02178902116402111
0 0.31600694444444444 0.3268154761904762 0.01407738095238098 0.015419973544973598
0 0.40261408730158726 0.6660350529100528 0.018854166666666616 0.02145171957671958
0 0.43039186507936505 0.7171527777777778 0.017596726190476142 0.023799603174603057
0 0.3941914682539683 0.8140244708994708 0.01659226190476193 0.029163359788359895
0 0.5208953373015873 0.7049206349206348 0.018603670634920633 0.020112433862433814
0 0.5592336309523809 0.7362599206349206 0.012822420634920562 0.0224570105820107
0 0.5725595238095238 0.7332440476190475 0.019861111111111107 0.01977513227513228
0 0.8270982142857143 0.838829365079365 0.012569444444444411 0.01709656084656075
0 0.9225917658730158 0.8122817460317461 0.015419146825396801 0.017642195767195723
0 0.9438789682539681 0.8064517195767196 0.019791666666666652 0.01917658730158737
0 0.9597569444444444 0.8204133597883597 0.012428075396825333 0.0164153439153439
0 0.8727678571428571 0.7305092592592591 0.014727182539682637 0.0164153439153439
0 0.8356597222222222 0.7276719576719577 0.013692956349206309 0.014728835978835933
0 0.8279513888888889 0.7656448412698412 0.013003472222222312 0.02224537037037037
0 0.6621800595238094 0.6203703703703703 0.0142733134920634 0.022777777777777786
0 0.8448090277777778 0.3640343915343915 0.016220238095238093 0.015281084656084687
0 0.864813988095238 0.2775297619047619 0.01600198412698406 0.023356481481481506
0 0.7044593253968254 0.4809556878306878 0.016651785714285605 0.0247982804232804
0 0.7303000992063492 0.4747585978835979 0.02119295634920637 0.017013888888888957
0 0.7851215277777778 0.4880224867724867 0.015786210317460414 0.021626984126984123
0 0.41391617063492064 0.5073412698412698 0.013407738095238098 0.015859788359788407
0 0.17419642857142856 0.27075396825396825 0.0140575396825397 0.019606481481481513
0 0.16781498015873014 0.2573478835978836 0.014704861111111134 0.011246693121693093
0 0.05817212301587302 0.4823974867724867 0.011679067460317466 0.012109788359788412
0 0.18598214285714285 0.42011574074074076 0.009082341269841254 0.010955687830687863
0 0.8723834325396824 0.3881084656084656 0.01816468253968262 0.0173015873015873