0 0.34792989417989423 0.7009945436507936 0.0444543650793651 0.03358630952380959
0 0.6542592592592592 0.7795684523809523 0.037380952380952515 0.030657242063492074
0 0.33160383597883597 0.3584647817460317 0.053002645502645475 0.03508928571428571
0 0.4695436507936508 0.8872743055555554 0.049077380952380935 0.034047619047619104
0 0.6784490740740741 0.6795362103174603 0.03532076719576723 0.02699900793650789
0 0.5093419312169312 0.5099131944444444 0.03825066137566132 0.04095238095238085
0 0.27653769841269843 0.7769965277777777 0.030866402116402087 0.02800595238095238
0 0.6416137566137566 0.5807514880952381 0.021656746031745982 0.02421626984126979
0 0.7049305555555555 0.7491220238095238 0.04096891534391537 0.03093998015873023
0 0.3292096560846561 0.8993154761904761 0.03203703703703701 0.031001984126984183
0 0.5770502645502645 0.7371602182539683 0.039930555555555504 0.03231646825396828
0 0.6276455026455027 0.9196850198412698 0.023591269841269913 0.02118551587301587
0 0.4516765873015873 0.6488938492063492 0.043045634920634956 0.03694692460317461
0 0.6062929894179894 0.5022048611111111 0.025624999999999936 0.017440476190476284
0 0.3884093915343915 0.21771825396825398 0.025856481481481453 0.02455853174603173
0 0.290271164021164 0.42335565476190473 0.03747354497354497 0.027271825396825378
0 0.6537301587301587 0.5089459325396826 0.02306216931216924 0.02114583333333342
0 0.40934193121693113 0.6516765873015873 0.0371660052910053 0.03667658730158729
0 0.40431216931216934 0.49310267857142853 0.04887235449735453 0.03626240079365073
0 0.2615509259259259 0.441860119047619 0.02819444444444441 0.021158234126984143
0 0.6228207671957672 0.6869122023809524 0.05480820105820102 0.03438492063492071
0 0.41908399470899466 0.3474503968253968 0.04271825396825394 0.03128472222222223
0 0.32308531746031743 0.48189732142857145 0.04884589947089942 0.03944692460317456
0 0.33092261904761905 0.2055580357142857 0.01658068783068778 0.013263888888888908
0 0.32789682539682535 0.9267237103174603 0.022433862433862473 0.015595238095237995
0 0.4844808201058201 0.7847718253968253 0.05534391534391533 0.04404761904761911
0 0.5933201058201057 0.2963938492063492 0.02849206349206342 0.025751488095238084
0 0.5377116402116402 0.7632589285714285 0.033273809523809504 0.03481150793650789
0 0.37030092592592584 0.39536210317460313 0.01853174603174601 0.012495039682539733
0 0.699236111111111 0.8240873015873015 0.031785714285714306 0.02844990079365073
0 0.4485747354497354 0.7843700396825396 0.02397817460317464 0.029573412698412627
0 0.5718650793650794 0.6684945436507936 0.02105820105820107 0.018075396825396828
0 0.5662466931216931 0.3337896825396825 0.021230158730158728 0.0180406746031746
0 0.7365773809523809 0.7338566468253968 0.03037698412698416 0.024332837301587196
0 0.4798941798941799 0.4805505952380952 0.06441468253968259 0.033546626984127026
0 0.5949801587301587 0.48683035714285716 0.015433201058201007 0.013125000000000053
0 0.490489417989418 0.5938888888888888 0.016104497354497333 0.01941716269841276
0 0.4893055555555556 0.37505208333333334 0.02842261904761904 0.021031746031746068
0 0.40913690476190473 0.4410615079365079 0.017265211640211664 0.012472718253968229
0 0.2367691798941799 0.8245858134920635 0.01980158730158732 0.018903769841269735
0 0.41031746031746025 0.5389285714285714 0.017625661375661423 0.018888888888888955
0 0.23487764550264548 0.9507961309523809 0.014021164021164045 0.011599702380952426
0 0.4007638888888889 0.2383705357142857 0.014302248677248683 0.012028769841269826
0 0.37079695767195764 0.8842063492063491 0.02297619047619041 0.02034226190476196
0 0.2916236772486772 0.3320684523809524 0.0348941798941799 0.02983382936507939
0 0.5081117724867724 0.8870436507936508 0.025052910052909994 0.020486111111111205
0 0.22892195767195767 0.8676860119047619 0.016104497354497333 0.015580357142857215
0 0.3305390211640211 0.8718576388888888 0.01840608465608466 0.0135689484126984
0 0.5519841269841269 0.9066741071428571 0.013419312169312173 0.010726686507936511
0 0.6173611111111111 0.8924355158730158 0.041412037037037074 0.02941716269841277
0 0.6771825396825396 0.908687996031746 0.01840608465608451 0.014181547619047663
0 0.6996130952380953 0.9334300595238095 0.021858465608465494 0.01707341269841267
0 0.6743055555555554 0.869563492063492 0.013419312169312173 0.01473214285714275
0 0.7224272486772486 0.788030753968254 0.025307539682539588 0.015590277777777883
0 0.6902182539682539 0.8001116071428571 0.014570105820105836 0.010419146825396908
0 0.4931216931216931 0.8294494047619048 0.038346560846560816 0.030555555555555447
0 0.5422056878306879 0.8385094246031746 0.03604497354497349 0.029124503968253945
0 0.6016402116402116 0.8399503968253967 0.010737433862433901 0.011297123015872934
0 0.4626388888888888 0.8118998015873016 0.019556878306878318 0.013169642857142838
0 0.3069543650793651 0.8028422619047618 0.008819444444444416 0.009424603174603252
0 0.5134457671957672 0.751798115079365 0.021474867724867657 0.0179017857142858
0 0.5826587301587302 0.7610044642857142 0.02262235449735443 0.013883928571428505
0 0.7258796296296296 0.5927554563492062 0.01917328042328048 0.01731894841269832
0 0.7337400793650793 0.5651463293650794 0.022622354497354575 0.016163194444444473
0 0.7300992063492063 0.5411259920634921 0.029143518518518558 0.025642361111111178
0 0.4643650793650793 0.613328373015873 0.01917328042328048 0.009570932539682442
0 0.42314153439153435 0.6208085317460317 0.01265542328042324 0.011877480158730247
0 0.23486441798941796 0.6967261904761904 0.024923941798941824 0.018191964285714235
0 0.2730191798941799 0.6997445436507936 0.01763888888888891 0.012150297619047512
0 0.2569146825396825 0.6659424603174603 0.010737433862433829 0.008965773809523903
0 0.29564484126984125 0.5983556547619048 0.01303902116402115 0.007234623015873076
0 0.2856746031746032 0.5921701388888889 0.014570105820105836 0.00694444444444442
0 0.45343584656084657 0.588015873015873 0.016488095238095173 0.013010912698412591
0 0.44442460317460314 0.5504712301587301 0.013802910052910011 0.009823908730158815
0 0.33073082010582006 0.5529166666666667 0.014186507936507923 0.0078125
0 0.32095238095238093 0.5418427579365079 0.015337301587301585 0.00981894841269848
0 0.23294973544973543 0.5168229166666666 0.00958664021164024 0.01614831349206347
0 0.2891236772486772 0.49597222222222215 0.02223875661375659 0.014712301587301635
0 0.27148478835978834 0.4961160714285714 0.011504629629629651 0.012698412698412653
0 0.3734854497354498 0.504890873015873 0.014570105820105836 0.014717261904761969
0 0.45286044973544975 0.531359126984127 0.02070767195767198 0.013008432539682646
0 0.4419312169312169 0.5217212301587301 0.014186507936507997 0.013866567460317558
0 0.46052910052910057 0.5189880952380952 0.013039021164021225 0.00954861111111116
0 0.4503670634920635 0.4522693452380952 0.016488095238095173 0.009553571428571384
0 0.4005191798941799 0.3993501984126984 0.01802248677248682 0.008397817460317425
0 0.3372486772486772 0.40725942460317455 0.015720899470899496 0.006964285714285756
0 0.33820767195767193 0.39359623015873013 0.015337301587301658 0.011272321428571375
0 0.5408630952380952 0.48304811507936507 0.014953703703703672 0.011870039682539635
0 0.5882208994708994 0.4531299603174603 0.0122718253968254 0.012425595238095277
0 0.6948214285714286 0.5087946428571428 0.01533730158730151 0.014474206349206264
0 0.6835085978835979 0.49570684523809516 0.011888227513227415 0.010726686507936511
0 0.6961607142857144 0.478157242063492 0.012655423280423387 0.00783730158730156
0 0.6629927248677249 0.44262896825396825 0.0122718253968254 0.00868055555555558
0 0.6031746031746031 0.4184722222222222 0.013802910052910011 0.011557539682539697
0 0.4453835978835978 0.40683283730158726 0.010353835978835916 0.011865079365079412
0 0.36102182539682537 0.3447073412698412 0.019556878306878318 0.015300099206349227
0 0.2686111111111111 0.26964781746031746 0.013419312169312173 0.018182043650793678
0 0.24349537037037036 0.2077951388888889 0.014570105820105836 0.01008928571428569
0 0.3370568783068783 0.22850942460317458 0.01687169312169316 0.010677083333333337
0 0.4455753968253968 0.20031994047619048 0.015337301587301658 0.011817956349206349
0 0.5496825396825397 0.32243551587301583 0.01265542328042324 0.009293154761904732
0 0.6998048941798941 0.30041666666666667 0.016104497354497482 0.014144345238095268
0 0.46234126984126983 0.2596825396825397 0.017982804232804295 0.01112103174603174
0 0.44940476190476186 0.2390972222222222 0.017351190476190492 0.012539682539682517
0 0.26185185185185184 0.21957589285714285 0.012619047619047604 0.009937996031746055
0 0.6091997354497355 0.22655753968253967 0.013250661375661407 0.009699900793650795
0 0.5342724867724867 0.29884176587301586 0.018614417989417948 0.013251488095238129
0 0.4844246031746032 0.5677529761904762 0.012304894179894147 0.014905753968253999
0 0.2490740740740741 0.5226760912698412 0.01482804232804232 0.011830357142857073
0 0.46518187830687824 0.7085367063492064 0.017351190476190492 0.013960813492063462
0 0.49420634920634915 0.6634623015873016 0.027447089947089925 0.024134424603174498
0 0.41896164021164023 0.6705605158730158 0.026501322751322814 0.015617559523809499
0 0.23819113756613752 0.560890376984127 0.009464285714285703 0.009699900793650684
0 0.3984556878306878 0.5742584325396825 0.011987433862433802 0.010411706349206407
0 0.3135912698412698 0.5362822420634921 0.014513888888888863 0.010647321428571388
0 0.48773809523809525 0.4475520833333333 0.012619047619047604 0.01112103174603174
0 0.3899371693121693 0.40141369047619047 0.01577380952380958 0.010647321428571388
0 0.45303571428571426 0.9471602182539681 0.02019179894179901 0.014670138888888795
0 0.5669246031746032 0.8519246031746032 0.012619047619047604 0.012539682539682628
0 0.642797619047619 0.7383506944444445 0.017351190476190492 0.012539682539682628
0 0.5560383597883598 0.7542013888888889 0.02113756613756612 0.014434523809523814
0 0.6304927248677248 0.6704414682539682 0.013564814814814863 0.014434523809523814
0 0.6633035714285714 0.6954042658730158 0.021769179894179775 0.014196428571428665
0 0.6672486772486773 0.622172619047619 0.017668650793650837 0.012068452380952444
0 0.6073048941798941 0.5566319444444444 0.01388227513227506 0.010173611111111036
0 0.658885582010582 0.3441517857142857 0.017351190476190343 0.009699900793650795
0 0.37700396825396826 0.9451488095238095 0.011987433862433802 0.006862599206349129
0 0.24512896825396824 0.7461582341269841 0.019560185185185208 0.014434523809523814
0 0.6950165343915343 0.9753745039682539 0.021369047619047638 0.010131448412698418
0 0.6644345238095238 0.9766641865079364 0.026038359788359777 0.011237599206349147