0 0.5530598958333334 0.629150390625 0.0234375 0.02197265625
0 0.5211588541666666 0.299560546875 0.026692708333333332 0.02001953125
0 0.7174479166666666 0.89208984375 0.022135416666666668 0.0205078125
0 0.6490885416666666 0.5556640625 0.034505208333333336 0.02978515625
0 0.6139322916666666 0.90673828125 0.036458333333333336 0.02978515625
0 0.4765625 0.23828125 0.020182291666666668 0.0185546875
0 0.3938802083333333 0.85595703125 0.025390625 0.02099609375
0 0.4039713541666667 0.920654296875 0.0390625 0.0390625
0 0.6227213541666666 0.48974609375 0.026041666666666668 0.0146484375
0 0.4225260416666667 0.352294921875 0.026041666666666668 0.01806640625
0 0.4801432291666667 0.86669921875 0.021484375 0.01708984375
0 0.6087239583333334 0.578125 0.029947916666666668 0.01611328125
0 0.5540364583333334 0.68115234375 0.020833333333333332 0.0146484375
0 0.6240234375 0.24462890625 0.018880208333333332 0.0205078125
0 0.5989583333333334 0.34423828125 0.013671875 0.015625
0 0.55078125 0.52978515625 0.0234375 0.0185546875
0 0.6940104166666666 0.363525390625 0.020833333333333332 0.0234375
0 0.5572916666666666 0.730224609375 0.018229166666666668 0.01220703125
0 0.4534505208333333 0.90283203125 0.015625 0.009765625
0 0.4541015625 0.291259765625 0.024088541666666668 0.0146484375
0 0.5804036458333334 0.56640625 0.015625 0.009765625
0 0.673828125 0.395263671875 0.020182291666666668 0.01416015625
0 0.7154947916666666 0.463134765625 0.018229166666666668 0.01806640625
0 0.5462239583333334 0.395751953125 0.020833333333333332 0.01953125
0 0.6429036458333334 0.63037109375 0.027994791666666668 0.02783203125
0 0.7281901041666666 0.9296875 0.031901041666666664 0.02294921875
0 0.6243489583333334 0.79052734375 0.016276041666666668 0.01318359375
0 0.72265625 0.826171875 0.024088541666666668 0.013671875
0 0.6656901041666666 0.416748046875 0.020833333333333332 0.02294921875
0 0.42578125 0.4140625 0.022135416666666668 0.015625
0 0.4016927083333333 0.6669921875 0.018229166666666668 0.017578125
0 0.3229166666666667 0.548583984375 0.0234375 0.0244140625
0 0.5758463541666666 0.484130859375 0.014973958333333334 0.01708984375
0 0.6077473958333334 0.730712890625 0.014973958333333334 0.0166015625
0 0.3662109375 0.38427734375 0.013020833333333334 0.01513671875
0 0.5732421875 0.317138671875 0.0234375 0.01611328125
0 0.7333984375 0.290283203125 0.01953125 0.01611328125
0 0.529296875 0.42724609375 0.022135416666666668 0.01416015625
0 0.6354166666666666 0.37548828125 0.015625 0.01416015625
0 0.748046875 0.719970703125 0.01953125 0.01416015625
0 0.3362630208333333 0.6220703125 0.024739583333333332 0.01123046875
0 0.3795572916666667 0.7890625 0.013020833333333334 0.01123046875
0 0.3037109375 0.835205078125 0.016276041666666668 0.01123046875
0 0.6165364583333334 0.92919921875 0.017578125 0.01318359375
0 0.7581380208333334 0.804443359375 0.014322916666666666 0.00830078125
0 0.724609375 0.52001953125 0.014973958333333334 0.009765625
0 0.7034505208333334 0.27734375 0.017578125 0.0126953125
0 0.71875 0.2783203125 0.010416666666666666 0.00830078125
0 0.6695963541666666 0.23291015625 0.006510416666666667 0.0078125
0 0.6416015625 0.24560546875 0.009765625 0.00634765625
0 0.6822916666666666 0.24169921875 0.01171875 0.0087890625
0 0.6591796875 0.239501953125 0.007161458333333333 0.00390625
0 0.4957682291666667 0.341796875 0.009114583333333334 0.0078125
0 0.3841145833333333 0.509765625 0.011067708333333334 0.00830078125
0 0.4895833333333333 0.62158203125 0.009765625 0.00732421875
0 0.3850911458333333 0.46240234375 0.01171875 0.00634765625
0 0.3274739583333333 0.498046875 0.012369791666666666 0.00830078125
0 0.3522135416666667 0.530517578125 0.013671875 0.00732421875
0 0.4869791666666667 0.593994140625 0.011067708333333334 0.0087890625
0 0.458984375 0.600341796875 0.017578125 0.01318359375
0 0.3310546875 0.66259765625 0.018880208333333332 0.00634765625
0 0.3466796875 0.74365234375 0.012369791666666666 0.00927734375
0 0.3251953125 0.8173828125 0.033854166666666664 0.01806640625
0 0.34375 0.799560546875 0.014322916666666666 0.00927734375
0 0.4029947916666667 0.794921875 0.013020833333333334 0.00537109375
0 0.3138020833333333 0.853271484375 0.017578125 0.01220703125
0 0.7190755208333334 0.917236328125 0.009114583333333334 0.0068359375
0 0.5208333333333334 0.28173828125 0.016276041666666668 0.00830078125
0 0.6826171875 0.318359375 0.008463541666666666 0.0068359375
0 0.4261067708333333 0.28515625 0.011067708333333334 0.01416015625
0 0.4108072916666667 0.444580078125 0.028645833333333332 0.02001953125
0 0.3177083333333333 0.614501953125 0.012369791666666666 0.013671875
0 0.4261067708333333 0.69287109375 0.021484375 0.009765625
0 0.3688151041666667 0.85302734375 0.013671875 0.01513671875
0 0.5777994791666666 0.71875 0.029947916666666668 0.02001953125
0 0.4713541666666667 0.594482421875 0.020833333333333332 0.01220703125
0 0.4749348958333333 0.373046875 0.020833333333333332 0.01318359375