0 0.4085286458333333 0.30810546875 0.022135416666666668 0.017578125
0 0.4176432291666667 0.193603515625 0.021484375 0.0263671875
0 0.3831380208333333 0.512939453125 0.03515625 0.02783203125
0 0.6061197916666666 0.5029296875 0.0234375 0.0185546875
0 0.4612630208333333 0.325927734375 0.03515625 0.04345703125
0 0.3424479166666667 0.615966796875 0.01953125 0.0224609375
0 0.7249348958333334 0.53271484375 0.043619791666666664 0.03125
0 0.5745442708333334 0.52294921875 0.024088541666666668 0.02978515625
0 0.3619791666666667 0.65625 0.048177083333333336 0.03466796875
0 0.3447265625 0.790771484375 0.05078125 0.0498046875
0 0.3004557291666667 0.366455078125 0.033854166666666664 0.03076171875
0 0.6422526041666666 0.6923828125 0.024088541666666668 0.0224609375
0 0.5185546875 0.6923828125 0.021484375 0.029296875
0 0.30078125 0.642822265625 0.031901041666666664 0.02001953125
0 0.3372395833333333 0.64697265625 0.028645833333333332 0.03125
0 0.34765625 0.447509765625 0.055989583333333336 0.03369140625
0 0.7633463541666666 0.228271484375 0.018880208333333332 0.01318359375
0 0.5979817708333334 0.318359375 0.013020833333333334 0.01171875
0 0.2903645833333333 0.907958984375 0.01953125 0.013671875
0 0.2819010416666667 0.96728515625 0.016927083333333332 0.0107421875
0 0.3095703125 0.33056640625 0.013020833333333334 0.01171875
0 0.4466145833333333 0.278564453125 0.013671875 0.01611328125
0 0.5826822916666666 0.6650390625 0.012369791666666666 0.01171875
0 0.7526041666666666 0.34423828125 0.018229166666666668 0.013671875
0 0.5286458333333334 0.21826171875 0.017578125 0.01318359375
0 0.767578125 0.27880859375 0.016927083333333332 0.01513671875
0 0.75 0.306396484375 0.024088541666666668 0.00634765625
0 0.7454427083333334 0.31396484375 0.013020833333333334 0.01025390625
0 0.76953125 0.33642578125 0.009765625 0.0048828125
0 0.4306640625 0.534423828125 0.015625 0.0126953125
0 0.38671875 0.6728515625 0.018880208333333332 0.02099609375
0 0.5930989583333334 0.973388671875 0.009114583333333334 0.01123046875
0 0.7044270833333334 0.988037109375 0.0390625 0.01220703125
0 0.6956380208333334 0.973876953125 0.011067708333333334 0.0107421875
0 0.7727864583333334 0.97216796875 0.018229166666666668 0.01416015625
0 0.751953125 0.952880859375 0.016927083333333332 0.01220703125
0 0.6490885416666666 0.932861328125 0.009765625 0.0078125
0 0.5556640625 0.96484375 0.007161458333333333 0.01123046875
0 0.4850260416666667 0.935302734375 0.0078125 0.009765625
0 0.4899088541666667 0.9248046875 0.017578125 0.0078125
0 0.6949869791666666 0.783935546875 0.017578125 0.01171875
0 0.7389322916666666 0.782958984375 0.014322916666666666 0.0126953125
0 0.7405598958333334 0.6708984375 0.01953125 0.02001953125
0 0.5970052083333334 0.722412109375 0.021484375 0.01171875
0 0.4921875 0.67626953125 0.009114583333333334 0.00732421875
0 0.7454427083333334 0.5732421875 0.009765625 0.009765625
0 0.8076171875 0.5751953125 0.01953125 0.013671875
0 0.8040364583333334 0.553955078125 0.021484375 0.01904296875
0 0.7470703125 0.550537109375 0.027994791666666668 0.0244140625
0 0.5406901041666666 0.492919921875 0.009765625 0.01220703125
0 0.4833984375 0.3515625 0.013671875 0.013671875
0 0.5022786458333334 0.3388671875 0.021484375 0.0126953125
0 0.5904947916666666 0.375732421875 0.01953125 0.00732421875
0 0.71484375 0.21923828125 0.009765625 0.0068359375
0 0.7688802083333334 0.460205078125 0.018229166666666668 0.01220703125
0 0.5735677083333334 0.548583984375 0.021484375 0.013671875
0 0.7106119791666666 0.8515625 0.0234375 0.017578125
0 0.564453125 0.974609375 0.016276041666666668 0.01123046875
0 0.6090494791666666 0.219482421875 0.01171875 0.009765625
0 0.5888671875 0.3408203125 0.011067708333333334 0.0078125