0 0.6272786458333334 0.42578125 0.050130208333333336 0.041015625
0 0.6741536458333334 0.414794921875 0.025390625 0.013671875
0 0.7138671875 0.374755859375 0.0234375 0.0126953125
0 0.4436848958333333 0.321044921875 0.033854166666666664 0.025390625
0 0.3590494791666667 0.31787109375 0.022786458333333332 0.017578125
0 0.7086588541666666 0.2021484375 0.026692708333333332 0.021484375
0 0.5445963541666666 0.1875 0.022786458333333332 0.0224609375
0 0.4697265625 0.5625 0.027994791666666668 0.02880859375
0 0.5745442708333334 0.525634765625 0.034505208333333336 0.02880859375
0 0.7415364583333334 0.4951171875 0.027994791666666668 0.0302734375
0 0.5074869791666666 0.545654296875 0.040364583333333336 0.02734375
0 0.5104166666666666 0.5263671875 0.047526041666666664 0.04248046875
0 0.7604166666666666 0.61962890625 0.022786458333333332 0.021484375
0 0.4788411458333333 0.376953125 0.021484375 0.017578125
0 0.5768229166666666 0.3388671875 0.014973958333333334 0.01611328125
0 0.3798828125 0.20947265625 0.029296875 0.0146484375
0 0.7034505208333334 0.455078125 0.025390625 0.0107421875
0 0.6634114583333334 0.58837890625 0.01953125 0.015625
0 0.7141927083333334 0.623046875 0.014322916666666666 0.01708984375
0 0.640625 0.626953125 0.016927083333333332 0.01220703125
0 0.5266927083333334 0.665771484375 0.022786458333333332 0.01416015625
0 0.4947916666666667 0.72509765625 0.037109375 0.03076171875
0 0.5836588541666666 0.78271484375 0.025390625 0.02099609375
0 0.5595703125 0.701904296875 0.025390625 0.0146484375
0 0.3238932291666667 0.789306640625 0.018880208333333332 0.02099609375
0 0.30078125 0.764892578125 0.039713541666666664 0.0224609375
0 0.4322916666666667 0.711181640625 0.017578125 0.017578125
0 0.3753255208333333 0.62548828125 0.020182291666666668 0.01513671875
0 0.3863932291666667 0.529541015625 0.021484375 0.0185546875
0 0.2916666666666667 0.180419921875 0.020833333333333332 0.0146484375
0 0.3063151041666667 0.286376953125 0.01171875 0.0107421875
0 0.3587239583333333 0.492431640625 0.014973958333333334 0.015625
0 0.4505208333333333 0.46630859375 0.016927083333333332 0.01171875
0 0.5823567708333334 0.4345703125 0.021484375 0.01171875
0 0.5983072916666666 0.458984375 0.014973958333333334 0.009765625
0 0.5638020833333334 0.653564453125 0.021484375 0.017578125
0 0.5869140625 0.686767578125 0.02734375 0.015625
0 0.6256510416666666 0.64599609375 0.031901041666666664 0.01708984375
0 0.7109375 0.714111328125 0.029947916666666668 0.01708984375
0 0.7294921875 0.69677734375 0.020833333333333332 0.015625
0 0.646484375 0.83056640625 0.06770833333333333 0.04638671875
0 0.6396484375 0.926025390625 0.031901041666666664 0.02490234375
0 0.71875 0.88671875 0.024739583333333332 0.01708984375
0 0.6956380208333334 0.889892578125 0.020182291666666668 0.02294921875
0 0.6315104166666666 0.89794921875 0.03515625 0.03125
0 0.2877604166666667 0.89453125 0.01953125 0.01904296875
0 0.3160807291666667 0.872314453125 0.022135416666666668 0.015625
0 0.2779947916666667 0.871337890625 0.024088541666666668 0.0166015625
0 0.388671875 0.93701171875 0.029296875 0.01806640625
0 0.3811848958333333 0.911865234375 0.02734375 0.01708984375
0 0.3004557291666667 0.968505859375 0.017578125 0.0224609375
0 0.3369140625 0.70947265625 0.025390625 0.0185546875
0 0.3606770833333333 0.66357421875 0.016276041666666668 0.01611328125
0 0.3805338541666667 0.560546875 0.018880208333333332 0.01220703125
0 0.7041015625 0.81494140625 0.024088541666666668 0.01953125
0 0.755859375 0.7734375 0.016927083333333332 0.02001953125
0 0.6569010416666666 0.797607421875 0.016927083333333332 0.0185546875
0 0.4495442708333333 0.8837890625 0.061197916666666664 0.03515625
0 0.5325520833333334 0.843505859375 0.026692708333333332 0.0341796875
0 0.4225260416666667 0.4228515625 0.013671875 0.01318359375
0 0.3841145833333333 0.434814453125 0.016927083333333332 0.01123046875
0 0.5026041666666666 0.262451171875 0.031901041666666664 0.0234375
0 0.6197916666666666 0.751220703125 0.0234375 0.017578125
0 0.4990234375 0.200439453125 0.018229166666666668 0.017578125
0 0.4322916666666667 0.23779296875 0.016927083333333332 0.01318359375
0 0.3909505208333333 0.2333984375 0.015625 0.01171875
0 0.2962239583333333 0.241455078125 0.027994791666666668 0.00927734375
0 0.2919921875 0.2724609375 0.009114583333333334 0.0087890625
0 0.2731119791666667 0.30078125 0.018229166666666668 0.01318359375
0 0.2776692708333333 0.270751953125 0.015625 0.01171875
0 0.2874348958333333 0.26171875 0.010416666666666666 0.0087890625
0 0.2783203125 0.263916015625 0.009114583333333334 0.005859375
0 0.3190104166666667 0.248779296875 0.041666666666666664 0.04150390625
0 0.3079427083333333 0.255859375 0.015625 0.0146484375
0 0.4820963541666667 0.3271484375 0.020182291666666668 0.01318359375
0 0.478515625 0.306396484375 0.013671875 0.01318359375
0 0.5660807291666666 0.311767578125 0.014973958333333334 0.00732421875
0 0.5113932291666666 0.282470703125 0.010416666666666666 0.01123046875
0 0.3841145833333333 0.31103515625 0.013020833333333334 0.0078125
0 0.4182942708333333 0.292236328125 0.01953125 0.0126953125
0 0.62109375 0.293212890625 0.01953125 0.01025390625
0 0.7014973958333334 0.306396484375 0.013671875 0.01025390625
0 0.7578125 0.30810546875 0.009114583333333334 0.00927734375
0 0.7451171875 0.30419921875 0.012369791666666666 0.00830078125
0 0.7249348958333334 0.28662109375 0.021484375 0.009765625
0 0.6962890625 0.22998046875 0.012369791666666666 0.01171875
0 0.7682291666666666 0.254638671875 0.012369791666666666 0.0078125
0 0.7711588541666666 0.2373046875 0.017578125 0.0087890625
0 0.7623697916666666 0.369384765625 0.010416666666666666 0.0068359375
0 0.6848958333333334 0.377197265625 0.03125 0.0087890625
0 0.6676432291666666 0.361328125 0.014973958333333334 0.01171875
0 0.6865234375 0.364013671875 0.027994791666666668 0.017578125
0 0.5787760416666666 0.365478515625 0.020182291666666668 0.01416015625
0 0.466796875 0.35205078125 0.012369791666666666 0.00634765625
0 0.3258463541666667 0.40673828125 0.030598958333333332 0.00830078125
0 0.3177083333333333 0.458984375 0.015625 0.009765625
0 0.2991536458333333 0.445068359375 0.01171875 0.009765625
0 0.2783203125 0.346435546875 0.010416666666666666 0.00927734375
0 0.2766927083333333 0.369384765625 0.009765625 0.0078125
0 0.2770182291666667 0.37890625 0.013671875 0.00830078125
0 0.3486328125 0.469482421875 0.0078125 0.00732421875
0 0.3649088541666667 0.445068359375 0.012369791666666666 0.00634765625
0 0.4020182291666667 0.48583984375 0.021484375 0.01220703125
0 0.3776041666666667 0.49462890625 0.018229166666666668 0.0126953125
0 0.513671875 0.585693359375 0.016276041666666668 0.01318359375
0 0.537109375 0.57421875 0.020182291666666668 0.0146484375
0 0.5472005208333334 0.544921875 0.017578125 0.0146484375
0 0.6634114583333334 0.53662109375 0.022135416666666668 0.01171875
0 0.3170572916666667 0.640625 0.008463541666666666 0.00732421875
0 0.3567708333333333 0.677490234375 0.015625 0.01123046875
0 0.41015625 0.652099609375 0.01953125 0.015625
0 0.3297526041666667 0.7275390625 0.021484375 0.015625
0 0.3557942708333333 0.747314453125 0.03125 0.0107421875
0 0.4358723958333333 0.735107421875 0.020833333333333332 0.00537109375
0 0.4150390625 0.71484375 0.01171875 0.00927734375
0 0.3961588541666667 0.708984375 0.011067708333333334 0.0078125
0 0.4674479166666667 0.671875 0.021484375 0.0087890625
0 0.5299479166666666 0.68896484375 0.013020833333333334 0.00927734375
0 0.5654296875 0.67724609375 0.012369791666666666 0.00927734375
0 0.5999348958333334 0.67724609375 0.011067708333333334 0.00830078125
0 0.6087239583333334 0.6572265625 0.009765625 0.00830078125
0 0.5908203125 0.64013671875 0.012369791666666666 0.01123046875
0 0.6917317708333334 0.6171875 0.014973958333333334 0.009765625
0 0.6673177083333334 0.60693359375 0.018880208333333332 0.00927734375
0 0.7288411458333334 0.606201171875 0.016927083333333332 0.0107421875
0 0.6956380208333334 0.6826171875 0.016927083333333332 0.0126953125
0 0.7047526041666666 0.678466796875 0.011067708333333334 0.01416015625
0 0.7109375 0.698486328125 0.0234375 0.01220703125
0 0.7229817708333334 0.73486328125 0.014973958333333334 0.00732421875
0 0.7350260416666666 0.75634765625 0.017578125 0.01611328125
0 0.6585286458333334 0.784912109375 0.013020833333333334 0.0087890625
0 0.56640625 0.76416015625 0.016927083333333332 0.01025390625
0 0.5787760416666666 0.750244140625 0.0078125 0.0107421875
0 0.6669921875 0.864501953125 0.024088541666666668 0.0146484375
0 0.65625 0.87353515625 0.0234375 0.01806640625
0 0.5517578125 0.86376953125 0.020833333333333332 0.03076171875
0 0.4905598958333333 0.905517578125 0.020182291666666668 0.017578125
0 0.4456380208333333 0.899658203125 0.020833333333333332 0.013671875
0 0.431640625 0.916015625 0.018229166666666668 0.01318359375
0 0.41015625 0.94189453125 0.018880208333333332 0.0146484375
0 0.4169921875 0.908447265625 0.01953125 0.013671875
0 0.404296875 0.9072265625 0.010416666666666666 0.01123046875
0 0.3489583333333333 0.8828125 0.02734375 0.01220703125
0 0.4514973958333333 0.965087890625 0.020182291666666668 0.01171875
0 0.4479166666666667 0.987060546875 0.016927083333333332 0.0126953125
0 0.2737630208333333 0.973876953125 0.018229166666666668 0.01513671875
0 0.6432291666666666 0.943603515625 0.014973958333333334 0.0087890625
0 0.7841796875 0.968994140625 0.017578125 0.02001953125
0 0.2760416666666667 0.79443359375 0.013671875 0.009765625
0 0.6608072916666666 0.47607421875 0.01171875 0.01123046875
0 0.70703125 0.244873046875 0.01171875 0.01123046875
0 0.6640625 0.704833984375 0.033854166666666664 0.021484375
0 0.2584635416666667 0.889892578125 0.013671875 0.01953125
0 0.3134765625 0.817626953125 0.012369791666666666 0.01123046875
0 0.4791666666666667 0.2568359375 0.015625 0.01025390625
0 0.3951822916666667 0.316650390625 0.01953125 0.01171875
0 0.7626953125 0.33935546875 0.014973958333333334 0.013671875
0 0.5771484375 0.448974609375 0.012369791666666666 0.01220703125
0 0.505859375 0.437255859375 0.020182291666666668 0.0146484375
0 0.7431640625 0.37744140625 0.017578125 0.00927734375
0 0.7249348958333334 0.380859375 0.012369791666666666 0.01123046875
0 0.7721354166666666 0.70556640625 0.020182291666666668 0.01123046875
0 0.552734375 0.83203125 0.014322916666666666 0.0107421875
0 0.6393229166666666 0.87158203125 0.01171875 0.00927734375
0 0.6389973958333334 0.86279296875 0.01171875 0.01025390625
0 0.5791015625 0.927001953125 0.015625 0.01220703125
0 0.3522135416666667 0.83154296875 0.016276041666666668 0.015625
0 0.2838541666666667 0.804443359375 0.009114583333333334 0.00732421875
0 0.2623697916666667 0.727783203125 0.016927083333333332 0.01025390625
0 0.2835286458333333 0.751708984375 0.016276041666666668 0.0087890625
0 0.3518880208333333 0.591552734375 0.01171875 0.0107421875
0 0.4814453125 0.761474609375 0.014322916666666666 0.01513671875