0 0.2747395833333333 0.42919921875 0.052734375 0.03515625
0 0.5257161458333334 0.440185546875 0.024739583333333332 0.01318359375
0 0.08463541666666667 0.48486328125 0.022786458333333332 0.01806640625
0 0.2620442708333333 0.71435546875 0.026041666666666668 0.02001953125
0 0.6572265625 0.541015625 0.024739583333333332 0.02294921875
0 0.8079427083333334 0.485107421875 0.020833333333333332 0.0107421875
0 0.84375 0.55029296875 0.020182291666666668 0.017578125
0 0.3463541666666667 0.353515625 0.020833333333333332 0.015625
0 0.8365885416666666 0.531005859375 0.021484375 0.01220703125
0 0.7770182291666666 0.443115234375 0.014973958333333334 0.0107421875
0 0.6520182291666666 0.404296875 0.017578125 0.01416015625
0 0.044596354166666664 0.440673828125 0.024088541666666668 0.01806640625
0 0.4397786458333333 0.487548828125 0.025390625 0.01025390625
0 0.11393229166666667 0.529052734375 0.025390625 0.0126953125
0 0.6243489583333334 0.4111328125 0.0234375 0.01171875
0 0.12630208333333334 0.70361328125 0.01171875 0.009765625
0 0.5657552083333334 0.364013671875 0.037760416666666664 0.021484375
0 0.8502604166666666 0.473876953125 0.020833333333333332 0.01513671875
0 0.7350260416666666 0.363525390625 0.014973958333333334 0.0126953125
0 0.26171875 0.5361328125 0.018229166666666668 0.01611328125
0 0.734375 0.6142578125 0.010416666666666666 0.00732421875
0 0.7945963541666666 0.507568359375 0.018229166666666668 0.0146484375
0 0.8317057291666666 0.503173828125 0.015625 0.005859375
0 0.6555989583333334 0.367919921875 0.015625 0.015625
0 0.685546875 0.48095703125 0.012369791666666666 0.015625
0 0.689453125 0.4921875 0.016927083333333332 0.005859375
0 0.6171875 0.500244140625 0.014973958333333334 0.01171875
0 0.6048177083333334 0.398193359375 0.013671875 0.0126953125
0 0.58984375 0.427001953125 0.013020833333333334 0.0107421875
0 0.5764973958333334 0.47705078125 0.018880208333333332 0.015625
0 0.650390625 0.476806640625 0.016927083333333332 0.013671875
0 0.4820963541666667 0.35009765625 0.013671875 0.01416015625
0 0.4313151041666667 0.441650390625 0.013020833333333334 0.01318359375
0 0.4407552083333333 0.547119140625 0.017578125 0.0146484375
0 0.5100911458333334 0.561767578125 0.020182291666666668 0.01513671875
0 0.474609375 0.47021484375 0.014973958333333334 0.009765625
0 0.5244140625 0.5283203125 0.01171875 0.013671875
0 0.4296875 0.574951171875 0.018880208333333332 0.0146484375
0 0.4248046875 0.633544921875 0.016276041666666668 0.0107421875
0 0.4895833333333333 0.60595703125 0.014322916666666666 0.01123046875
0 0.4710286458333333 0.6552734375 0.016276041666666668 0.013671875
0 0.5354817708333334 0.70654296875 0.014973958333333334 0.009765625
0 0.6393229166666666 0.68017578125 0.014973958333333334 0.01513671875
0 0.7864583333333334 0.552978515625 0.016927083333333332 0.01611328125
0 0.7897135416666666 0.5908203125 0.012369791666666666 0.01171875
0 0.4599609375 0.701904296875 0.01171875 0.0146484375
0 0.3948567708333333 0.693115234375 0.021484375 0.01025390625
0 0.3606770833333333 0.54052734375 0.018880208333333332 0.015625
0 0.359375 0.641845703125 0.020182291666666668 0.01171875
0 0.3157552083333333 0.6875 0.009114583333333334 0.0146484375
0 0.3011067708333333 0.67529296875 0.011067708333333334 0.01171875
0 0.14876302083333334 0.60009765625 0.01953125 0.01513671875
0 0.19954427083333334 0.541015625 0.047526041666666664 0.017578125
0 0.8733723958333334 0.57861328125 0.013020833333333334 0.01220703125
0 0.7086588541666666 0.620361328125 0.01171875 0.013671875
0 0.333984375 0.387451171875 0.016276041666666668 0.01025390625
0 0.3147786458333333 0.330078125 0.015625 0.01318359375
0 0.5572916666666666 0.3818359375 0.01171875 0.00830078125
0 0.0673828125 0.53662109375 0.009114583333333334 0.00927734375
0 0.005859375 0.5576171875 0.01171875 0.0126953125
0 0.04296875 0.33154296875 0.022786458333333332 0.01513671875
0 0.013671875 0.35791015625 0.020182291666666668 0.01318359375
0 0.3076171875 0.47021484375 0.014973958333333334 0.01220703125
0 0.6223958333333334 0.612548828125 0.021484375 0.01220703125
0 0.5732421875 0.344970703125 0.018229166666666668 0.01318359375