0 0.5916170634920634 0.3080927579365079 0.02195436507936514 0.01767113095238093
0 0.5824834656084655 0.1936904761904762 0.02136574074074075 0.026321924603174618
0 0.6168386243386242 0.5130133928571428 0.03532407407407412 0.027676091269841274
0 0.3939318783068783 0.502874503968254 0.023468915343915302 0.01856646825396835
0 0.5386011904761905 0.3259275793650794 0.035218253968253954 0.043603670634920655
0 0.6576686507936508 0.6160367063492064 0.01955026455026454 0.022571924603174587
0 0.2750925925925926 0.5328224206349207 0.0436243386243386 0.031235119047618998
0 0.4254265873015873 0.5229315476190476 0.023984788359788418 0.029880952380952452
0 0.6380125661375661 0.6563417658730158 0.04821097883597888 0.03461557539682536
0 0.6551322751322751 0.7907242063492063 0.05081018518518506 0.04966765873015877
0 0.6994047619047619 0.36646825396825394 0.03417658730158735 0.030925099206349227
0 0.3578009259259259 0.6923784722222222 0.024292328042328098 0.022638888888888875
0 0.4814550264550264 0.6924677579365079 0.02128968253968259 0.029149305555555616
0 0.6993716931216931 0.6428149801587301 0.03200396825396812 0.019799107142857153
0 0.6627281746031746 0.6469295634920634 0.028799603174603245 0.031133432539682593
0 0.6524603174603174 0.4474875992063492 0.05572420634920627 0.03373263888888889
0 0.2366236772486772 0.22826636904761904 0.018826058201058204 0.013375496031746037
0 0.4018683862433862 0.3184350198412698 0.012708333333333321 0.011855158730158744
0 0.7097685185185186 0.9079811507936507 0.01952380952380957 0.013804563492063382
0 0.7180257936507936 0.9673958333333332 0.01709986772486764 0.010600198412698436
0 0.6904761904761904 0.3304563492063492 0.013164682539682579 0.01189980158730164
0 0.5533796296296296 0.278640873015873 0.01366071428571436 0.01600198412698417
0 0.41733465608465603 0.6650446428571428 0.012384259259259197 0.011525297619047636
0 0.24751984126984125 0.34413442460317456 0.01797949735449733 0.013613591269841296
0 0.47130621693121694 0.2183829365079365 0.017830687830687825 0.01341765873015871
0 0.2324537037037037 0.27882936507936507 0.016941137566137538 0.015014880952380905
0 0.24995701058201059 0.30650545634920634 0.024093915343915324 0.00656001984126986
0 0.2546626984126984 0.31398809523809523 0.013174603174603172 0.010099206349206358
0 0.23038359788359786 0.3364409722222222 0.009788359788359754 0.004883432539682486
0 0.5691832010582011 0.534484126984127 0.015810185185185215 0.012477678571428674
0 0.6134160052910053 0.6728373015873016 0.01919973544973545 0.020969742063492003
0 0.40683862433862433 0.9732738095238094 0.00923280423280426 0.011262400793650817
0 0.295734126984127 0.9880332341269841 0.03890211640211638 0.012428075396825333
0 0.30430555555555555 0.9737673611111111 0.011210317460317457 0.010602678571428603
0 0.22726521164021163 0.9722023809523809 0.018462301587301555 0.014394841269841363
0 0.24814814814814812 0.9529092261904761 0.016703042328042317 0.012073412698412778
0 0.3508994708994708 0.9328025793650793 0.009451058201058219 0.007795138888888831
0 0.44442460317460314 0.9647867063492063 0.0070337301587302115 0.011101190476190403
0 0.5150859788359788 0.9351934523809523 0.00813161375661379 0.009610615079365115
0 0.5102513227513227 0.9248883928571429 0.01780423280423286 0.007795138888888831
0 0.3050363756613756 0.7838665674603175 0.01765873015873017 0.011860119047619078
0 0.26120370370370366 0.7830778769841269 0.014083994708994721 0.012490079365079287
0 0.2595767195767196 0.6708308531746031 0.019642857142857146 0.019920634920634894
0 0.402853835978836 0.7222941468253967 0.021203703703703763 0.01153025793650797
0 0.5079298941798941 0.6762227182539683 0.009355158730158722 0.007316468253968145
0 0.25443452380952375 0.573204365079365 0.009976851851851857 0.009878472222222268
0 0.19253968253968254 0.5751934523809523 0.019642857142857146 0.01385664682539689
0 0.19612433862433862 0.5540228174603175 0.021203703703703686 0.019223710317460396
0 0.2530291005291005 0.5505158730158729 0.027751322751322787 0.02427331349206341
0 0.4594444444444444 0.4928695436507936 0.00966600529100529 0.012437996031746001
0 0.5166600529100529 0.35151537698412694 0.013720238095238072 0.013630952380952355
0 0.497797619047619 0.33888392857142857 0.02151455026455033 0.012686011904761929
0 0.4095568783068783 0.37584325396825397 0.019642857142857146 0.007562003968254016
0 0.2853009259259259 0.21913938492063492 0.009976851851851857 0.007053571428571437
0 0.23110780423280422 0.46031994047619046 0.01796296296296296 0.012142857142857122
0 0.4262929894179894 0.5486433531746032 0.021250000000000064 0.013851686507936556
0 0.28955026455026456 0.8514756944444444 0.023528439153439162 0.01764632936507926
0 0.435651455026455 0.9747147817460318 0.01619047619047616 0.011383928571428559
0 0.39099867724867726 0.2194394841269841 0.011891534391534453 0.009677579365079347
0 0.4110780423280423 0.3408358134920635 0.011223544973545016 0.007653769841269864