0 0.4593098958333333 0.609130859375 0.047526041666666664 0.0322265625
0 0.2858072916666667 0.670166015625 0.044921875 0.0341796875
0 0.15787760416666666 0.67138671875 0.03125 0.01953125
0 0.8359375 0.587890625 0.04296875 0.03515625
0 0.21809895833333334 0.66943359375 0.048828125 0.03173828125
0 0.7652994791666666 0.4775390625 0.033203125 0.02392578125
0 0.6787109375 0.63037109375 0.06966145833333333 0.03515625
0 0.65625 0.598876953125 0.033203125 0.025390625
0 0.72265625 0.67333984375 0.029947916666666668 0.02587890625
0 0.6188151041666666 0.345947265625 0.033203125 0.02734375
0 0.5296223958333334 0.4521484375 0.037109375 0.02490234375
0 0.6520182291666666 0.3408203125 0.042317708333333336 0.02587890625
0 0.5654296875 0.337158203125 0.036458333333333336 0.0185546875
0 0.18912760416666666 0.611572265625 0.03515625 0.02197265625
0 0.6829427083333334 0.4814453125 0.031901041666666664 0.02001953125
0 0.7545572916666666 0.391357421875 0.07747395833333333 0.04833984375
0 0.10904947916666667 0.453369140625 0.036458333333333336 0.02978515625
0 0.2750651041666667 0.348388671875 0.022135416666666668 0.0107421875
0 0.2718098958333333 0.333251953125 0.024739583333333332 0.01611328125
0 0.21354166666666666 0.634033203125 0.041666666666666664 0.02197265625
0 0.6813151041666666 0.561767578125 0.04296875 0.03857421875
0 0.8349609375 0.54638671875 0.06640625 0.04833984375
0 0.8356119791666666 0.67138671875 0.057291666666666664 0.041015625
0 0.8001302083333334 0.644287109375 0.028645833333333332 0.025390625
0 0.8815104166666666 0.530029296875 0.030598958333333332 0.025390625
0 0.8248697916666666 0.45068359375 0.0390625 0.041015625
0 0.7861328125 0.44580078125 0.057291666666666664 0.03662109375
0 0.7431640625 0.458740234375 0.029947916666666668 0.0224609375
0 0.591796875 0.364990234375 0.044921875 0.02880859375
0 0.6057942708333334 0.452880859375 0.031901041666666664 0.0244140625
0 0.5595703125 0.42529296875 0.015625 0.01318359375
0 0.5758463541666666 0.41943359375 0.020182291666666668 0.01025390625
0 0.5579427083333334 0.51025390625 0.0234375 0.01806640625
0 0.4514973958333333 0.637939453125 0.043619791666666664 0.02685546875
0 0.5784505208333334 0.656494140625 0.0390625 0.0244140625
0 0.4000651041666667 0.6376953125 0.056640625 0.04541015625
0 0.341796875 0.628173828125 0.02734375 0.025390625
0 0.2587890625 0.6376953125 0.047526041666666664 0.025390625
0 0.22233072916666666 0.5966796875 0.026041666666666668 0.02392578125
0 0.3619791666666667 0.572998046875 0.064453125 0.021484375
0 0.2669270833333333 0.54296875 0.0390625 0.02001953125
0 0.2333984375 0.534423828125 0.03125 0.02587890625
0 0.13899739583333334 0.646240234375 0.031901041666666664 0.0205078125
0 0.023111979166666668 0.6572265625 0.046223958333333336 0.033203125
0 0.12727864583333334 0.61376953125 0.035807291666666664 0.02294921875
0 0.15755208333333334 0.578369140625 0.051432291666666664 0.02685546875
0 0.10481770833333333 0.589111328125 0.050130208333333336 0.02392578125
0 0.12174479166666667 0.594970703125 0.029296875 0.01806640625
0 0.09212239583333333 0.57275390625 0.022135416666666668 0.0185546875
0 0.19694010416666666 0.44140625 0.044270833333333336 0.03271484375
0 0.1689453125 0.414794921875 0.040364583333333336 0.03173828125
0 0.18033854166666666 0.334228515625 0.041666666666666664 0.01953125
0 0.16243489583333334 0.37744140625 0.020182291666666668 0.01416015625
0 0.052734375 0.4091796875 0.029947916666666668 0.021484375
0 0.04296875 0.5654296875 0.053385416666666664 0.048828125
0 0.015299479166666666 0.554931640625 0.030598958333333332 0.02880859375
0 0.0048828125 0.595947265625 0.009765625 0.03076171875
0 0.357421875 0.39208984375 0.013020833333333334 0.01025390625
0 0.4264322916666667 0.388916015625 0.014973958333333334 0.01318359375
0 0.3785807291666667 0.413818359375 0.035807291666666664 0.03173828125
0 0.3766276041666667 0.444091796875 0.037760416666666664 0.02880859375
0 0.4466145833333333 0.524169921875 0.032552083333333336 0.03857421875
0 0.48046875 0.520263671875 0.038411458333333336 0.03125
0 0.4827473958333333 0.556640625 0.020833333333333332 0.01171875
0 0.4375 0.564453125 0.021484375 0.0078125
0 0.4479166666666667 0.490966796875 0.029947916666666668 0.02294921875
0 0.4322916666666667 0.4609375 0.013020833333333334 0.01318359375
0 0.6949869791666666 0.400634765625 0.043619791666666664 0.04541015625
0 0.7708333333333334 0.632080078125 0.029296875 0.029296875
0 0.7490234375 0.610107421875 0.044921875 0.04638671875
0 0.4990234375 0.334228515625 0.03515625 0.01708984375
0 0.4358723958333333 0.433837890625 0.040364583333333336 0.0234375
0 0.4423828125 0.394287109375 0.035807291666666664 0.02197265625
0 0.5211588541666666 0.5234375 0.018229166666666668 0.0107421875
0 0.7112630208333334 0.508056640625 0.018880208333333332 0.0185546875
0 0.6555989583333334 0.53759765625 0.014322916666666666 0.013671875
0 0.7119140625 0.693359375 0.01171875 0.009765625
0 0.6100260416666666 0.677734375 0.008463541666666666 0.00732421875
0 0.4150390625 0.676025390625 0.016927083333333332 0.01513671875
0 0.4235026041666667 0.593505859375 0.014322916666666666 0.00830078125
0 0.2890625 0.56787109375 0.016927083333333332 0.01318359375
0 0.1904296875 0.514892578125 0.022786458333333332 0.0224609375
0 0.1513671875 0.48779296875 0.015625 0.009765625
0 0.13118489583333334 0.477294921875 0.014973958333333334 0.0087890625
0 0.09309895833333333 0.489013671875 0.016927083333333332 0.01025390625
0 0.2708333333333333 0.361328125 0.014322916666666666 0.01025390625
0 0.4322916666666667 0.574462890625 0.010416666666666666 0.00732421875
0 0.8538411458333334 0.4033203125 0.014322916666666666 0.01220703125
0 0.7854817708333334 0.674072265625 0.016276041666666668 0.01611328125
0 0.7672526041666666 0.572021484375 0.013671875 0.01513671875
0 0.779296875 0.555419921875 0.018880208333333332 0.01220703125
0 0.8932291666666666 0.57421875 0.015625 0.013671875
0 0.8551432291666666 0.60107421875 0.016927083333333332 0.015625
0 0.8190104166666666 0.478271484375 0.012369791666666666 0.00830078125
0 0.8740234375 0.487548828125 0.009765625 0.00927734375
0 0.8017578125 0.36865234375 0.017578125 0.01220703125
0 0.7027994791666666 0.349853515625 0.018880208333333332 0.0146484375
0 0.666015625 0.33203125 0.013671875 0.013671875
0 0.6354166666666666 0.378662109375 0.016927083333333332 0.01171875
0 0.7200520833333334 0.3388671875 0.012369791666666666 0.00927734375
0 0.767578125 0.351806640625 0.011067708333333334 0.009765625
0 0.80859375 0.335693359375 0.018880208333333332 0.01220703125
0 0.8216145833333334 0.330322265625 0.012369791666666666 0.01220703125
0 0.8483072916666666 0.33154296875 0.010416666666666666 0.0087890625
0 0.67578125 0.361572265625 0.008463541666666666 0.0078125
0 0.5325520833333334 0.403564453125 0.010416666666666666 0.009765625
0 0.3997395833333333 0.34130859375 0.018229166666666668 0.01416015625
0 0.3229166666666667 0.345703125 0.015625 0.01025390625
0 0.22916666666666666 0.40283203125 0.01171875 0.0126953125
0 0.0556640625 0.680419921875 0.014973958333333334 0.009765625
0 0.035481770833333336 0.631103515625 0.014973958333333334 0.01025390625
0 0.0625 0.626220703125 0.018880208333333332 0.015625
0 0.059244791666666664 0.557861328125 0.020182291666666668 0.01025390625
0 0.06770833333333333 0.54541015625 0.018880208333333332 0.01416015625
0 0.006184895833333333 0.507568359375 0.012369791666666666 0.00830078125
0 0.17740885416666666 0.5341796875 0.015625 0.013671875
0 0.17220052083333334 0.619140625 0.014973958333333334 0.00927734375
0 0.2548828125 0.693115234375 0.013671875 0.01123046875
0 0.3190104166666667 0.6904296875 0.013671875 0.013671875
0 0.4296875 0.695068359375 0.013671875 0.009765625
0 0.4768880208333333 0.65966796875 0.015625 0.009765625
0 0.6510416666666666 0.653076171875 0.020833333333333332 0.0126953125
0 0.6565755208333334 0.641357421875 0.013020833333333334 0.01416015625
0 0.7001953125 0.652587890625 0.016927083333333332 0.01220703125
0 0.8440755208333334 0.690185546875 0.017578125 0.00830078125
0 0.8541666666666666 0.617919921875 0.016276041666666668 0.0146484375
0 0.6272786458333334 0.436767578125 0.01171875 0.005859375
0 0.3277994791666667 0.419677734375 0.010416666666666666 0.01318359375
0 0.296875 0.421630859375 0.012369791666666666 0.009765625
0 0.055013020833333336 0.336181640625 0.014973958333333334 0.0087890625
0 0.1396484375 0.3642578125 0.010416666666666666 0.00927734375
0 0.035481770833333336 0.3388671875 0.01171875 0.005859375
0 0.6246744791666666 0.50244140625 0.011067708333333334 0.01171875
0 0.5934244791666666 0.5224609375 0.022135416666666668 0.01513671875
0 0.5670572916666666 0.4931640625 0.020182291666666668 0.01220703125
0 0.6038411458333334 0.54931640625 0.022135416666666668 0.01123046875
0 0.4921875 0.445556640625 0.013671875 0.0126953125
0 0.4658203125 0.425048828125 0.013671875 0.01123046875
0 0.2744140625 0.483642578125 0.022135416666666668 0.01416015625
0 0.18294270833333334 0.4658203125 0.013671875 0.01123046875
0 0.0986328125 0.5126953125 0.016927083333333332 0.00927734375
0 0.3216145833333333 0.456298828125 0.018880208333333332 0.0107421875
0 0.3873697916666667 0.590576171875 0.014322916666666666 0.01123046875
0 0.3304036458333333 0.356689453125 0.022786458333333332 0.009765625