0 0.4514973958333333 0.041259765625 0.052083333333333336 0.03662109375
0 0.2877604166666667 0.5029296875 0.041666666666666664 0.03271484375
0 0.7330729166666666 0.780029296875 0.049479166666666664 0.02734375
0 0.3492838541666667 0.744384765625 0.059244791666666664 0.0302734375
0 0.6585286458333334 0.312255859375 0.041015625 0.0341796875
0 0.4459635416666667 0.769287109375 0.048828125 0.04150390625
0 0.388671875 0.480224609375 0.04296875 0.02978515625
0 0.3408203125 0.413818359375 0.07552083333333333 0.046875
0 0.6080729166666666 0.3212890625 0.038411458333333336 0.02978515625
0 0.3154296875 0.04443359375 0.05078125 0.03271484375
0 0.5501302083333334 0.70361328125 0.051432291666666664 0.0322265625
0 0.322265625 0.128662109375 0.0546875 0.02978515625
0 0.2516276041666667 0.628662109375 0.06510416666666667 0.060546875
0 0.4602864583333333 0.321044921875 0.045572916666666664 0.03662109375
0 0.43359375 0.25830078125 0.048828125 0.03564453125
0 0.2799479166666667 0.1845703125 0.041015625 0.02880859375
0 0.4915364583333333 0.06396484375 0.037760416666666664 0.03173828125
0 0.7340494791666666 0.654296875 0.034505208333333336 0.029296875
0 0.6725260416666666 0.560302734375 0.03125 0.025390625
0 0.6712239583333334 0.094970703125 0.047526041666666664 0.0439453125
0 0.4970703125 0.81396484375 0.024739583333333332 0.03662109375
0 0.5885416666666666 0.0400390625 0.02734375 0.02880859375
0 0.6907552083333334 0.036376953125 0.035807291666666664 0.03173828125
0 0.7307942708333334 0.041259765625 0.029296875 0.025390625
0 0.3411458333333333 0.095458984375 0.034505208333333336 0.02099609375
0 0.4586588541666667 0.12744140625 0.029947916666666668 0.02392578125
0 0.4869791666666667 0.13720703125 0.030598958333333332 0.02197265625
0 0.5266927083333334 0.127685546875 0.031901041666666664 0.025390625
0 0.5970052083333334 0.123291015625 0.07877604166666667 0.1435546875
0 0.5657552083333334 0.100341796875 0.02734375 0.03564453125
0 0.6302083333333334 0.059814453125 0.029296875 0.02783203125
0 0.728515625 0.0703125 0.038411458333333336 0.02978515625
0 0.486328125 0.101806640625 0.018880208333333332 0.01513671875
0 0.427734375 0.096435546875 0.027994791666666668 0.03466796875
0 0.4000651041666667 0.093505859375 0.0234375 0.02880859375
0 0.4446614583333333 0.15869140625 0.022135416666666668 0.01708984375
0 0.421875 0.1943359375 0.033854166666666664 0.015625
0 0.4309895833333333 0.18212890625 0.015625 0.0126953125
0 0.498046875 0.212890625 0.021484375 0.02197265625
0 0.5703125 0.20556640625 0.033203125 0.02587890625
0 0.5992838541666666 0.202880859375 0.026041666666666668 0.017578125
0 0.6350911458333334 0.19921875 0.014973958333333334 0.009765625
0 0.6881510416666666 0.1728515625 0.03515625 0.02978515625
0 0.6829427083333334 0.139404296875 0.040364583333333336 0.02978515625
0 0.7220052083333334 0.14013671875 0.028645833333333332 0.02783203125
0 0.7379557291666666 0.176025390625 0.029947916666666668 0.02880859375
0 0.7115885416666666 0.20751953125 0.037760416666666664 0.033203125
0 0.7421875 0.22705078125 0.024088541666666668 0.02099609375
0 0.7083333333333334 0.23486328125 0.030598958333333332 0.0283203125
0 0.6702473958333334 0.274169921875 0.029947916666666668 0.0224609375
0 0.7399088541666666 0.31298828125 0.029947916666666668 0.02685546875
0 0.5205078125 0.23876953125 0.0390625 0.02685546875
0 0.34375 0.19970703125 0.06966145833333333 0.06591796875
0 0.25 0.24951171875 0.02734375 0.02490234375
0 0.2747395833333333 0.2666015625 0.045572916666666664 0.037109375
0 0.3216145833333333 0.24755859375 0.035807291666666664 0.029296875
0 0.2897135416666667 0.24560546875 0.040364583333333336 0.02783203125
0 0.2711588541666667 0.315185546875 0.039713541666666664 0.0283203125
0 0.294921875 0.329833984375 0.040364583333333336 0.0341796875
0 0.3232421875 0.30712890625 0.018880208333333332 0.01806640625
0 0.3551432291666667 0.302001953125 0.014322916666666666 0.0107421875
0 0.3896484375 0.28076171875 0.035807291666666664 0.02685546875
0 0.3763020833333333 0.35400390625 0.03125 0.02685546875
0 0.3336588541666667 0.3310546875 0.032552083333333336 0.0244140625
0 0.2779947916666667 0.35498046875 0.029296875 0.02392578125
0 0.2662760416666667 0.380126953125 0.033854166666666664 0.0302734375
0 0.255859375 0.409912109375 0.029296875 0.02783203125
0 0.3020833333333333 0.373046875 0.022135416666666668 0.0322265625
0 0.4052734375 0.395263671875 0.03515625 0.0205078125
0 0.2867838541666667 0.41455078125 0.030598958333333332 0.0302734375
0 0.2610677083333333 0.44873046875 0.037760416666666664 0.0224609375
0 0.333984375 0.484619140625 0.039713541666666664 0.041015625
0 0.2682291666666667 0.475830078125 0.027994791666666668 0.0185546875
0 0.33984375 0.528564453125 0.025390625 0.025390625
0 0.3658854166666667 0.523681640625 0.026041666666666668 0.0234375
0 0.4417317708333333 0.514404296875 0.07356770833333333 0.0595703125
0 0.4996744791666667 0.51708984375 0.047526041666666664 0.04296875
0 0.53515625 0.50390625 0.028645833333333332 0.021484375
0 0.42578125 0.4208984375 0.030598958333333332 0.01806640625
0 0.4130859375 0.455078125 0.012369791666666666 0.0087890625
0 0.4293619791666667 0.436767578125 0.01171875 0.0107421875
0 0.5716145833333334 0.42529296875 0.025390625 0.01904296875
0 0.5989583333333334 0.429443359375 0.01953125 0.0146484375
0 0.6376953125 0.493896484375 0.028645833333333332 0.03173828125
0 0.6595052083333334 0.44873046875 0.020833333333333332 0.0263671875
0 0.6158854166666666 0.403076171875 0.018229166666666668 0.01318359375
0 0.6884765625 0.39990234375 0.022135416666666668 0.02685546875
0 0.732421875 0.421875 0.04296875 0.0244140625
0 0.7454427083333334 0.3974609375 0.03125 0.0263671875
0 0.7145182291666666 0.400390625 0.030598958333333332 0.02978515625
0 0.6357421875 0.362060546875 0.032552083333333336 0.02783203125
0 0.5953776041666666 0.3662109375 0.01953125 0.01025390625
0 0.7060546875 0.505615234375 0.018229166666666668 0.013671875
0 0.7399088541666666 0.50048828125 0.026041666666666668 0.02978515625
0 0.73828125 0.477783203125 0.018229166666666668 0.01416015625
0 0.7220052083333334 0.485595703125 0.01953125 0.01806640625
0 0.6129557291666666 0.5908203125 0.037109375 0.03369140625
0 0.646484375 0.58251953125 0.028645833333333332 0.03076171875
0 0.4798177083333333 0.597900390625 0.026041666666666668 0.0234375
0 0.4446614583333333 0.6279296875 0.028645833333333332 0.02099609375
0 0.3509114583333333 0.555419921875 0.03125 0.0283203125
0 0.3079427083333333 0.53759765625 0.018880208333333332 0.0146484375
0 0.24186197916666666 0.577880859375 0.014973958333333334 0.01025390625
0 0.2727864583333333 0.540771484375 0.016927083333333332 0.009765625
0 0.296875 0.58203125 0.018229166666666668 0.01171875
0 0.26953125 0.59228515625 0.016927083333333332 0.01318359375
0 0.3509114583333333 0.591796875 0.038411458333333336 0.0224609375
0 0.3134765625 0.603271484375 0.027994791666666668 0.02734375
0 0.3447265625 0.61279296875 0.03125 0.0234375
0 0.3131510416666667 0.64453125 0.028645833333333332 0.021484375
0 0.2861328125 0.64990234375 0.0234375 0.0205078125
0 0.25390625 0.706787109375 0.03125 0.02978515625
0 0.2926432291666667 0.744384765625 0.029296875 0.021484375
0 0.3951822916666667 0.673583984375 0.09765625 0.0771484375
0 0.4635416666666667 0.688720703125 0.024739583333333332 0.015625
0 0.484375 0.66064453125 0.032552083333333336 0.03759765625
0 0.5540364583333334 0.64013671875 0.024088541666666668 0.01220703125
0 0.5143229166666666 0.67822265625 0.020833333333333332 0.01318359375
0 0.6578776041666666 0.62255859375 0.02734375 0.01953125
0 0.6090494791666666 0.65771484375 0.035807291666666664 0.0244140625
0 0.6780598958333334 0.6357421875 0.03125 0.03076171875
0 0.7021484375 0.671630859375 0.014322916666666666 0.01416015625
0 0.7236328125 0.67919921875 0.029947916666666668 0.021484375
0 0.5911458333333334 0.710205078125 0.022786458333333332 0.01708984375
0 0.6575520833333334 0.698486328125 0.013020833333333334 0.01171875
0 0.5465494791666666 0.754150390625 0.035807291666666664 0.0283203125
0 0.5035807291666666 0.74755859375 0.029947916666666668 0.0244140625
0 0.4554036458333333 0.74658203125 0.04296875 0.02587890625
0 0.3766276041666667 0.767578125 0.037109375 0.025390625
0 0.5602213541666666 0.822265625 0.029296875 0.025390625
0 0.5413411458333334 0.8271484375 0.024739583333333332 0.0126953125
0 0.4801432291666667 0.361328125 0.032552083333333336 0.02197265625
0 0.5634765625 0.285400390625 0.026041666666666668 0.02001953125
0 0.5458984375 0.333251953125 0.026692708333333332 0.0234375
0 0.5703125 0.33447265625 0.037760416666666664 0.0283203125
0 0.5703125 0.396484375 0.037760416666666664 0.0283203125
0 0.6526692708333334 0.37841796875 0.025390625 0.01611328125
0 0.7177734375 0.455078125 0.043619791666666664 0.025390625
0 0.6761067708333334 0.466064453125 0.024739583333333332 0.013671875
0 0.6321614583333334 0.470947265625 0.027994791666666668 0.01611328125
0 0.24446614583333334 0.5 0.0234375 0.021484375
0 0.5904947916666666 0.0849609375 0.037109375 0.02783203125
0 0.6324869791666666 0.1171875 0.026692708333333332 0.0205078125
0 0.5266927083333334 0.025146484375 0.046875 0.0419921875
0 0.3050130208333333 0.061279296875 0.037109375 0.02734375
0 0.2555338541666667 0.09716796875 0.029947916666666668 0.021484375
0 0.2659505208333333 0.118896484375 0.028645833333333332 0.0283203125
0 0.2926432291666667 0.112548828125 0.020833333333333332 0.0205078125
0 0.2809244791666667 0.0966796875 0.030598958333333332 0.025390625
0 0.2952473958333333 0.16162109375 0.02734375 0.017578125
0 0.2535807291666667 0.81201171875 0.020833333333333332 0.025390625
0 0.3167317708333333 0.775390625 0.010416666666666666 0.00927734375
0 0.3824869791666667 0.820068359375 0.008463541666666666 0.0087890625
0 0.4140625 0.787841796875 0.020833333333333332 0.01220703125
0 0.3512369791666667 0.765625 0.015625 0.01171875
0 0.3929036458333333 0.751220703125 0.013020833333333334 0.00927734375
0 0.3876953125 0.726318359375 0.029296875 0.03564453125
0 0.4212239583333333 0.733154296875 0.011067708333333334 0.01025390625
0 0.5081380208333334 0.724853515625 0.01953125 0.0146484375
0 0.5852864583333334 0.7294921875 0.026041666666666668 0.0166015625
0 0.5651041666666666 0.734130859375 0.011067708333333334 0.009765625
0 0.5797526041666666 0.745849609375 0.016276041666666668 0.0107421875
0 0.6637369791666666 0.7626953125 0.024088541666666668 0.0087890625
0 0.634765625 0.7900390625 0.020182291666666668 0.01611328125
0 0.7513020833333334 0.675537109375 0.027994791666666668 0.02294921875
0 0.7330729166666666 0.805908203125 0.026041666666666668 0.0185546875
0 0.5413411458333334 0.59521484375 0.07747395833333333 0.05029296875
0 0.4264322916666667 0.05810546875 0.032552083333333336 0.03076171875
0 0.2727864583333333 0.7666015625 0.016276041666666668 0.0126953125
0 0.6702473958333334 0.709716796875 0.017578125 0.01171875
0 0.6103515625 0.8349609375 0.013671875 0.0087890625
0 0.48828125 0.763671875 0.013671875 0.00927734375
0 0.5377604166666666 0.383056640625 0.016276041666666668 0.009765625
0 0.5901692708333334 0.506591796875 0.015625 0.01171875
0 0.3125 0.086181640625 0.022786458333333332 0.01708984375
0 0.2574869791666667 0.03955078125 0.01171875 0.00927734375
0 0.609375 0.564453125 0.018229166666666668 0.01416015625
0 0.6529947916666666 0.73876953125 0.031901041666666664 0.025390625
0 0.2662760416666667 0.52392578125 0.009765625 0.005859375
0 0.3531901041666667 0.836669921875 0.021484375 0.01171875
0 0.4645182291666667 0.551025390625 0.009765625 0.0126953125
0 0.39453125 0.568359375 0.010416666666666666 0.01220703125
0 0.5221354166666666 0.58203125 0.010416666666666666 0.009765625
0 0.3186848958333333 0.450439453125 0.014973958333333334 0.0107421875
0 0.50390625 0.307861328125 0.009114583333333334 0.01416015625
0 0.2633463541666667 0.297607421875 0.026692708333333332 0.02294921875
0 0.2701822916666667 0.215576171875 0.009114583333333334 0.00927734375
0 0.310546875 0.1533203125 0.014973958333333334 0.0087890625
0 0.4651692708333333 0.078857421875 0.015625 0.0166015625
0 0.4986979166666667 0.185791015625 0.013020833333333334 0.00732421875
0 0.3948567708333333 0.248779296875 0.022135416666666668 0.01611328125
0 0.7184244791666666 0.098876953125 0.05859375 0.0224609375
0 0.6741536458333334 0.042724609375 0.020182291666666668 0.0224609375
0 0.646484375 0.090087890625 0.027994791666666668 0.02734375
0 0.642578125 0.134765625 0.016276041666666668 0.00927734375
0 0.484375 0.1552734375 0.020182291666666668 0.01513671875
0 0.5657552083333334 0.306640625 0.018229166666666668 0.01025390625
0 0.59765625 0.258056640625 0.022786458333333332 0.01171875
0 0.7190755208333334 0.2958984375 0.015625 0.01171875
0 0.7467447916666666 0.292724609375 0.016927083333333332 0.01171875
0 0.5846354166666666 0.38232421875 0.013020833333333334 0.009765625
0 0.6337890625 0.399169921875 0.020833333333333332 0.01123046875
0 0.6946614583333334 0.572021484375 0.012369791666666666 0.0146484375
0 0.5947265625 0.67724609375 0.03515625 0.0126953125
0 0.4772135416666667 0.37646484375 0.024739583333333332 0.01123046875
0 0.4290364583333333 0.3154296875 0.020833333333333332 0.0185546875
0 0.3994140625 0.1640625 0.017578125 0.0107421875
0 0.5120442708333334 0.221435546875 0.009114583333333334 0.01025390625
0 0.6432291666666666 0.2431640625 0.024739583333333332 0.015625