0 0.3624338624338624 0.43117559523809523 0.02645502645502651 0.022073412698412676
0 0.35714285714285715 0.5472470238095237 0.021164021164021236 0.02008928571428581
0 0.27926587301587297 0.6789434523809523 0.038029100529100544 0.03397817460317465
0 0.26719576719576715 0.5033482142857143 0.020502645502645505 0.02157738095238093
0 0.6784060846560847 0.5812251984126984 0.02215608465608465 0.02604166666666674
0 0.21312830687830686 0.5961061507936508 0.020833333333333332 0.015625
0 0.3525132275132275 0.8167162698412698 0.050925925925925895 0.04166666666666674
0 0.31316137566137564 0.3479662698412698 0.021164021164021163 0.018849206349206393
0 0.5669642857142857 0.683407738095238 0.04199735449735457 0.030505952380952328
0 0.4766865079365079 0.4052579365079365 0.02281746031746031 0.015873015873015817
0 0.2822420634920635 0.902405753968254 0.034722222222222245 0.02852182539682535
0 0.5993716931216931 0.3430059523809524 0.02215608465608465 0.01835317460317465
0 0.5691137566137566 0.8717757936507936 0.02513227513227519 0.02083333333333326
0 0.32688492063492064 0.6103670634920635 0.03207671957671954 0.02777777777777768
0 0.3741732804232804 0.5946180555555555 0.02414021164021163 0.018601190476190466
0 0.29596560846560843 0.8231646825396824 0.027777777777777752 0.01984126984126977
0 0.6167328042328042 0.736235119047619 0.01851851851851845 0.020585317460317443
0 0.6226851851851851 0.4386160714285714 0.017195767195767136 0.015625
0 0.33978174603174605 0.9562251984126984 0.03207671957671954 0.03497023809523814
0 0.3063822751322751 0.5453869047619048 0.03339947089947093 0.028769841269841168
0 0.587797619047619 0.42348710317460314 0.018187830687830697 0.014632936507936511
0 0.48495370370370366 0.5973462301587301 0.024801587301587286 0.01661706349206349
0 0.25512566137566134 0.6478174603174602 0.03273809523809527 0.024801587301587213
0 0.509755291005291 0.8262648809523809 0.02215608465608465 0.02008928571428581
0 0.3485449735449735 0.732266865079365 0.022486772486772555 0.017609126984126977
0 0.3318452380952381 0.888516865079365 0.03670634920634915 0.013144841269841168
0 0.6865079365079364 0.8253968253968254 0.01851851851851845 0.009424603174603252
0 0.31911375661375657 0.7099454365079365 0.012566137566137595 0.013144841269841168
0 0.20982142857142858 0.7238343253968254 0.014219576719576743 0.014632936507936511
0 0.36127645502645506 0.7142857142857142 0.026124338624338606 0.018849206349206282
0 0.38690476190476186 0.41381448412698413 0.015873015873015817 0.011656746031746046
0 0.3634259259259259 0.867063492063492 0.03108465608465612 0.03720238095238093
0 0.5082671957671957 0.4871031746031746 0.0330687830687831 0.023809523809523836
0 0.6830357142857143 0.5243055555555556 0.01752645502645489 0.011904761904761862
0 0.5289351851851851 0.902405753968254 0.03538359788359783 0.024057539682539764
0 0.3017526455026455 0.4776785714285714 0.018849206349206355 0.01388888888888884
0 0.4386574074074074 0.7916666666666666 0.0327380952380952 0.030753968253968145
0 0.4818121693121693 0.6341765873015872 0.041666666666666664 0.023809523809523725
0 0.38310185185185186 0.621155753968254 0.013558201058201083 0.012648809523809534
0 0.4231150793650793 0.28174603174603174 0.02215608465608465 0.01835317460317465
0 0.5224867724867724 0.7016369047619048 0.01984126984126977 0.012896825396825351
0 0.6418650793650793 0.9508928571428571 0.017195767195767136 0.01140873015873023
0 0.548941798941799 0.9739583333333333 0.0145502645502645 0.01835317460317465
0 0.5059523809523809 0.9342757936507936 0.02116402116402109 0.01140873015873023
0 0.5796957671957671 0.9911954365079364 0.022486772486772555 0.017113095238095344
0 0.26008597883597884 0.21205357142857142 0.01554232804232806 0.012400793650793662
0 0.4166666666666667 0.5967261904761905 0.03174603174603178 0.03720238095238093
0 0.5380291005291005 0.6923363095238095 0.01388888888888884 0.015128968253968145
0 0.23363095238095236 0.6669146825396826 0.014880952380952403 0.015873015873015817
0 0.5701058201058201 0.37053571428571425 0.02050264550264543 0.017857142857142905
0 0.3693783068783068 0.9172867063492063 0.023809523809523874 0.020585317460317443
0 0.6109457671957671 0.21552579365079363 0.01620370370370372 0.01339285714285715
0 0.6765873015873015 0.7590525793650793 0.016534391534391624 0.015128968253968145
0 0.34441137566137564 0.7761656746031745 0.01554232804232806 0.013640873015873023
0 0.4115410052910053 0.8850446428571428 0.018187830687830697 0.01661706349206349
0 0.25165343915343913 0.31882440476190477 0.011243386243386277 0.009672619047619069
0 0.4735449735449735 0.7724454365079365 0.01851851851851845 0.013144841269841168
0 0.4532076719576719 0.35788690476190477 0.010912698412698449 0.011904761904761862
0 0.27777777777777773 0.7681051587301587 0.009920634920634885 0.008928571428571397
0 0.6251653439153438 0.34610615079365076 0.024801587301587286 0.027033730158730118
0 0.2587632275132275 0.38938492063492064 0.01554232804232806 0.012400793650793607
0 0.3979828042328042 0.7858382936507936 0.018187830687830697 0.02157738095238093
0 0.6742724867724866 0.6116071428571428 0.010582010582010545 0.011904761904761862
0 0.4449404761904762 0.6149553571428571 0.014219576719576743 0.01116071428571419
0 0.44047619047619047 0.6592261904761905 0.02050264550264543 0.017857142857142794
0 0.5569411375661376 0.29427579365079365 0.010608465608465659 0.010106646825396859
0 0.4733630952380952 0.345453869047619 0.022936507936507883 0.012686011904761929
0 0.6108432539682539 0.2299801587301587 0.010608465608465659 0.009677579365079347
0 0.5203869047619047 0.2916964285714285 0.026951058201058142 0.015696924603174622
0 0.48669642857142853 0.2879315476190476 0.009460978835978887 0.010322420634920615
0 0.34248015873015875 0.39663194444444444 0.019209656084656117 0.010535714285714315
0 0.39480489417989423 0.4022222222222222 0.013763227513227486 0.012256944444444473
0 0.41501653439153435 0.38781498015873017 0.012903439153439203 0.023869047619047623
0 0.4604629629629629 0.46770089285714284 0.022936507936507883 0.018062996031745993
0 0.37458994708994703 0.33459573412698407 0.023224206349206373 0.015483630952380922
0 0.5457605820105821 0.45694940476190476 0.022648809523809543 0.009890873015872992
0 0.5956481481481481 0.7089707341269841 0.012328042328042374 0.012041170634920606
0 0.5423181216931217 0.7066046626984127 0.011755952380952431 0.007311507936508033
0 0.4823941798941798 0.6795114087301587 0.011755952380952431 0.007311507936508033
0 0.4922883597883598 0.6426339285714285 0.027523148148148085 0.013117559523809552
0 0.3459193121693121 0.9789484126984126 0.014623015873015918 0.010967261904761827
0 0.25976190476190475 0.8897073412698413 0.0189219576719577 0.014836309523809543
0 0.3740178571428571 0.7291840277777778 0.02092923280423283 0.023653273809523867
0 0.32169312169312164 0.6856398809523809 0.0154828042328042 0.011827876984126906
0 0.33316137566137566 0.6708035714285714 0.03727182539682539 0.03677083333333342
0 0.43222222222222223 0.6445684523809524 0.029530423280423285 0.04150297619047616
0 0.2495833333333333 0.5490922619047619 0.05132275132275129 0.01827876984126986
0 0.408422619047619 0.8015426587301587 0.014047619047619087 0.015267857142857055
0 0.6222420634920635 0.9074305555555555 0.01053571428571424 0.009337797619047628
0 0.5656117724867725 0.7168253968253967 0.01112103174603174 0.015275297619047556
0 0.6448015873015873 0.6710019841269841 0.015664682539682524 0.009635416666666563
0 0.6423677248677248 0.9003249007936508 0.015003306878306866 0.01291418650793652
0 0.6664451058201057 0.6467584325396825 0.00922949735449737 0.01060515873015877
0 0.4010251322751323 0.6027182539682538 0.01060515873015877 0.007953869047619078
0 0.23154100529100527 0.5594122023809524 0.012569444444444411 0.008544146825396837
0 0.2781845238095238 0.3970238095238095 0.010800264550264579 0.01104662698412695
0 0.43647486772486777 0.4370882936507936 0.011587301587301516 0.015466269841269864
0 0.34407407407407403 0.22925843253968253 0.022781084656084676 0.01782242063492062