0 0.6829427083333334 0.751708984375 0.061197916666666664 0.0302734375
0 0.22102864583333334 0.52294921875 0.05859375 0.03125
0 0.15201822916666666 0.767578125 0.057291666666666664 0.03662109375
0 0.5771484375 0.681640625 0.048828125 0.0322265625
0 0.8017578125 0.17724609375 0.04296875 0.0400390625
0 0.07291666666666667 0.345947265625 0.11002604166666667 0.0634765625
0 0.11328125 0.536865234375 0.048828125 0.0224609375
0 0.3489583333333333 0.57373046875 0.0390625 0.03271484375
0 0.8912760416666666 0.73388671875 0.10546875 0.0478515625
0 0.3486328125 0.425537109375 0.048177083333333336 0.0361328125
0 0.10970052083333333 0.284912109375 0.07291666666666667 0.04052734375
0 0.025390625 0.723876953125 0.032552083333333336 0.0234375
0 0.6774088541666666 0.78271484375 0.029947916666666668 0.02099609375
0 0.4039713541666667 0.66455078125 0.01953125 0.0166015625
0 0.4524739583333333 0.16943359375 0.015625 0.01220703125
0 0.7259114583333334 0.205078125 0.0234375 0.0185546875
0 0.3981119791666667 0.6337890625 0.029296875 0.0205078125
0 0.9925130208333334 0.6591796875 0.014973958333333334 0.0185546875
0 0.9798177083333334 0.700927734375 0.020833333333333332 0.01806640625
0 0.3245442708333333 0.696044921875 0.01953125 0.0146484375
0 0.4498697916666667 0.450927734375 0.01953125 0.01513671875
0 0.032877604166666664 0.7939453125 0.016276041666666668 0.00927734375
0 0.798828125 0.27294921875 0.05859375 0.0390625
0 0.8232421875 0.20849609375 0.022786458333333332 0.015625
0 0.50390625 0.531982421875 0.018880208333333332 0.00830078125
0 0.7506510416666666 0.195556640625 0.01953125 0.01171875
0 0.8134765625 0.66162109375 0.09049479166666667 0.04541015625
0 0.17805989583333334 0.2646484375 0.09895833333333333 0.03857421875
0 0.0556640625 0.274658203125 0.029296875 0.0244140625
0 0.529296875 0.545166015625 0.024739583333333332 0.01416015625
0 0.5654296875 0.321533203125 0.022786458333333332 0.02001953125
0 0.8688151041666666 0.428955078125 0.021484375 0.0166015625