0 0.4954427083333333 0.794677734375 0.041015625 0.02880859375
0 0.2574869791666667 0.77197265625 0.018880208333333332 0.01416015625
0 0.2939453125 0.778564453125 0.018229166666666668 0.017578125
0 0.3512369791666667 0.787353515625 0.022135416666666668 0.01171875
0 0.3671875 0.814208984375 0.016276041666666668 0.00927734375
0 0.3880208333333333 0.820556640625 0.018880208333333332 0.01220703125
0 0.26171875 0.724609375 0.022135416666666668 0.013671875
0 0.22623697916666666 0.677978515625 0.037760416666666664 0.01708984375
0 0.24674479166666666 0.688720703125 0.020182291666666668 0.015625
0 0.3763020833333333 0.65283203125 0.045572916666666664 0.03173828125
0 0.4026692708333333 0.677001953125 0.025390625 0.025390625
0 0.23990885416666666 0.62841796875 0.032552083333333336 0.03173828125
0 0.2685546875 0.647705078125 0.016276041666666668 0.01318359375
0 0.5533854166666666 0.67919921875 0.034505208333333336 0.0341796875
0 0.578125 0.68408203125 0.026692708333333332 0.02099609375
0 0.6920572916666666 0.65478515625 0.029296875 0.0087890625
0 0.703125 0.668701171875 0.015625 0.0146484375
0 0.599609375 0.709716796875 0.015625 0.0185546875
0 0.6578776041666666 0.792724609375 0.01953125 0.0126953125
0 0.5029296875 0.62939453125 0.021484375 0.0166015625
0 0.5390625 0.656494140625 0.022135416666666668 0.013671875
0 0.3173828125 0.58056640625 0.026041666666666668 0.02099609375
0 0.3961588541666667 0.531982421875 0.041666666666666664 0.03759765625
0 0.6240234375 0.581298828125 0.03515625 0.01611328125
0 0.3349609375 0.4794921875 0.033203125 0.02099609375
0 0.2786458333333333 0.455322265625 0.022135416666666668 0.01904296875
0 0.3167317708333333 0.4345703125 0.032552083333333336 0.0263671875
0 0.3538411458333333 0.448486328125 0.046223958333333336 0.01953125
0 0.24934895833333334 0.424072265625 0.022135416666666668 0.01806640625
0 0.193359375 0.337158203125 0.013020833333333334 0.0107421875
0 0.1884765625 0.35107421875 0.016276041666666668 0.01025390625
0 0.22819010416666666 0.355224609375 0.026692708333333332 0.03466796875
0 0.24739583333333334 0.38623046875 0.029296875 0.03125
0 0.2877604166666667 0.385498046875 0.016927083333333332 0.01416015625
0 0.3440755208333333 0.318603515625 0.038411458333333336 0.0322265625
0 0.3440755208333333 0.34814453125 0.018880208333333332 0.02294921875
0 0.30859375 0.3212890625 0.026041666666666668 0.01416015625
0 0.4661458333333333 0.3828125 0.037760416666666664 0.03076171875
0 0.5904947916666666 0.458740234375 0.025390625 0.0283203125
0 0.5826822916666666 0.4248046875 0.024739583333333332 0.0302734375
0 0.619140625 0.453369140625 0.028645833333333332 0.02197265625
0 0.5546875 0.579345703125 0.018880208333333332 0.01611328125
0 0.6630859375 0.507568359375 0.016927083333333332 0.01171875
0 0.556640625 0.33154296875 0.034505208333333336 0.033203125
0 0.5706380208333334 0.35693359375 0.021484375 0.01904296875
0 0.17350260416666666 0.17724609375 0.0234375 0.0224609375
0 0.1787109375 0.19580078125 0.03125 0.01806640625
0 0.17024739583333334 0.117431640625 0.025390625 0.01171875
0 0.2177734375 0.124267578125 0.0390625 0.03271484375
0 0.23177083333333334 0.10888671875 0.041015625 0.03125
0 0.2864583333333333 0.093994140625 0.032552083333333336 0.01611328125
0 0.3818359375 0.122802734375 0.01953125 0.017578125
0 0.4212239583333333 0.12158203125 0.01171875 0.013671875
0 0.4498697916666667 0.102783203125 0.029296875 0.0263671875
0 0.5393880208333334 0.07470703125 0.01953125 0.0166015625
0 0.5755208333333334 0.10400390625 0.021484375 0.01806640625
0 0.6689453125 0.08740234375 0.025390625 0.01806640625
0 0.6263020833333334 0.119384765625 0.025390625 0.01904296875
0 0.6559244791666666 0.130859375 0.022135416666666668 0.01416015625
0 0.5501302083333334 0.174072265625 0.03125 0.02099609375
0 0.6018880208333334 0.23193359375 0.020182291666666668 0.02392578125
0 0.6324869791666666 0.227783203125 0.024739583333333332 0.0302734375
0 0.5608723958333334 0.241455078125 0.037760416666666664 0.0234375
0 0.4420572916666667 0.456298828125 0.022135416666666668 0.0146484375
0 0.4720052083333333 0.4521484375 0.015625 0.01708984375
0 0.611328125 0.787841796875 0.01953125 0.01025390625
0 0.2506510416666667 0.563232421875 0.013020833333333334 0.01025390625
0 0.2633463541666667 0.570556640625 0.014322916666666666 0.01416015625
0 0.3330078125 0.638671875 0.013020833333333334 0.01171875
0 0.2945963541666667 0.621826171875 0.018229166666666668 0.01123046875
0 0.3330078125 0.6806640625 0.013020833333333334 0.01318359375
0 0.2897135416666667 0.672119140625 0.025390625 0.0146484375
0 0.3287760416666667 0.724853515625 0.014322916666666666 0.01123046875
0 0.3850911458333333 0.715576171875 0.04296875 0.02490234375
0 0.24609375 0.73828125 0.016927083333333332 0.013671875
0 0.2571614583333333 0.7373046875 0.015625 0.0068359375
0 0.3258463541666667 0.736572265625 0.013020833333333334 0.009765625
0 0.3046875 0.70947265625 0.008463541666666666 0.009765625
0 0.3649088541666667 0.680908203125 0.01171875 0.00927734375
0 0.4449869791666667 0.7548828125 0.015625 0.01123046875
0 0.4287109375 0.7529296875 0.014973958333333334 0.0107421875
0 0.5865885416666666 0.76318359375 0.014322916666666666 0.0087890625
0 0.5862630208333334 0.774658203125 0.009114583333333334 0.0078125
0 0.7145182291666666 0.782958984375 0.012369791666666666 0.00927734375
0 0.6943359375 0.693603515625 0.013020833333333334 0.0107421875
0 0.6162109375 0.664306640625 0.013020833333333334 0.01025390625
0 0.5768229166666666 0.6630859375 0.011067708333333334 0.00927734375
0 0.6868489583333334 0.568359375 0.01953125 0.01708984375
0 0.6002604166666666 0.55908203125 0.017578125 0.01123046875
0 0.568359375 0.582275390625 0.012369791666666666 0.009765625
0 0.4899088541666667 0.59375 0.012369791666666666 0.0087890625
0 0.4469401041666667 0.5673828125 0.013020833333333334 0.00927734375
0 0.6442057291666666 0.51025390625 0.041015625 0.0341796875
0 0.5104166666666666 0.461669921875 0.013020833333333334 0.01318359375
0 0.4873046875 0.44873046875 0.011067708333333334 0.0078125
0 0.4860026041666667 0.4306640625 0.013671875 0.0078125
0 0.5055338541666666 0.4404296875 0.014322916666666666 0.0107421875
0 0.5693359375 0.4501953125 0.022786458333333332 0.01025390625
0 0.5110677083333334 0.33203125 0.01171875 0.01123046875
0 0.5042317708333334 0.314697265625 0.016276041666666668 0.00927734375
0 0.484375 0.3203125 0.017578125 0.01220703125
0 0.4443359375 0.3583984375 0.011067708333333334 0.01123046875
0 0.5927734375 0.29931640625 0.017578125 0.009765625
0 0.6920572916666666 0.31494140625 0.013020833333333334 0.01318359375
0 0.6611328125 0.262939453125 0.014973958333333334 0.013671875
0 0.5865885416666666 0.25341796875 0.013020833333333334 0.013671875
0 0.5328776041666666 0.25390625 0.016276041666666668 0.0087890625
0 0.4762369791666667 0.277099609375 0.024088541666666668 0.0146484375
0 0.4440104166666667 0.298828125 0.018880208333333332 0.01123046875
0 0.4163411458333333 0.30419921875 0.01171875 0.01123046875
0 0.3763020833333333 0.33154296875 0.014322916666666666 0.01171875
0 0.3776041666666667 0.311279296875 0.010416666666666666 0.0078125
0 0.322265625 0.281005859375 0.025390625 0.013671875
0 0.3037109375 0.25830078125 0.010416666666666666 0.01220703125
0 0.2545572916666667 0.282958984375 0.009114583333333334 0.00634765625
0 0.21256510416666666 0.198974609375 0.012369791666666666 0.0107421875
0 0.2659505208333333 0.195068359375 0.013020833333333334 0.01171875
0 0.326171875 0.228271484375 0.017578125 0.0078125
0 0.3343098958333333 0.206298828125 0.020182291666666668 0.01123046875
0 0.3743489583333333 0.232666015625 0.013671875 0.0087890625
0 0.3662109375 0.222900390625 0.018880208333333332 0.0078125
0 0.4287109375 0.207275390625 0.01953125 0.015625
0 0.5078125 0.232421875 0.014322916666666666 0.01171875
0 0.5397135416666666 0.19677734375 0.025390625 0.01025390625
0 0.3684895833333333 0.169677734375 0.011067708333333334 0.01220703125
0 0.306640625 0.214599609375 0.039713541666666664 0.04052734375
0 0.625 0.19775390625 0.018880208333333332 0.017578125
0 0.6728515625 0.17822265625 0.0234375 0.0205078125
0 0.6448567708333334 0.1435546875 0.016276041666666668 0.00927734375
0 0.591796875 0.087890625 0.020182291666666668 0.00927734375
0 0.6018880208333334 0.041259765625 0.017578125 0.01025390625
0 0.3899739583333333 0.080078125 0.016276041666666668 0.0166015625
0 0.2779947916666667 0.142822265625 0.014322916666666666 0.01123046875
0 0.18522135416666666 0.15478515625 0.016927083333333332 0.013671875
0 0.3310546875 0.400146484375 0.015625 0.0126953125
0 0.22135416666666666 0.385009765625 0.01171875 0.00927734375
0 0.20279947916666666 0.42529296875 0.01171875 0.01171875
0 0.22102864583333334 0.430908203125 0.010416666666666666 0.0087890625
0 0.3043619791666667 0.496826171875 0.021484375 0.01416015625
0 0.3502604166666667 0.516357421875 0.01171875 0.00927734375
0 0.2926432291666667 0.525634765625 0.013020833333333334 0.0126953125
0 0.302734375 0.537841796875 0.018880208333333332 0.01171875
0 0.4313151041666667 0.498779296875 0.009114583333333334 0.0126953125
0 0.4222005208333333 0.48486328125 0.016927083333333332 0.01220703125
0 0.39453125 0.484130859375 0.016276041666666668 0.00830078125
0 0.46875 0.486328125 0.013020833333333334 0.0107421875
0 0.580078125 0.4970703125 0.009765625 0.00732421875
0 0.23079427083333334 0.603271484375 0.014973958333333334 0.01123046875
0 0.4055989583333333 0.654296875 0.013671875 0.013671875
0 0.4013671875 0.767333984375 0.013671875 0.01416015625
0 0.28125 0.82666015625 0.010416666666666666 0.0107421875
0 0.4332682291666667 0.154052734375 0.028645833333333332 0.025390625
0 0.662109375 0.720458984375 0.012369791666666666 0.01171875
0 0.4342447916666667 0.533203125 0.015625 0.0126953125
0 0.265625 0.40234375 0.015625 0.013671875
0 0.21712239583333334 0.222900390625 0.017578125 0.01416015625
0 0.2587890625 0.080810546875 0.016927083333333332 0.0205078125
0 0.2119140625 0.1591796875 0.013671875 0.0107421875
0 0.2236328125 0.1630859375 0.013671875 0.01171875
0 0.6279296875 0.140380859375 0.013671875 0.0126953125
0 0.5836588541666666 0.32568359375 0.016927083333333332 0.01318359375
0 0.6119791666666666 0.375244140625 0.022786458333333332 0.0234375
0 0.6845703125 0.412841796875 0.022135416666666668 0.0146484375
0 0.6500651041666666 0.412353515625 0.01171875 0.0166015625
0 0.2705078125 0.228759765625 0.018229166666666668 0.01220703125
0 0.21028645833333334 0.10302734375 0.015625 0.01025390625
0 0.3033854166666667 0.380859375 0.009114583333333334 0.00927734375
0 0.619140625 0.535400390625 0.012369791666666666 0.02001953125
0 0.24837239583333334 0.748291015625 0.011067708333333334 0.0107421875
0 0.5032552083333334 0.80859375 0.014973958333333334 0.0107421875