0 0.754150390625 0.3111979166666667 0.0302734375 0.029947916666666668
0 0.909423828125 0.5309244791666666 0.0205078125 0.029947916666666668
0 0.307373046875 0.3011067708333333 0.02490234375 0.027994791666666668
0 0.323486328125 0.78125 0.02880859375 0.03515625
0 0.1201171875 0.23307291666666666 0.0283203125 0.032552083333333336
0 0.77783203125 0.7425130208333334 0.03466796875 0.037109375
0 0.940673828125 0.2451171875 0.03125 0.033854166666666664
0 0.675537109375 0.3098958333333333 0.0361328125 0.039713541666666664
0 0.17333984375 0.5543619791666666 0.017578125 0.033203125
0 0.12548828125 0.3375651041666667 0.0283203125 0.030598958333333332
0 0.787109375 0.7854817708333334 0.02490234375 0.022786458333333332
0 0.330322265625 0.23307291666666666 0.0205078125 0.028645833333333332
0 0.82666015625 0.7115885416666666 0.03564453125 0.039713541666666664
0 0.14453125 0.2158203125 0.03515625 0.038411458333333336
0 0.74072265625 0.2412109375 0.02783203125 0.024088541666666668
0 0.09033203125 0.5670572916666666 0.02001953125 0.029947916666666668
0 0.380126953125 0.4983723958333333 0.0205078125 0.02734375
0 0.352294921875 0.4860026041666667 0.02001953125 0.021484375
0 0.627197265625 0.2216796875 0.017578125 0.021484375
0 0.4208984375 0.5641276041666666 0.02587890625 0.029947916666666668
0 0.986328125 0.6959635416666666 0.02001953125 0.020833333333333332
0 0.152587890625 0.24837239583333334 0.03173828125 0.031901041666666664
0 0.41064453125 0.3880208333333333 0.01953125 0.018880208333333332
0 0.19677734375 0.7708333333333334 0.01416015625 0.018880208333333332
0 0.1328125 0.3688151041666667 0.02001953125 0.0234375
0 0.231689453125 0.5465494791666666 0.0224609375 0.020182291666666668
0 0.5078125 0.4384765625 0.025390625 0.026041666666666668
0 0.199462890625 0.3453776041666667 0.04541015625 0.050130208333333336
0 0.16748046875 0.3987630208333333 0.04052734375 0.048828125
0 0.930419921875 0.2177734375 0.02880859375 0.037109375
0 0.974853515625 0.251953125 0.02734375 0.042317708333333336
0 0.801513671875 0.2835286458333333 0.015625 0.017578125
0 0.71044921875 0.5074869791666666 0.04931640625 0.048177083333333336
0 0.88720703125 0.7190755208333334 0.03271484375 0.042317708333333336
0 0.32470703125 0.2001953125 0.01220703125 0.013020833333333334
0 0.9482421875 0.4300130208333333 0.03564453125 0.041015625
0 0.34619140625 0.4244791666666667 0.01513671875 0.021484375
0 0.829833984375 0.2275390625 0.0419921875 0.050130208333333336
0 0.673828125 0.5830078125 0.05078125 0.059895833333333336
0 0.56689453125 0.3639322916666667 0.03369140625 0.042317708333333336
0 0.741943359375 0.3671875 0.06103515625 0.07096354166666667
0 0.902587890625 0.3984375 0.037109375 0.04296875
0 0.433349609375 0.6572265625 0.04248046875 0.051432291666666664
0 0.0751953125 0.2216796875 0.0263671875 0.022135416666666668
0 0.803466796875 0.7483723958333334 0.0166015625 0.021484375
0 0.939453125 0.3274739583333333 0.04150390625 0.059895833333333336
0 0.869873046875 0.2591145833333333 0.0341796875 0.049479166666666664
0 0.1767578125 0.8043619791666666 0.0185546875 0.0234375
0 0.6201171875 0.7574869791666666 0.0712890625 0.08203125
0 0.10693359375 0.7848307291666666 0.021484375 0.018880208333333332
0 0.62451171875 0.5856119791666666 0.03515625 0.037760416666666664
0 0.875732421875 0.755859375 0.03662109375 0.033203125
0 0.254638671875 0.23893229166666666 0.0390625 0.052734375
0 0.20263671875 0.28515625 0.02099609375 0.020833333333333332
0 0.5625 0.7024739583333334 0.03515625 0.042317708333333336
0 0.49072265625 0.21158854166666666 0.0537109375 0.055338541666666664
0 0.727294921875 0.7112630208333334 0.0419921875 0.054036458333333336
0 0.462158203125 0.3391927083333333 0.04638671875 0.050130208333333336
0 0.425537109375 0.7447916666666666 0.0458984375 0.039713541666666664
0 0.5009765625 0.3665364583333333 0.04638671875 0.061197916666666664
0 0.866943359375 0.3177083333333333 0.0498046875 0.051432291666666664
0 0.227783203125 0.6126302083333334 0.0322265625 0.033854166666666664
0 0.383544921875 0.3896484375 0.0185546875 0.018880208333333332
0 0.10400390625 0.3919270833333333 0.02392578125 0.02734375
0 0.3994140625 0.4703776041666667 0.0205078125 0.022786458333333332
0 0.674560546875 0.263671875 0.0419921875 0.046875
0 0.37548828125 0.2373046875 0.0390625 0.045572916666666664
0 0.443115234375 0.21223958333333334 0.046875 0.043619791666666664
0 0.255859375 0.7034505208333334 0.03955078125 0.0625
0 0.41162109375 0.6891276041666666 0.0390625 0.0546875
0 0.599365234375 0.6650390625 0.05859375 0.056640625
0 0.8486328125 0.3528645833333333 0.03564453125 0.033854166666666664
0 0.486328125 0.24739583333333334 0.01708984375 0.021484375
0 0.489501953125 0.4866536458333333 0.01904296875 0.020833333333333332
0 0.569091796875 0.19368489583333334 0.033203125 0.047526041666666664
0 0.63037109375 0.3310546875 0.01904296875 0.026041666666666668
0 0.518798828125 0.5651041666666666 0.04052734375 0.032552083333333336
0 0.515380859375 0.7734375 0.0341796875 0.0625
0 0.103515625 0.19140625 0.03759765625 0.038411458333333336
0 0.217041015625 0.791015625 0.0439453125 0.054036458333333336
0 0.58349609375 0.310546875 0.04443359375 0.060546875
0 0.27685546875 0.212890625 0.0341796875 0.048177083333333336
0 0.44091796875 0.4108072916666667 0.0595703125 0.0625
0 0.39404296875 0.306640625 0.03271484375 0.059244791666666664
0 0.721435546875 0.21028645833333334 0.0185546875 0.029296875
0 0.054931640625 0.6858723958333334 0.0380859375 0.042317708333333336
0 0.708740234375 0.7555338541666666 0.04150390625 0.055338541666666664
0 0.0830078125 0.3587239583333333 0.05322265625 0.041666666666666664
0 0.652587890625 0.1982421875 0.01318359375 0.011067708333333334
0 0.5927734375 0.5797526041666666 0.04833984375 0.07942708333333333
0 0.260986328125 0.28125 0.01220703125 0.017578125
0 0.3466796875 0.73046875 0.0234375 0.022786458333333332
0 0.563232421875 0.21907552083333334 0.02392578125 0.022135416666666668
0 0.229248046875 0.65234375 0.02099609375 0.032552083333333336
0 0.238037109375 0.20052083333333334 0.01416015625 0.018880208333333332
0 0.908203125 0.2770182291666667 0.04931640625 0.076171875
0 0.719482421875 0.2923177083333333 0.0478515625 0.07096354166666667
0 0.7373046875 0.1875 0.02783203125 0.028645833333333332
0 0.7958984375 0.3434244791666667 0.05908203125 0.10026041666666667
0 0.628173828125 0.265625 0.068359375 0.052734375
0 0.537109375 0.244140625 0.03955078125 0.05078125
0 0.569091796875 0.2610677083333333 0.0380859375 0.059895833333333336
0 0.528564453125 0.3343098958333333 0.0458984375 0.055338541666666664
0 0.08642578125 0.4182942708333333 0.03662109375 0.051432291666666664
0 0.093017578125 0.4798177083333333 0.0224609375 0.018880208333333332
0 0.12646484375 0.5533854166666666 0.01904296875 0.022786458333333332
0 0.126953125 0.6155598958333334 0.01513671875 0.03125
0 0.052978515625 0.5973307291666666 0.0126953125 0.015625
0 0.128173828125 0.7132161458333334 0.02099609375 0.024088541666666668
0 0.181640625 0.6959635416666666 0.0185546875 0.018229166666666668
0 0.1982421875 0.673828125 0.01611328125 0.024739583333333332
0 0.27392578125 0.6793619791666666 0.01611328125 0.013020833333333334
0 0.28662109375 0.7548828125 0.013671875 0.017578125
0 0.244384765625 0.7545572916666666 0.02099609375 0.013020833333333334
0 0.213623046875 0.7470703125 0.00830078125 0.009114583333333334
0 0.4306640625 0.7106119791666666 0.0302734375 0.031901041666666664
0 0.4541015625 0.7708333333333334 0.04541015625 0.053385416666666664
0 0.545166015625 0.7750651041666666 0.037109375 0.029947916666666668
0 0.550537109375 0.7952473958333334 0.02392578125 0.027994791666666668
0 0.56103515625 0.5699869791666666 0.0322265625 0.0625
0 0.8447265625 0.6292317708333334 0.0546875 0.091796875
0 0.93115234375 0.7854817708333334 0.01708984375 0.018880208333333332
0 0.909423828125 0.7835286458333334 0.01318359375 0.009765625
0 0.9814453125 0.7236328125 0.01123046875 0.018880208333333332
0 0.968505859375 0.6354166666666666 0.013671875 0.017578125
0 0.8583984375 0.4069010416666667 0.01513671875 0.0234375
0 0.86962890625 0.4342447916666667 0.01904296875 0.022786458333333332
0 0.89599609375 0.3404947916666667 0.01318359375 0.014322916666666666
0 0.838623046875 0.3134765625 0.013671875 0.014322916666666666
0 0.8251953125 0.3154296875 0.01416015625 0.022786458333333332
0 0.83642578125 0.2685546875 0.013671875 0.016927083333333332
0 0.81689453125 0.2600911458333333 0.021484375 0.015625
0 0.75732421875 0.24772135416666666 0.0087890625 0.010416666666666666
0 0.7490234375 0.2708333333333333 0.0205078125 0.018880208333333332
0 0.784912109375 0.2815755208333333 0.01513671875 0.01171875
0 0.60009765625 0.21223958333333334 0.01708984375 0.013671875
0 0.64306640625 0.21321614583333334 0.0126953125 0.015625
0 0.478759765625 0.287109375 0.017578125 0.018880208333333332
0 0.49365234375 0.3050130208333333 0.0126953125 0.013020833333333334
0 0.417724609375 0.24576822916666666 0.01611328125 0.018229166666666668
0 0.434326171875 0.24544270833333334 0.013671875 0.016927083333333332
0 0.41259765625 0.20930989583333334 0.01513671875 0.02734375
0 0.204345703125 0.22786458333333334 0.0185546875 0.0234375
0 0.19384765625 0.20279947916666666 0.01611328125 0.022135416666666668
0 0.206787109375 0.18391927083333334 0.0126953125 0.013671875
0 0.148681640625 0.2727864583333333 0.01708984375 0.012369791666666666
0 0.169189453125 0.2981770833333333 0.021484375 0.022786458333333332
0 0.156982421875 0.3258463541666667 0.009765625 0.018229166666666668
0 0.144775390625 0.326171875 0.009765625 0.016927083333333332
0 0.0986328125 0.2711588541666667 0.0107421875 0.024739583333333332
0 0.073486328125 0.2890625 0.01513671875 0.017578125
0 0.057861328125 0.2789713541666667 0.01611328125 0.013020833333333334
0 0.064697265625 0.18880208333333334 0.01220703125 0.016276041666666668
0 0.0390625 0.23046875 0.0185546875 0.013671875
0 0.0361328125 0.20930989583333334 0.0185546875 0.014322916666666666
0 0.19189453125 0.4694010416666667 0.01318359375 0.024088541666666668
0 0.305908203125 0.5852864583333334 0.015625 0.021484375
0 0.3818359375 0.5234375 0.01513671875 0.016927083333333332
0 0.43212890625 0.5247395833333334 0.01220703125 0.015625
0 0.43115234375 0.6136067708333334 0.0146484375 0.022135416666666668
0 0.473876953125 0.591796875 0.0166015625 0.022135416666666668
0 0.456787109375 0.4778645833333333 0.0185546875 0.022135416666666668
0 0.5166015625 0.4729817708333333 0.0107421875 0.015625
0 0.637451171875 0.5143229166666666 0.01220703125 0.024088541666666668
0 0.620361328125 0.5123697916666666 0.0126953125 0.015625
0 0.600341796875 0.4749348958333333 0.01513671875 0.020182291666666668
0 0.79443359375 0.5419921875 0.02099609375 0.01953125
0 0.66357421875 0.3499348958333333 0.015625 0.016276041666666668
0 0.865966796875 0.3723958333333333 0.01806640625 0.026041666666666668
0 0.720947265625 0.4371744791666667 0.013671875 0.014322916666666666
0 0.645263671875 0.708984375 0.013671875 0.022135416666666668
0 0.825927734375 0.744140625 0.015625 0.020833333333333332
0 0.71826171875 0.5654296875 0.01953125 0.018229166666666668
0 0.927490234375 0.451171875 0.01318359375 0.014322916666666666
0 0.793701171875 0.3020833333333333 0.01513671875 0.020182291666666668
0 0.705078125 0.3619791666666667 0.0361328125 0.059895833333333336
0 0.77734375 0.21321614583333334 0.01611328125 0.026692708333333332
0 0.800048828125 0.2099609375 0.01708984375 0.021484375
0 0.63427734375 0.2884114583333333 0.0146484375 0.027994791666666668
0 0.61083984375 0.3024088541666667 0.01611328125 0.014322916666666666
0 0.516845703125 0.2659505208333333 0.0146484375 0.02734375
0 0.50146484375 0.2845052083333333 0.013671875 0.018229166666666668
0 0.39404296875 0.20930989583333334 0.0166015625 0.033203125
0 0.304931640625 0.2548828125 0.01513671875 0.026041666666666668
0 0.095947265625 0.24348958333333334 0.01806640625 0.024088541666666668
0 0.05419921875 0.4052734375 0.0185546875 0.024088541666666668
0 0.26123046875 0.7906901041666666 0.02001953125 0.016927083333333332
0 0.41845703125 0.7757161458333334 0.01953125 0.025390625
0 0.58447265625 0.6998697916666666 0.0205078125 0.018880208333333332
0 0.591796875 0.64453125 0.01708984375 0.026041666666666668
0 0.53369140625 0.638671875 0.01171875 0.010416666666666666
0 0.57861328125 0.77734375 0.01513671875 0.020833333333333332
0 0.534912109375 0.2744140625 0.017578125 0.018880208333333332
0 0.422119140625 0.3707682291666667 0.02197265625 0.018229166666666668
0 0.368896484375 0.3688151041666667 0.0126953125 0.018880208333333332
0 0.428955078125 0.3463541666666667 0.0146484375 0.018229166666666668
0 0.59228515625 0.2470703125 0.01611328125 0.01953125
0 0.694580078125 0.19986979166666666 0.0185546875 0.011067708333333334
0 0.356689453125 0.2916666666666667 0.01513671875 0.017578125
0 0.44580078125 0.2815755208333333 0.009765625 0.013020833333333334