0 0.541259765625 0.7288411458333334 0.03125 0.054036458333333336
0 0.3466796875 0.7939453125 0.0166015625 0.024739583333333332
0 0.39892578125 0.5833333333333334 0.02197265625 0.02734375
0 0.612060546875 0.2955729166666667 0.01171875 0.020182291666666668
0 0.398193359375 0.5009765625 0.0283203125 0.033854166666666664
0 0.52197265625 0.4680989583333333 0.013671875 0.020833333333333332
0 0.3203125 0.6494140625 0.01318359375 0.015625
0 0.333984375 0.044921875 0.009765625 0.017578125
0 0.493408203125 0.3733723958333333 0.01318359375 0.013671875
0 0.588134765625 0.4583333333333333 0.02001953125 0.020182291666666668
0 0.526611328125 0.8212890625 0.0126953125 0.016276041666666668
0 0.568359375 0.1962890625 0.0107421875 0.018229166666666668
0 0.3662109375 0.2623697916666667 0.02587890625 0.0390625
0 0.36181640625 0.240234375 0.01708984375 0.021484375
0 0.586669921875 0.3763020833333333 0.01025390625 0.012369791666666666
0 0.606689453125 0.794921875 0.00927734375 0.015625
0 0.621337890625 0.23502604166666666 0.01123046875 0.014322916666666666
0 0.54052734375 0.8121744791666666 0.01513671875 0.012369791666666666
0 0.57763671875 0.7985026041666666 0.01123046875 0.014322916666666666
0 0.5791015625 0.8307291666666666 0.00927734375 0.012369791666666666
0 0.606201171875 0.7119140625 0.0107421875 0.013020833333333334
0 0.5869140625 0.7307942708333334 0.0087890625 0.010416666666666666
0 0.556396484375 0.6162109375 0.01123046875 0.01953125
0 0.592529296875 0.515625 0.02587890625 0.031901041666666664
0 0.595947265625 0.5406901041666666 0.0185546875 0.016276041666666668
0 0.5595703125 0.5322265625 0.01123046875 0.013020833333333334
0 0.560546875 0.4524739583333333 0.01416015625 0.013671875
0 0.5986328125 0.3388671875 0.0166015625 0.016927083333333332
0 0.5810546875 0.21484375 0.013671875 0.013020833333333334
0 0.56298828125 0.2841796875 0.009765625 0.01171875
0 0.536865234375 0.2177734375 0.01611328125 0.018229166666666668
0 0.599365234375 0.16015625 0.00537109375 0.010416666666666666
0 0.63427734375 0.19205729166666666 0.01123046875 0.017578125
0 0.41162109375 0.026041666666666668 0.015625 0.016927083333333332
0 0.402587890625 0.08854166666666667 0.01220703125 0.016927083333333332
0 0.4208984375 0.0810546875 0.0107421875 0.016927083333333332
0 0.45361328125 0.057291666666666664 0.01611328125 0.013671875
0 0.457275390625 0.08984375 0.00927734375 0.014322916666666666
0 0.353515625 0.1103515625 0.02783203125 0.018229166666666668
0 0.309326171875 0.09537760416666667 0.00927734375 0.014322916666666666
0 0.325927734375 0.22884114583333334 0.009765625 0.016276041666666668
0 0.337890625 0.22493489583333334 0.01171875 0.013020833333333334
0 0.37255859375 0.17154947916666666 0.01318359375 0.013020833333333334
0 0.381103515625 0.12369791666666667 0.009765625 0.018880208333333332
0 0.391845703125 0.11653645833333333 0.009765625 0.011067708333333334
0 0.3291015625 0.322265625 0.01611328125 0.014322916666666666
0 0.338623046875 0.4495442708333333 0.01171875 0.014973958333333334
0 0.330322265625 0.5224609375 0.0126953125 0.015625
0 0.356689453125 0.6669921875 0.015625 0.021484375
0 0.359375 0.7047526041666666 0.00830078125 0.011067708333333334
0 0.387939453125 0.685546875 0.0107421875 0.015625
0 0.3671875 0.7591145833333334 0.0205078125 0.0234375
0 0.38134765625 0.8235677083333334 0.03271484375 0.061197916666666664
0 0.445068359375 0.7242838541666666 0.01318359375 0.017578125
0 0.43359375 0.8277994791666666 0.01220703125 0.015625
0 0.4521484375 0.6158854166666666 0.01171875 0.013020833333333334
0 0.470947265625 0.7076822916666666 0.0107421875 0.014322916666666666
0 0.494140625 0.744140625 0.017578125 0.011067708333333334
0 0.521240234375 0.1640625 0.01123046875 0.014973958333333334
0 0.49951171875 0.21549479166666666 0.01025390625 0.014973958333333334
0 0.470703125 0.2952473958333333 0.01318359375 0.017578125
0 0.465576171875 0.3623046875 0.0146484375 0.012369791666666666
0 0.486083984375 0.466796875 0.0126953125 0.016276041666666668
0 0.463134765625 0.4983723958333333 0.0234375 0.022135416666666668
0 0.4423828125 0.5104166666666666 0.01123046875 0.016927083333333332
0 0.46337890625 0.5504557291666666 0.0107421875 0.010416666666666666
0 0.470703125 0.6145833333333334 0.0087890625 0.013671875
0 0.5546875 0.3626302083333333 0.0126953125 0.013020833333333334
0 0.453125 0.2138671875 0.0068359375 0.013020833333333334
0 0.45263671875 0.16471354166666666 0.0087890625 0.011067708333333334
0 0.49658203125 0.3020833333333333 0.01025390625 0.014322916666666666
0 0.388916015625 0.7568359375 0.00732421875 0.009114583333333334
0 0.389404296875 0.564453125 0.009765625 0.010416666666666666
0 0.361328125 0.5149739583333334 0.01318359375 0.018229166666666668
0 0.514892578125 0.024739583333333332 0.01171875 0.016276041666666668
0 0.52294921875 0.06380208333333333 0.0087890625 0.01171875