0 0.4313151041666667 0.578857421875 0.0390625 0.03173828125
0 0.7477213541666666 0.906982421875 0.040364583333333336 0.03466796875
0 0.3974609375 0.562255859375 0.024088541666666668 0.0263671875
0 0.4430338541666667 0.921142578125 0.029947916666666668 0.02392578125
0 0.4853515625 0.309326171875 0.048177083333333336 0.0498046875
0 0.9235026041666666 0.195556640625 0.025390625 0.01953125
0 0.12825520833333334 0.25537109375 0.0390625 0.03564453125
0 0.4599609375 0.8232421875 0.031901041666666664 0.03076171875
0 0.20670572916666666 0.464599609375 0.035807291666666664 0.02294921875
0 0.3251953125 0.98095703125 0.022135416666666668 0.021484375
0 0.6227213541666666 0.9345703125 0.037109375 0.02001953125
0 0.6953125 0.636962890625 0.024739583333333332 0.01513671875
0 0.18782552083333334 0.30859375 0.09830729166666667 0.0791015625
0 0.7506510416666666 0.685791015625 0.014973958333333334 0.01171875
0 0.7646484375 0.10693359375 0.016276041666666668 0.01611328125
0 0.059895833333333336 0.654296875 0.014973958333333334 0.01513671875
0 0.78515625 0.316162109375 0.018229166666666668 0.0146484375
0 0.08040364583333333 0.332763671875 0.020182291666666668 0.0146484375
0 0.7076822916666666 0.480224609375 0.016927083333333332 0.0146484375
0 0.7509765625 0.517578125 0.018229166666666668 0.013671875
0 0.9225260416666666 0.3818359375 0.029947916666666668 0.03173828125
0 0.3850911458333333 0.759765625 0.01953125 0.01416015625
0 0.5634765625 0.366455078125 0.012369791666666666 0.0146484375
0 0.4752604166666667 0.787841796875 0.010416666666666666 0.013671875
0 0.7034505208333334 0.9853515625 0.018880208333333332 0.01171875
0 0.053059895833333336 0.890380859375 0.018880208333333332 0.0126953125
0 0.4287109375 0.288330078125 0.016927083333333332 0.013671875
0 0.7952473958333334 0.8291015625 0.055989583333333336 0.04541015625
0 0.21712239583333334 0.572265625 0.032552083333333336 0.0166015625
0 0.24479166666666666 0.78564453125 0.024088541666666668 0.0205078125
0 0.3707682291666667 0.892822265625 0.018229166666666668 0.02001953125
0 0.7307942708333334 0.508056640625 0.022135416666666668 0.01513671875
0 0.8831380208333334 0.4873046875 0.014322916666666666 0.01513671875
0 0.232421875 0.327392578125 0.017578125 0.01123046875
0 0.17122395833333334 0.276611328125 0.022135416666666668 0.0166015625