0 0.8151041666666666 0.67822265625 0.035807291666666664 0.02880859375
0 0.77734375 0.620361328125 0.03125 0.02197265625
0 0.8138020833333334 0.517578125 0.017578125 0.0185546875
0 0.83203125 0.406494140625 0.036458333333333336 0.02734375
0 0.8180338541666666 0.364013671875 0.024088541666666668 0.02294921875
0 0.8473307291666666 0.384033203125 0.024739583333333332 0.01513671875
0 0.62890625 0.464599609375 0.033854166666666664 0.01953125
0 0.6796875 0.357421875 0.037109375 0.02197265625
0 0.5159505208333334 0.416748046875 0.029296875 0.017578125
0 0.5224609375 0.3974609375 0.026692708333333332 0.02001953125
0 0.564453125 0.5322265625 0.028645833333333332 0.01953125
0 0.6341145833333334 0.539794921875 0.013671875 0.0185546875
0 0.6484375 0.502685546875 0.022786458333333332 0.01220703125
0 0.6705729166666666 0.4814453125 0.024088541666666668 0.01953125
0 0.6083984375 0.496826171875 0.018880208333333332 0.01318359375
0 0.6754557291666666 0.56494140625 0.021484375 0.013671875
0 0.6875 0.620849609375 0.018229166666666668 0.01513671875
0 0.6966145833333334 0.6015625 0.015625 0.01171875
0 0.693359375 0.5859375 0.0234375 0.01025390625
0 0.6357421875 0.59912109375 0.021484375 0.01953125
0 0.6357421875 0.652099609375 0.020182291666666668 0.01220703125
0 0.66015625 0.6884765625 0.022135416666666668 0.01611328125
0 0.8629557291666666 0.553955078125 0.024739583333333332 0.01416015625
0 0.7965494791666666 0.5888671875 0.022135416666666668 0.01611328125
0 0.7457682291666666 0.548828125 0.014973958333333334 0.0166015625
0 0.7555338541666666 0.589111328125 0.020833333333333332 0.01416015625
0 0.8753255208333334 0.369873046875 0.01953125 0.0146484375
0 0.8561197916666666 0.357421875 0.010416666666666666 0.0087890625
0 0.732421875 0.4619140625 0.024739583333333332 0.01953125
0 0.75 0.50048828125 0.018880208333333332 0.01220703125
0 0.7548828125 0.478515625 0.020833333333333332 0.013671875
0 0.5576171875 0.656982421875 0.01953125 0.01025390625
0 0.5582682291666666 0.72412109375 0.018229166666666668 0.01220703125
0 0.6087239583333334 0.723388671875 0.014973958333333334 0.009765625
0 0.5843098958333334 0.36328125 0.015625 0.01318359375
0 0.4749348958333333 0.641845703125 0.016276041666666668 0.02001953125
0 0.4235026041666667 0.729736328125 0.040364583333333336 0.02880859375
0 0.4189453125 0.626220703125 0.038411458333333336 0.02392578125
0 0.322265625 0.68994140625 0.026041666666666668 0.0244140625
0 0.4593098958333333 0.515625 0.021484375 0.00830078125
0 0.4576822916666667 0.498046875 0.013020833333333334 0.0126953125
0 0.4186197916666667 0.470947265625 0.026041666666666668 0.01123046875
0 0.4498697916666667 0.47412109375 0.021484375 0.0087890625
0 0.4091796875 0.53125 0.025390625 0.01416015625
0 0.369140625 0.5244140625 0.026041666666666668 0.017578125
0 0.3668619791666667 0.49951171875 0.020833333333333332 0.01123046875
0 0.3424479166666667 0.43603515625 0.018229166666666668 0.01171875
0 0.2513020833333333 0.45166015625 0.038411458333333336 0.02294921875
0 0.24055989583333334 0.388916015625 0.017578125 0.01708984375
0 0.18424479166666666 0.412841796875 0.021484375 0.01611328125
0 0.16796875 0.454345703125 0.018880208333333332 0.01953125
0 0.18001302083333334 0.48193359375 0.033854166666666664 0.02490234375
0 0.17838541666666666 0.517333984375 0.026041666666666668 0.0146484375
0 0.203125 0.58056640625 0.016276041666666668 0.01416015625
0 0.2604166666666667 0.646240234375 0.026041666666666668 0.01416015625
0 0.2522786458333333 0.632568359375 0.016927083333333332 0.01220703125
0 0.30859375 0.672607421875 0.015625 0.01708984375
0 0.341796875 0.658203125 0.016927083333333332 0.01171875
0 0.3277994791666667 0.625244140625 0.01171875 0.0126953125
0 0.2936197916666667 0.732177734375 0.020833333333333332 0.01318359375
0 0.09049479166666667 0.745361328125 0.037760416666666664 0.0205078125
0 0.009114583333333334 0.640625 0.018229166666666668 0.0146484375
0 0.09798177083333333 0.60107421875 0.022786458333333332 0.01806640625
0 0.060546875 0.615478515625 0.025390625 0.02197265625
0 0.018229166666666668 0.611572265625 0.032552083333333336 0.025390625
0 0.015625 0.53466796875 0.03125 0.025390625
0 0.068359375 0.654541015625 0.016927083333333332 0.00830078125
0 0.0146484375 0.7041015625 0.024088541666666668 0.0166015625
0 0.028645833333333332 0.768310546875 0.026041666666666668 0.01513671875
0 0.10514322916666667 0.657470703125 0.018880208333333332 0.01416015625
0 0.11328125 0.70361328125 0.018229166666666668 0.01318359375
0 0.14127604166666666 0.73681640625 0.020182291666666668 0.0166015625
0 0.10188802083333333 0.439697265625 0.041666666666666664 0.0302734375
0 0.13736979166666666 0.668212890625 0.016276041666666668 0.00830078125
0 0.2613932291666667 0.6767578125 0.014322916666666666 0.01171875
0 0.1875 0.646240234375 0.009765625 0.0078125
0 0.2962239583333333 0.52783203125 0.013671875 0.0107421875
0 0.15104166666666666 0.485107421875 0.016927083333333332 0.01416015625
0 0.3138020833333333 0.52587890625 0.018229166666666668 0.01953125
0 0.3125 0.506103515625 0.01953125 0.01611328125
0 0.3255208333333333 0.71435546875 0.020182291666666668 0.01611328125
0 0.7978515625 0.548828125 0.014322916666666666 0.01318359375
0 0.7724609375 0.65087890625 0.013671875 0.0126953125
0 0.7666015625 0.6826171875 0.016927083333333332 0.01806640625
0 0.7845052083333334 0.636962890625 0.020833333333333332 0.01171875
0 0.7203776041666666 0.494140625 0.009765625 0.013671875
0 0.8893229166666666 0.638671875 0.01953125 0.013671875
0 0.734375 0.54052734375 0.014322916666666666 0.01318359375
0 0.8929036458333334 0.490478515625 0.020833333333333332 0.0126953125
0 0.7646484375 0.431884765625 0.018880208333333332 0.01513671875
0 0.8271484375 0.4609375 0.014973958333333334 0.01318359375
0 0.8134765625 0.426513671875 0.013671875 0.013671875
0 0.892578125 0.3681640625 0.008463541666666666 0.0087890625
0 0.822265625 0.5419921875 0.013020833333333334 0.01171875
0 0.8024088541666666 0.557861328125 0.014973958333333334 0.01171875
0 0.7900390625 0.690185546875 0.015625 0.01220703125
0 0.8876953125 0.6640625 0.013020833333333334 0.01025390625
0 0.6888020833333334 0.669189453125 0.015625 0.01416015625
0 0.6051432291666666 0.612060546875 0.016276041666666668 0.0087890625
0 0.4244791666666667 0.5859375 0.018229166666666668 0.0166015625
0 0.00390625 0.76806640625 0.0078125 0.0068359375
0 0.07291666666666667 0.440673828125 0.015625 0.015625
0 0.0576171875 0.49267578125 0.024739583333333332 0.0166015625
0 0.08235677083333333 0.4296875 0.015625 0.01171875
0 0.06510416666666667 0.623291015625 0.018880208333333332 0.009765625
0 0.21809895833333334 0.47119140625 0.01953125 0.013671875
0 0.2578125 0.486572265625 0.022135416666666668 0.0205078125
0 0.2718098958333333 0.441162109375 0.014973958333333334 0.01318359375
0 0.2740885416666667 0.3837890625 0.022786458333333332 0.01220703125
0 0.3356119791666667 0.476318359375 0.018229166666666668 0.0087890625
0 0.3795572916666667 0.40673828125 0.014973958333333334 0.01220703125
0 0.3248697916666667 0.566162109375 0.014322916666666666 0.01220703125
0 0.5598958333333334 0.427734375 0.020182291666666668 0.01806640625
0 0.5013020833333334 0.591064453125 0.022786458333333332 0.01123046875
0 0.5927734375 0.6181640625 0.018229166666666668 0.01220703125
0 0.6920572916666666 0.392333984375 0.016927083333333332 0.01123046875
0 0.7063802083333334 0.45654296875 0.013671875 0.01123046875
0 0.015625 0.7333984375 0.016276041666666668 0.01318359375
0 0.3466796875 0.75048828125 0.015625 0.01171875
0 0.4899088541666667 0.729248046875 0.01953125 0.01513671875
0 0.5208333333333334 0.381103515625 0.016276041666666668 0.009765625
0 0.7330729166666666 0.43017578125 0.016927083333333332 0.01513671875
0 0.17252604166666666 0.505126953125 0.016276041666666668 0.0107421875
0 0.4625651041666667 0.73681640625 0.022786458333333332 0.01123046875
0 0.5966796875 0.685546875 0.015625 0.0166015625
0 0.5309244791666666 0.71533203125 0.015625 0.0107421875
0 0.703125 0.37548828125 0.013671875 0.01025390625