0 0.6259765625 0.78515625 0.036458333333333336 0.03515625
0 0.58203125 0.898681640625 0.045572916666666664 0.03759765625
0 0.6881510416666666 0.848876953125 0.031901041666666664 0.0341796875
0 0.3987630208333333 0.435302734375 0.022135416666666668 0.01953125
0 0.6676432291666666 0.944580078125 0.032552083333333336 0.02294921875
0 0.5911458333333334 0.500732421875 0.029947916666666668 0.0283203125
0 0.5227864583333334 0.458740234375 0.022135416666666668 0.01513671875
0 0.4391276041666667 0.551025390625 0.037760416666666664 0.03125
0 0.4440104166666667 0.985107421875 0.015625 0.0126953125
0 0.5445963541666666 0.226318359375 0.018880208333333332 0.013671875
0 0.3727213541666667 0.388916015625 0.034505208333333336 0.02099609375
0 0.3502604166666667 0.923095703125 0.016927083333333332 0.01318359375
0 0.5712890625 0.26416015625 0.020182291666666668 0.01416015625
0 0.2708333333333333 0.55322265625 0.016276041666666668 0.01220703125
0 0.5071614583333334 0.676025390625 0.021484375 0.01611328125
0 0.6780598958333334 0.760009765625 0.01953125 0.01904296875
0 0.5869140625 0.34375 0.035807291666666664 0.0283203125
0 0.69140625 0.5439453125 0.032552083333333336 0.03271484375
0 0.3382161458333333 0.363037109375 0.018880208333333332 0.01953125
0 0.4322916666666667 0.2177734375 0.015625 0.013671875
0 0.3577473958333333 0.414794921875 0.01953125 0.01904296875
0 0.7229817708333334 0.918212890625 0.014322916666666666 0.01220703125
0 0.3170572916666667 0.72705078125 0.017578125 0.01611328125
0 0.3583984375 0.567138671875 0.014973958333333334 0.0126953125
0 0.3186848958333333 0.75390625 0.018880208333333332 0.0107421875
0 0.578125 0.518310546875 0.016276041666666668 0.01171875
0 0.3349609375 0.32373046875 0.0703125 0.0439453125
0 0.5234375 0.3046875 0.017578125 0.013671875
0 0.6080729166666666 0.217041015625 0.013020833333333334 0.01123046875
0 0.4837239583333333 0.37548828125 0.017578125 0.01025390625
0 0.5537109375 0.395263671875 0.015625 0.01220703125
0 0.5986328125 0.421875 0.014322916666666666 0.009765625
0 0.677734375 0.390869140625 0.014973958333333334 0.0087890625
0 0.6793619791666666 0.403564453125 0.010416666666666666 0.0068359375
0 0.4947916666666667 0.458984375 0.016276041666666668 0.0126953125
0 0.4609375 0.463623046875 0.016276041666666668 0.00927734375
0 0.24544270833333334 0.467041015625 0.038411458333333336 0.03759765625
0 0.2711588541666667 0.525390625 0.018229166666666668 0.01953125
0 0.3850911458333333 0.574462890625 0.015625 0.0087890625
0 0.23502604166666666 0.59521484375 0.018880208333333332 0.0087890625
0 0.328125 0.684326171875 0.013671875 0.0078125
0 0.3720703125 0.716552734375 0.008463541666666666 0.01708984375
0 0.203125 0.67919921875 0.018880208333333332 0.02001953125
0 0.5862630208333334 0.80908203125 0.016276041666666668 0.0185546875
0 0.4739583333333333 0.72314453125 0.010416666666666666 0.01708984375
0 0.5992838541666666 0.76513671875 0.01953125 0.01220703125
0 0.611328125 0.576171875 0.017578125 0.01025390625
0 0.5725911458333334 0.49365234375 0.016276041666666668 0.01220703125
0 0.6455078125 0.4677734375 0.014973958333333334 0.01025390625
0 0.3707682291666667 0.379638671875 0.016276041666666668 0.0078125
0 0.2858072916666667 0.402587890625 0.049479166666666664 0.03955078125
0 0.3795572916666667 0.41552734375 0.013020833333333334 0.009765625
0 0.267578125 0.3642578125 0.014322916666666666 0.01025390625
0 0.4560546875 0.8193359375 0.024088541666666668 0.02294921875
0 0.5068359375 0.597412109375 0.017578125 0.01171875
0 0.24055989583333334 0.921630859375 0.01171875 0.0107421875
0 0.7057291666666666 0.508056640625 0.015625 0.0126953125
0 0.4290364583333333 0.660888671875 0.016276041666666668 0.01318359375
0 0.263671875 0.59130859375 0.016927083333333332 0.01220703125
0 0.24479166666666666 0.786376953125 0.01953125 0.0166015625
0 0.443359375 0.947509765625 0.021484375 0.01611328125
0 0.5553385416666666 0.660888671875 0.014973958333333334 0.01123046875
0 0.6139322916666666 0.392578125 0.022786458333333332 0.01318359375