0 0.6083984375 0.2985026041666667 0.02783203125 0.039713541666666664
0 0.572021484375 0.2884114583333333 0.017578125 0.024088541666666668
0 0.60546875 0.3798828125 0.0205078125 0.029296875
0 0.635009765625 0.3473307291666667 0.01220703125 0.01953125
0 0.6083984375 0.4300130208333333 0.01904296875 0.026041666666666668
0 0.624267578125 0.509765625 0.01416015625 0.01953125
0 0.59130859375 0.5084635416666666 0.01220703125 0.014973958333333334
0 0.556396484375 0.4222005208333333 0.0166015625 0.026692708333333332
0 0.540283203125 0.4973958333333333 0.02001953125 0.024088541666666668
0 0.53759765625 0.4554036458333333 0.01708984375 0.021484375
0 0.511962890625 0.4176432291666667 0.0185546875 0.020182291666666668
0 0.50439453125 0.3863932291666667 0.01611328125 0.01953125
0 0.514404296875 0.3199869791666667 0.01318359375 0.028645833333333332
0 0.499755859375 0.2770182291666667 0.0126953125 0.017578125
0 0.505859375 0.2952473958333333 0.01806640625 0.022135416666666668
0 0.489990234375 0.13932291666666666 0.01806640625 0.016927083333333332
0 0.551025390625 0.2158203125 0.01806640625 0.018880208333333332
0 0.296142578125 0.484375 0.0126953125 0.013020833333333334
0 0.27392578125 0.3453776041666667 0.0126953125 0.014973958333333334
0 0.3125 0.19986979166666666 0.00927734375 0.014322916666666666
0 0.31640625 0.16373697916666666 0.009765625 0.013671875
0 0.443603515625 0.2682291666666667 0.01220703125 0.013671875
0 0.46240234375 0.3434244791666667 0.01123046875 0.01171875
0 0.59375 0.20670572916666666 0.00927734375 0.017578125
0 0.609130859375 0.21126302083333334 0.00830078125 0.009765625
0 0.59765625 0.173828125 0.037109375 0.028645833333333332
0 0.602783203125 0.08203125 0.01025390625 0.011067708333333334
0 0.268310546875 0.9876302083333334 0.04736328125 0.024739583333333332
0 0.6337890625 0.564453125 0.01220703125 0.013020833333333334
0 0.328857421875 0.17545572916666666 0.01416015625 0.018229166666666668
0 0.3349609375 0.18684895833333334 0.0107421875 0.01171875
0 0.330322265625 0.24055989583333334 0.01904296875 0.028645833333333332
0 0.357666015625 0.2916666666666667 0.021484375 0.032552083333333336
0 0.355224609375 0.3401692708333333 0.01806640625 0.020833333333333332
0 0.28955078125 0.3102213541666667 0.0166015625 0.018880208333333332
0 0.2724609375 0.3763020833333333 0.017578125 0.022786458333333332
0 0.312744140625 0.2737630208333333 0.01318359375 0.022786458333333332
0 0.328857421875 0.13899739583333334 0.0107421875 0.014973958333333334
0 0.345703125 0.16471354166666666 0.01220703125 0.027994791666666668
0 0.383544921875 0.13997395833333334 0.0126953125 0.013671875
0 0.39697265625 0.20963541666666666 0.013671875 0.017578125
0 0.434326171875 0.17903645833333334 0.04150390625 0.048828125
0 0.44091796875 0.15755208333333334 0.0068359375 0.013671875
0 0.439453125 0.11946614583333333 0.013671875 0.020833333333333332
0 0.462890625 0.20052083333333334 0.0107421875 0.020833333333333332
0 0.50830078125 0.16666666666666666 0.01806640625 0.018880208333333332
0 0.458740234375 0.23046875 0.01708984375 0.018229166666666668
0 0.42919921875 0.24674479166666666 0.01611328125 0.022786458333333332
0 0.416259765625 0.3235677083333333 0.01708984375 0.024088541666666668
0 0.4013671875 0.2744140625 0.01611328125 0.020182291666666668
0 0.385498046875 0.2776692708333333 0.01904296875 0.035807291666666664
0 0.380126953125 0.3317057291666667 0.01904296875 0.020182291666666668
0 0.3759765625 0.421875 0.015625 0.0234375
0 0.39111328125 0.4173177083333333 0.01171875 0.016276041666666668
0 0.378662109375 0.4765625 0.0146484375 0.016927083333333332
0 0.34814453125 0.4521484375 0.009765625 0.01171875
0 0.319580078125 0.4427083333333333 0.02587890625 0.038411458333333336
0 0.333740234375 0.4495442708333333 0.01123046875 0.022786458333333332
0 0.335205078125 0.5074869791666666 0.013671875 0.01171875
0 0.369140625 0.51953125 0.0078125 0.01171875
0 0.386474609375 0.5618489583333334 0.0146484375 0.016927083333333332
0 0.4169921875 0.552734375 0.0146484375 0.017578125
0 0.4287109375 0.5169270833333334 0.0078125 0.013671875
0 0.407958984375 0.3971354166666667 0.02490234375 0.037760416666666664
0 0.483154296875 0.400390625 0.01708984375 0.027994791666666668
0 0.48681640625 0.453125 0.01171875 0.016927083333333332
0 0.549072265625 0.3610026041666667 0.01171875 0.012369791666666666
0 0.55712890625 0.3662109375 0.0126953125 0.018880208333333332
0 0.577392578125 0.3102213541666667 0.015625 0.013671875
0 0.587890625 0.3626302083333333 0.0126953125 0.026692708333333332
0 0.564697265625 0.529296875 0.015625 0.018880208333333332
0 0.557861328125 0.580078125 0.00830078125 0.022786458333333332
0 0.615966796875 0.5611979166666666 0.01171875 0.027994791666666668
0 0.60595703125 0.5654296875 0.00537109375 0.009765625
0 0.617919921875 0.65625 0.03515625 0.037760416666666664
0 0.614501953125 0.626953125 0.01025390625 0.022135416666666668
0 0.560791015625 0.7057291666666666 0.02001953125 0.035807291666666664
0 0.537841796875 0.69921875 0.013671875 0.022135416666666668
0 0.505859375 0.51171875 0.01708984375 0.026692708333333332
0 0.518798828125 0.4996744791666667 0.01513671875 0.026041666666666668
0 0.488037109375 0.505859375 0.02783203125 0.033203125
0 0.48291015625 0.5634765625 0.0224609375 0.027994791666666668
0 0.47021484375 0.4993489583333333 0.01171875 0.013020833333333334
0 0.44775390625 0.4677734375 0.01123046875 0.016927083333333332
0 0.442626953125 0.4899088541666667 0.00830078125 0.010416666666666666
0 0.44580078125 0.5833333333333334 0.01611328125 0.026041666666666668
0 0.514404296875 0.6155598958333334 0.01611328125 0.01953125
0 0.5166015625 0.5810546875 0.03271484375 0.059895833333333336
0 0.5087890625 0.7223307291666666 0.0146484375 0.020182291666666668
0 0.49658203125 0.6614583333333334 0.01318359375 0.03515625
0 0.486328125 0.6676432291666666 0.0166015625 0.029296875
0 0.477783203125 0.6910807291666666 0.01025390625 0.014973958333333334
0 0.4599609375 0.6962890625 0.0185546875 0.024739583333333332
0 0.441162109375 0.6774088541666666 0.01416015625 0.027994791666666668
0 0.447265625 0.7233072916666666 0.0146484375 0.016276041666666668
0 0.419677734375 0.6868489583333334 0.02880859375 0.015625
0 0.415283203125 0.6435546875 0.01025390625 0.013020833333333334
0 0.41259765625 0.583984375 0.01318359375 0.029947916666666668
0 0.3681640625 0.6243489583333334 0.02099609375 0.01953125
0 0.3603515625 0.6344401041666666 0.01904296875 0.021484375
0 0.35302734375 0.5882161458333334 0.01318359375 0.018229166666666668
0 0.340576171875 0.5634765625 0.01220703125 0.022135416666666668
0 0.322998046875 0.56640625 0.009765625 0.014973958333333334
0 0.305419921875 0.5576171875 0.02294921875 0.02734375
0 0.27001953125 0.5758463541666666 0.00732421875 0.011067708333333334
0 0.271240234375 0.6057942708333334 0.03271484375 0.057942708333333336
0 0.286865234375 0.5944010416666666 0.0126953125 0.020182291666666668
0 0.29931640625 0.658203125 0.0185546875 0.03125
0 0.291748046875 0.6917317708333334 0.01513671875 0.0234375
0 0.32373046875 0.6354166666666666 0.0224609375 0.024739583333333332
0 0.31591796875 0.607421875 0.02001953125 0.029296875
0 0.326904296875 0.6861979166666666 0.013671875 0.020833333333333332
0 0.310302734375 0.732421875 0.02099609375 0.030598958333333332
0 0.320556640625 0.7451171875 0.01025390625 0.027994791666666668
0 0.3203125 0.7802734375 0.0185546875 0.022786458333333332
0 0.3486328125 0.7649739583333334 0.015625 0.021484375
0 0.364501953125 0.759765625 0.017578125 0.021484375
0 0.365478515625 0.6904296875 0.0185546875 0.026692708333333332
0 0.3828125 0.7262369791666666 0.01904296875 0.022135416666666668
0 0.39599609375 0.7477213541666666 0.01171875 0.016276041666666668
0 0.38720703125 0.736328125 0.0146484375 0.01171875
0 0.40185546875 0.6998697916666666 0.01025390625 0.012369791666666666
0 0.413818359375 0.728515625 0.02001953125 0.028645833333333332
0 0.6142578125 0.748046875 0.017578125 0.026041666666666668
0 0.640380859375 0.7434895833333334 0.0234375 0.020182291666666668
0 0.605712890625 0.7721354166666666 0.0146484375 0.022135416666666668
0 0.591064453125 0.8111979166666666 0.01708984375 0.033203125
0 0.580810546875 0.8538411458333334 0.0166015625 0.033203125
0 0.556884765625 0.8567708333333334 0.0146484375 0.01953125
0 0.53759765625 0.7734375 0.01611328125 0.022786458333333332
0 0.546142578125 0.7584635416666666 0.02197265625 0.025390625
0 0.522705078125 0.8196614583333334 0.01025390625 0.018229166666666668
0 0.502197265625 0.8645833333333334 0.01708984375 0.022786458333333332
0 0.47607421875 0.8190104166666666 0.0107421875 0.028645833333333332
0 0.437255859375 0.8258463541666666 0.0185546875 0.029296875
0 0.43115234375 0.8824869791666666 0.0361328125 0.053385416666666664
0 0.3994140625 0.8284505208333334 0.02197265625 0.035807291666666664
0 0.374267578125 0.8860677083333334 0.0234375 0.033854166666666664
0 0.340576171875 0.837890625 0.01708984375 0.018880208333333332
0 0.301025390625 0.8248697916666666 0.0185546875 0.024088541666666668
0 0.29931640625 0.8466796875 0.0244140625 0.030598958333333332
0 0.284423828125 0.8753255208333334 0.015625 0.0234375
0 0.261474609375 0.8382161458333334 0.02587890625 0.042317708333333336
0 0.264892578125 0.8141276041666666 0.0078125 0.014973958333333334
0 0.2509765625 0.91015625 0.00634765625 0.010416666666666666
0 0.287353515625 0.9576822916666666 0.01806640625 0.029947916666666668
0 0.273681640625 0.966796875 0.01513671875 0.016927083333333332
0 0.324951171875 0.9547526041666666 0.021484375 0.037760416666666664
0 0.341796875 0.9453125 0.0185546875 0.030598958333333332
0 0.399169921875 0.9563802083333334 0.02197265625 0.0234375
0 0.402099609375 0.943359375 0.01220703125 0.016927083333333332
0 0.419921875 0.9176432291666666 0.01611328125 0.026692708333333332
0 0.516845703125 0.9925130208333334 0.02197265625 0.014973958333333334
0 0.42578125 0.96875 0.0390625 0.03515625
0 0.38427734375 0.4384765625 0.009765625 0.015625
0 0.336669921875 0.8098958333333334 0.01513671875 0.018229166666666668
0 0.377197265625 0.5846354166666666 0.01416015625 0.014322916666666666
0 0.596923828125 0.3961588541666667 0.0126953125 0.012369791666666666
0 0.609130859375 0.3232421875 0.01220703125 0.018229166666666668
0 0.616455078125 0.4111328125 0.013671875 0.022135416666666668