0 0.8000297619047618 0.36444113756613755 0.04078869047619049 0.051104497354497326
0 0.5010838293650793 0.42111441798941796 0.019697420634920526 0.023584656084656135
0 0.46559771825396823 0.33791666666666664 0.022073412698412676 0.03285714285714292
0 0.4121304563492063 0.5014484126984127 0.030555555555555558 0.022837301587301646
0 0.7790500992063492 0.5921858465608465 0.021567460317460263 0.029332010582010515
0 0.5057663690476191 0.6942559523809523 0.01972718253968253 0.02499338624338628
0 0.7071651785714286 0.7967691798941798 0.013673115079364973 0.017288359788359742
0 0.7018551587301587 0.6031216931216931 0.04544890873015883 0.05482804232804236
0 0.7804216269841269 0.6949999999999998 0.02252976190476197 0.03109457671957679
0 0.7632093253968254 0.3617956349206349 0.028722718253968216 0.018425925925925995
0 0.46869791666666666 0.6450132275132275 0.03298611111111116 0.046739417989417976
0 0.2892757936507936 0.397824074074074 0.02327380952380953 0.027744708994708933
0 0.6107564484126984 0.6414351851851852 0.029722222222222205 0.04811507936507938
0 0.34715277777777775 0.6201289682539682 0.02048859126984126 0.0264583333333334
0 0.5273759920634921 0.5982638888888888 0.019603174603174622 0.028379629629629626
0 0.4719990079365079 0.7882605820105818 0.01585317460317459 0.0157506613756615
0 0.48631696428571425 0.7040145502645503 0.02336309523809521 0.02230820105820097
0 0.8731349206349206 0.5484325396825397 0.015910218253968322 0.01526124338624335
0 0.2615104166666667 0.6342757936507936 0.023975694444444473 0.027695105820105887
0 0.521235119047619 0.32969576719576715 0.01688492063492064 0.014236111111111116
0 0.7505282738095238 0.702387566137566 0.015709325396825458 0.024808201058201067
0 0.889469246031746 0.7788789682539682 0.027683531746031775 0.03348544973544983
0 0.9424156746031745 0.4084325396825396 0.021309523809523778 0.025251322751322764
0 0.32808283730158727 0.7384193121693121 0.014253472222222174 0.015152116402116297
0 0.8402157738095237 0.7988492063492063 0.017437996031746117 0.012956349206349138
0 0.7697098214285714 0.5449603174603175 0.01727926587301587 0.022139550264550206
0 0.8446726190476189 0.7101917989417988 0.009516369047618989 0.015846560846560703
0 0.2300347222222222 0.6294047619047619 0.023117559523809506 0.03407407407407407
0 0.8850967261904762 0.41199404761904757 0.010429067460317354 0.008313492063492115
0 0.9315401785714285 0.7173611111111112 0.022098214285714235 0.019140211640211586
0 0.27738591269841273 0.5180357142857143 0.02165178571428572 0.022341269841269867
0 0.6363244047619047 0.583531746031746 0.009109623015872925 0.013998015873015893
0 0.4417212301587301 0.6551190476190475 0.01870287698412698 0.02012566137566137
0 0.7169791666666666 0.45547288359788357 0.015843253968254034 0.029031084656084616
0 0.550203373015873 0.6202380952380951 0.005396825396825289 0.015734126984127055
0 0.3971155753968254 0.7106283068783069 0.01710565476190473 0.020661375661375676
0 0.5913665674603173 0.6945833333333332 0.014156746031745993 0.024530423280423246
0 0.929141865079365 0.6895701058201058 0.029270833333333357 0.038683862433862494
0 0.9046974206349205 0.6873544973544973 0.019846230158730105 0.03562830687830676
0 0.3812772817460317 0.5652910052910053 0.01190724206349203 0.01779761904761908
0 0.34220734126984126 0.5409722222222222 0.008187003968254003 0.018144841269841283
0 0.1996924603174603 0.5633068783068783 0.012899305555555574 0.015152116402116445
0 0.28937003968253966 0.4604298941798941 0.012651289682539701 0.025757275132275066
0 0.23281001984126984 0.4063558201058201 0.010667162698412669 0.019467592592592602
0 0.45668898809523806 0.47814484126984125 0.006946924603174587 0.014804894179894243
0 0.550954861111111 0.5697916666666666 0.010419146825396908 0.02070767195767198
0 0.5840724206349206 0.491875 0.011659226190476213 0.01976190476190472
0 0.6361656746031745 0.5178472222222222 0.00917906746031738 0.020076058201058178
0 0.7419667658730159 0.52380291005291 0.010915178571428541 0.011471560846560832
0 0.8585565476190475 0.673776455026455 0.007938988095238075 0.014497354497354564
0 0.8227108134920634 0.6436673280423281 0.011659226190476213 0.015175264550264522
0 0.783516865079365 0.6478042328042327 0.0071949404761904034 0.01219576719576724
0 0.9445114087301587 0.783449074074074 0.017611607142857144 0.013449074074074177
0 0.9634895833333332 0.7907275132275132 0.007938988095238075 0.011461640211640164
0 0.8942782738095237 0.7412665343915344 0.012403273809523885 0.009837962962963095
0 0.5877926587301587 0.7879133597883597 0.012651289682539701 0.01642857142857146
0 0.5338392857142857 0.778151455026455 0.012403273809523885 0.011471560846560832
0 0.5485987103174602 0.7702149470899471 0.0161235119047618 0.011021825396825355
0 0.4493725198412698 0.7601223544973545 0.011163194444444469 0.015119047619047699
0 0.49724950396825396 0.7457308201058201 0.008187003968253892 0.013472222222222108
0 0.47777529761904763 0.7238921957671959 0.013891369047619007 0.019441137566137634
0 0.43436507936507934 0.76260582010582 0.014883432539682495 0.0180919312169312
0 0.3734647817460317 0.7721990740740741 0.01612351190476191 0.022056878306878264
0 0.40546378968253965 0.7999933862433862 0.009179067460317492 0.016746031746031658
0 0.3943005952380952 0.7968518518518518 0.011163194444444469 0.01045965608465623
0 0.34233134920634917 0.7862665343915344 0.006946924603174587 0.012447089947089948
0 0.356594742063492 0.7713756613756613 0.01612351190476191 0.02238425925925913
0 0.2788268849206349 0.7588062169312169 0.01190724206349203 0.019738756613756497
0 0.2888740079365079 0.7227414021164021 0.013147321428571446 0.016455026455026573
0 0.19510416666666663 0.7472255291005291 0.00967509920634918 0.014451058201058112
0 0.2398809523809524 0.7338260582010582 0.008931051587301564 0.013465608465608328
0 0.21842261904761903 0.7055390211640211 0.007690972222222203 0.01381613756613742
0 0.25860863095238096 0.5634953703703703 0.0071949404761905145 0.012129629629629601
0 0.2520362103174603 0.49682870370370374 0.009923115079365052 0.011177248677248711
0 0.27138392857142857 0.5352083333333333 0.010419146825396797 0.013141534391534352
0 0.8931324404761904 0.31953373015873016 0.011842757936507908 0.018260582010582043
0 0.9102728174603174 0.32826388888888886 0.009347718253968296 0.01576388888888891
0 0.8122643849206349 0.325353835978836 0.009660218253968234 0.009947089947089927
0 0.818048115079365 0.40923280423280417 0.027757936507936565 0.0356779100529101
0 0.3710168650793651 0.3148015873015873 0.022113095238095237 0.02575066137566136
0 0.6246329365079365 0.36200396825396824 0.012648809523809534 0.01804232804232801
0 0.9448189484126984 0.6865509259259258 0.013531746031746117 0.015294312169312244
0 0.8394618055555555 0.7881117724867724 0.015409226190476133 0.014692460317460446
0 0.6990897817460318 0.6445767195767196 0.016063988095238013 0.023240740740740673
0 0.5820089285714285 0.7445304232804233 0.017455357142857064 0.023812830687830615
0 0.5436855158730158 0.6227116402116402 0.010892857142857038 0.01293981481481484
0 0.4284598214285714 0.7076818783068783 0.019112103174603212 0.024692460317460235
0 0.1800719246031746 0.3874272486772486 0.011334325396825384 0.01315145502645502