0 0.3545833333333333 0.5305902777777778 0.04305224867724874 0.03562996031746035
0 0.27313161375661377 0.6605753968253968 0.04528439153439153 0.03390376984126986
0 0.27152777777777776 0.7566517857142857 0.025995370370370363 0.02353670634920646
0 0.28804232804232804 0.9198983134920635 0.028518518518518537 0.026644345238095335
0 0.38281084656084646 0.2479662698412698 0.04718253968253968 0.032212301587301595
0 0.27406746031746027 0.7113392857142856 0.0423445767195767 0.03659722222222217
0 0.5299603174603175 0.30114335317460317 0.03158068783068776 0.02482886904761905
0 0.32610119047619046 0.36593998015873014 0.0468187830687831 0.052455357142857095
0 0.36821759259259257 0.3829191468253968 0.03384589947089944 0.024875992063492114
0 0.26878306878306873 0.33290426587301586 0.03427910052910055 0.022646329365079376
0 0.705515873015873 0.4107911706349206 0.03637235449735451 0.0249280753968254
0 0.5637400793650793 0.47787946428571426 0.03306216931216932 0.02798363095238099
0 0.7123544973544972 0.38596974206349205 0.034262566137566175 0.031969246031746
0 0.7169808201058201 0.45086061507936503 0.02498346560846561 0.027480158730158744
0 0.3512037037037037 0.7332614087301588 0.02915013227513234 0.02629464285714289
0 0.5246395502645502 0.3627628968253968 0.026941137566137623 0.02372271825396821
0 0.6448842592592593 0.3092013888888889 0.06477513227513221 0.05829117063492062
0 0.5623280423280422 0.7931969246031746 0.039497354497354475 0.02740079365079362
0 0.40696759259259263 0.8835218253968253 0.027691798941799 0.028000992063492047
0 0.7021395502645502 0.6687698412698413 0.01446759259259256 0.016564980158730203
0 0.722473544973545 0.6712624007936508 0.021703042328042283 0.018705357142857038
0 0.32141534391534393 0.7148387896825397 0.029381613756613707 0.031091269841269753
0 0.4175628306878307 0.3638938492063492 0.05117394179894186 0.03203373015873012
0 0.43824735449735447 0.24872023809523808 0.06423941798941805 0.04993551587301581
0 0.27138227513227514 0.24837301587301588 0.05460317460317462 0.04312003968253969
0 0.30754960317460317 0.27497271825396824 0.033601190476190444 0.021287202380952386
0 0.4599272486772486 0.21388392857142857 0.034067460317460295 0.023147321428571455
0 0.565866402116402 0.25642857142857145 0.05460317460317462 0.02912946428571428
0 0.5721660052910053 0.2854786706349206 0.048535052910052855 0.042981150793650835
0 0.5548974867724867 0.3175173611111111 0.02986772486772482 0.022304067460317434
0 0.679970238095238 0.43109375 0.038267195767195616 0.0338640873015873
0 0.5628306878306878 0.42059027777777774 0.03266865079365081 0.02406746031746032
0 0.5994675925925925 0.4554290674603174 0.017268518518518555 0.011790674603174622
0 0.6074007936507936 0.44300595238095236 0.013535052910052858 0.015161210317460316
0 0.48629298941798943 0.45648313492063486 0.02426917989417987 0.017621527777777812
0 0.31618386243386243 0.536453373015873 0.035935846560846585 0.03264880952380955
0 0.2912169312169312 0.4412276785714285 0.03266865079365081 0.029107142857142887
0 0.3164186507936508 0.5749578373015872 0.060671296296296306 0.04245287698412703
0 0.3292526455026455 0.618702876984127 0.034067460317460295 0.020739087301587356
0 0.3164186507936508 0.6810193452380952 0.033601190476190444 0.035463789682539604
0 0.3712533068783069 0.7081522817460317 0.03220238095238089 0.019724702380952364
0 0.4027546296296296 0.6034771825396824 0.02893518518518512 0.04839037698412696
0 0.44265873015873014 0.6748933531746032 0.02660052910052905 0.029511408730158672
0 0.45409060846560845 0.6999032738095238 0.034533730158730215 0.02337301587301588
0 0.3049834656084656 0.7707886904761905 0.02753637566137564 0.023891369047619015
0 0.290515873015873 0.8583110119047619 0.04433531746031746 0.03653025793650788
0 0.348151455026455 0.77953125 0.030800264550264522 0.02667906746031745
0 0.39552248677248675 0.7567757936507936 0.035935846560846585 0.03856894841269831
0 0.38105489417989413 0.7965029761904762 0.03220238095238089 0.03738343253968246
0 0.3733531746031746 0.7837326388888889 0.02426917989417987 0.021780753968253963
0 0.402989417989418 0.8057862103174602 0.024735449735449794 0.01672123015873006
0 0.57823082010582 0.7272073412698412 0.043869047619047606 0.03333581349206338
0 0.6137003968253968 0.748204365079365 0.0420039682539682 0.03037450396825392
0 0.7210416666666665 0.739813988095238 0.026134259259259274 0.031245039682539666
0 0.6634027777777778 0.7531150793650793 0.019133597883597808 0.015146329365079314
0 0.6209358465608465 0.8355381944444443 0.02846891534391534 0.02248759920634913
0 0.7191732804232805 0.884908234126984 0.025201719576719423 0.024618055555555518
0 0.5226951058201058 0.9053844246031746 0.02893518518518512 0.025667162698412627
0 0.41279100529100526 0.8428844246031746 0.0648710317460317 0.03997767857142853
0 0.4267890211640211 0.8638814484126984 0.03873677248677243 0.02373263888888899
0 0.3719543650793651 0.8829637896825396 0.04106812169312176 0.030530753968254
0 0.38665343915343914 0.9102653769841269 0.041534391534391535 0.028273809523809534
0 0.37942129629629623 0.9626165674603174 0.0420039682539682 0.026029265873015905
0 0.4256249999999999 0.9626091269841269 0.03173611111111111 0.021589781746031766
0 0.2597156084656084 0.9746974206349206 0.025667989417989423 0.027085813492063515
0 0.693039021164021 0.9650669642857143 0.01866732804232818 0.008973214285714182
0 0.64380291005291 0.6069717261904761 0.013535052910052858 0.009873511904761934
0 0.6480026455026454 0.5551512896825396 0.017268518518518555 0.011242559523809481
0 0.6148677248677248 0.5910491071428572 0.04247023809523812 0.027036210317460396
0 0.5744973544973545 0.592626488095238 0.03826719576719576 0.028087797619047672
0 0.4676256613756613 0.5399404761904761 0.051335978835978846 0.02422371031746029
0 0.4729927248677248 0.5145659722222222 0.041534391534391535 0.02877728174603167
0 0.42445767195767187 0.5129885912698412 0.015400132275132261 0.01582093253968253
0 0.4141898148148148 0.5467757936507937 0.010734126984127013 0.01619047619047609
0 0.5121957671957672 0.5390897817460317 0.030333994708994744 0.022522321428571468
0 0.5520965608465608 0.5508184523809524 0.01773478835978833 0.009573412698412609
0 0.6323677248677249 0.3537475198412698 0.06067129629629623 0.03265624999999994
0 0.32388558201058193 0.2968576388888889 0.03920304232804236 0.021785714285714297
0 0.35328703703703696 0.31312996031746027 0.06160383597883593 0.033874007936507966
0 0.7211706349206349 0.5007837301587301 0.02310846560846554 0.026202876984126933
0 0.588204365079365 0.5481150793650793 0.030929232804232765 0.030208333333333393
0 0.6410019841269842 0.543313492063492 0.02915343915343908 0.027003968253968225
0 0.46875 0.4841121031746032 0.014576719576719613 0.013658234126984081
0 0.48920634920634914 0.3415525793650794 0.024940476190476197 0.014067460317460312
0 0.4499404761904761 0.3832142857142857 0.018551587301587347 0.010820932539682526
0 0.24207671957671953 0.34116567460317454 0.012986111111111143 0.00865575396825402
0 0.2631018518518518 0.4175297619047619 0.009685846560846553 0.0061830357142856895
0 0.26537037037037037 0.5637673611111111 0.020403439153439118 0.012676091269841372
0 0.37543320105820105 0.5572743055555555 0.010922619047619117 0.010820932539682637
0 0.4095436507936508 0.6581398809523809 0.01772486772486766 0.012522321428571459
0 0.48003306878306873 0.7322643849206348 0.03009259259259256 0.017313988095237987
0 0.5162070105820106 0.7614012896825396 0.012986111111111143 0.011594742063492092
0 0.5302215608465609 0.7767063492063492 0.011749338624338653 0.011284722222222321
0 0.5145568783068782 0.8052256944444445 0.013396164021163948 0.012676091269841372
0 0.6849107142857144 0.6718204365079365 0.013604497354497388 0.010820932539682637
0 0.4006812169312169 0.550704365079365 0.009480820105820076 0.007884424603174622
0 0.6289484126984127 0.23450396825396824 0.01628306878306877 0.0105109126984127
0 0.2679431216931217 0.2859672619047619 0.021183862433862426 0.012433035714285667
0 0.4039186507936508 0.29968253968253966 0.020261243386243393 0.010262896825396828
0 0.42622023809523807 0.29060515873015874 0.01644510582010576 0.014012896825396859
0 0.4010251322751323 0.20503968253968252 0.018111772486772537 0.011500496031746021
0 0.3653968253968254 0.23359375 0.020621693121693152 0.012690972222222208
0 0.5291236772486773 0.26076140873015874 0.011236772486772425 0.00912202380952376
0 0.5167625661375661 0.21946676587301586 0.012691798941798874 0.0074355158730158855
0 0.6750694444444445 0.27360119047619047 0.016259920634920693 0.013187003968254007
0 0.7001223544973545 0.3479117063492063 0.019302248677248574 0.014278273809523845
0 0.7240509259259259 0.3754265873015873 0.01797949735449726 0.010411706349206296
0 0.6616534391534391 0.3984796626984127 0.01586309523809515 0.012690972222222263
0 0.714728835978836 0.33492559523809523 0.012294973544973628 0.00912202380952376
0 0.697609126984127 0.299280753968254 0.012956349206349138 0.00822916666666662
0 0.7190277777777778 0.26844494047619044 0.016392195767195677 0.014179067460317496
0 0.7262301587301586 0.25887648809523806 0.016259920634920693 0.009518849206349156
0 0.724646164021164 0.23865079365079364 0.011501322751322837 0.007733134920634932
0 0.6844576719576719 0.3681894841269841 0.010443121693121782 0.006443452380952341
0 0.6285383597883597 0.4755183531746031 0.012824074074074007 0.0077331349206348765
0 0.7116898148148149 0.5751612103174604 0.018640873015873066 0.013484623015872943
0 0.7056746031746032 0.6328670634920635 0.013485449735449665 0.011500496031745966
0 0.6295932539682539 0.7031622023809524 0.017053571428571484 0.008725198412698365
0 0.7118584656084656 0.9446676587301587 0.012199074074074131 0.013204365079365177
0 0.5120238095238094 0.9517336309523808 0.02084986772486778 0.016909722222222312
0 0.4294775132275132 0.9458258928571428 0.017913359788359767 0.01621527777777776
0 0.34747354497354493 0.9267733134920635 0.020076058201058178 0.009846230158730096
0 0.3385185185185185 0.8858854166666665 0.0197685185185185 0.022817460317460236
0 0.32083333333333336 0.894516369047619 0.018376322751322727 0.018067956349206327
0 0.31542989417989414 0.8840327380952381 0.009110449735449722 0.008918650793650729
0 0.25944775132275133 0.8333010912698412 0.013280423280423262 0.01123511904761898
0 0.32515873015873015 0.8483010912698412 0.013743386243386224 0.011118551587301573
0 0.3317228835978836 0.8280902777777778 0.02069444444444442 0.014015376984126915
0 0.42291666666666666 0.8305233134920634 0.01343584656084662 0.014940476190476115
0 0.4394411375661375 0.8242088293650793 0.018687169312169367 0.014362599206349191
0 0.48978505291005286 0.8717559523809524 0.011273148148148207 0.012624007936507864
0 0.454265873015873 0.7418576388888889 0.0183763227513228 0.011812996031746126
0 0.34114417989417983 0.745969742063492 0.01235449735449734 0.01146577380952385
0 0.24238425925925924 0.683829365079365 0.014672619047619037 0.010424107142857242
0 0.2460119047619048 0.6357638888888889 0.017913359788359767 0.010424107142857242
0 0.24006613756613757 0.5528323412698413 0.012817460317460302 0.010424107142857242
0 0.28708994708994706 0.5172743055555555 0.012972883597883586 0.011812996031746126
0 0.2958167989417989 0.38668154761904755 0.017142857142857126 0.015868055555555594
0 0.31164682539682537 0.3825694444444444 0.018839285714285687 0.009729662698412689
0 0.29643518518518513 0.34996527777777775 0.016524470899470883 0.012624007936507975
0 0.24655092592592595 0.2418998015873016 0.010965608465608456 0.013087797619047603
0 0.34284060846560843 0.23425595238095237 0.0197685185185185 0.012393353174603161
0 0.5842989417989418 0.4044593253968254 0.007566137566137628 0.008802083333333321
0 0.6070006613756613 0.6291021825396825 0.017761243386243446 0.007991071428571361
0 0.6046064814814814 0.6524404761904761 0.013280423280423262 0.009265873015873005
0 0.7184226190476192 0.8338244047619047 0.011736111111111095 0.01135168650793661
0 0.6809722222222222 0.7702356150793651 0.012199074074074131 0.007643849206349307
0 0.6971097883597883 0.8879141865079365 0.012662037037037166 0.009265873015873005
0 0.7149470899470899 0.8484176587301587 0.007876984126984196 0.008571428571428674
0 0.6361011904761904 0.9579588293650793 0.010767195767195759 0.012269345238095308
0 0.4833928571428571 0.9164930555555556 0.014289021164021124 0.00854166666666667
0 0.25054894179894177 0.8790674603174603 0.0144940476190476 0.010404265873015905
0 0.4966236772486772 0.4064880952380952 0.015572089947089918 0.008343253968253972
0 0.470188492063492 0.4299429563492063 0.020221560846560866 0.0165426587301587
0 0.5090509259259258 0.44973710317460314 0.016018518518518505 0.01516617063492065
0 0.43420965608465606 0.42216517857142855 0.014966931216931231 0.016741071428571397
0 0.5726025132275132 0.5057688492063491 0.01707010582010578 0.010240575396825324
0 0.6000429894179894 0.5256622023809523 0.014705687830687856 0.010240575396825324
0 0.5219212962962962 0.6692385912698412 0.018644179894179953 0.0165426587301587
0 0.5454232804232804 0.7378769841269841 0.015231481481481493 0.010044642857142794
0 0.48292328042328037 0.8010962301587301 0.012605820105820046 0.012802579365079447
0 0.5582903439153438 0.6336904761904761 0.014179894179894218 0.013983134920634965
0 0.37932870370370364 0.5844518849206349 0.014966931216931231 0.01083333333333325
0 0.6909854497354497 0.6272073412698412 0.013207671957671844 0.01727926587301587